200 4000 5
104 148 7
97 89 43
139 130 58
126 34 8
168 66 98
24 127 19
36 138 97
116 86 44
92 183 2
8 104 74
158 7 21
17 55 62
61 145 91
19 71 76
179 190 41
178 165 20
149 1 57
146 68 94
91 159 76
145 119 31
19 76 37
193 92 43
55 104 88
198 75 10
175 53 51
168 182 16
40 131 16
49 28 35
144 118 45
172 63 63
104 33 38
193 25 82
137 31 37
177 29 11
39 155 16
90 74 97
106 114 27
74 162 55
61 57 24
7 29 38
70 132 71
161 76 47
143 164 78
132 140 58
44 130 64
160 20 37
57 77 2
37 151 16
44 11 72
168 169 52
59 39 35
30 199 11
129 93 74
107 24 66
65 67 95
129 178 14
19 187 91
21 23 93
89 66 55
62 185 24
14 43 14
50 24 12
113 153 4
187 11 79
153 28 98
49 156 75
115 126 13
106 99 35
151 187 52
159 200 89
135 166 83
149 167 7
161 79 11
17 65 21
96 170 48
194 18 56
22 84 33
35 142 31
23 92 70
27 2 69
16 136 34
152 84 0
111 196 30
22 164 95
95 60 16
196 5 85
52 178 68
185 13 9
169 187 53
139 13 54
108 181 90
195 132 25
47 194 73
178 15 36
125 109 47
41 104 52
126 107 81
94 44 45
156 12 31
109 102 96
63 161 76
105 155 59
183 2 52
56 131 18
44 55 78
92 95 34
96 172 40
77 17 35
23 172 98
106 80 99
2 95 60
78 151 66
189 133 67
93 140 97
11 184 3
190 27 49
24 122 20
116 150 37
52 172 8
150 78 40
102 79 34
62 109 36
128 49 21
148 142 60
97 104 95
101 93 21
150 68 94
123 136 44
160 139 67
168 40 44
160 141 75
46 154 35
83 82 35
4 181 76
16 29 80
164 81 24
185 31 44
80 105 79
76 64 17
43 183 56
40 143 49
67 188 2
2 22 35
89 25 15
166 193 96
98 156 76
74 92 58
118 123 62
49 198 25
118 41 60
27 32 2
76 98 41
30 51 63
66 139 39
33 56 83
29 153 38
106 179 82
116 96 4
79 97 2
56 14 94
16 192 77
70 67 74
112 49 76
127 114 14
118 98 70
102 75 91
136 53 25
51 101 30
129 197 84
185 162 30
152 154 7
22 172 33
85 20 9
11 85 23
80 183 45
133 61 20
125 196 72
2 46 24
32 127 20
68 63 82
198 14 87
157 35 58
90 119 30
199 81 14
175 161 48
120 93 8
92 169 55
117 171 53
41 154 79
162 22 41
196 19 54
135 128 41
45 17 59
175 16 40
142 53 89
61 51 4
114 158 20
36 111 60
189 142 73
10 35 20
181 142 6
108 83 51
124 94 77
91 186 18
184 38 60
197 135 62
101 200 71
121 35 82
133 23 75
59 185 10
131 165 51
138 24 85
141 99 78
118 142 64
189 125 53
101 121 87
63 21 86
134 93 72
68 178 47
144 36 31
54 166 47
57 55 22
142 195 20
120 113 61
36 101 38
142 1 58
29 15 79
68 100 23
140 168 0
139 63 35
122 68 53
69 124 59
143 17 54
164 88 18
77 124 70
115 17 22
26 45 88
5 64 87
180 156 6
181 94 68
168 16 87
121 36 62
33 179 78
139 94 66
157 122 41
179 189 57
1 14 53
189 170 17
28 149 72
35 129 17
55 97 84
143 169 20
105 153 50
36 91 95
102 47 68
195 25 56
104 177 69
57 117 38
26 145 39
198 131 67
168 185 15
152 79 36
124 136 88
74 171 79
21 24 77
90 170 54
98 73 30
168 129 99
158 155 43
49 104 25
69 23 61
184 175 92
172 98 27
113 124 49
144 96 24
21 185 93
27 35 17
10 154 45
109 111 51
104 112 7
29 180 29
42 115 55
134 87 53
113 199 28
62 94 23
186 114 60
31 93 94
148 102 47
146 10 9
49 65 20
56 93 99
38 86 66
193 20 52
198 132 2
78 146 47
54 83 60
14 114 52
160 13 5
107 158 14
68 159 30
141 166 74
192 3 60
158 148 79
162 97 62
116 127 7
163 180 90
76 145 55
80 104 67
186 162 77
52 29 35
183 169 52
157 161 55
17 70 54
48 32 2
11 147 28
70 110 7
12 137 51
67 16 6
87 1 67
16 53 48
103 187 16
155 143 28
162 160 98
116 159 81
119 121 79
199 191 88
107 2 76
110 21 92
17 59 92
36 74 96
84 128 82
101 34 77
181 196 88
131 63 46
112 133 67
192 132 9
132 190 10
9 99 82
53 67 40
145 103 65
194 186 44
28 38 78
5 171 25
45 101 87
92 165 20
11 108 3
120 191 92
182 151 42
65 3 61
5 100 15
123 45 0
167 72 90
197 29 60
22 73 12
110 116 28
82 126 35
185 197 78
29 179 28
123 43 83
84 199 82
99 121 26
52 40 49
42 36 77
154 58 2
118 119 17
47 200 95
34 136 91
12 116 69
93 38 11
176 122 62
110 172 82
88 23 73
137 16 9
167 121 18
69 191 36
86 37 87
181 22 74
25 186 89
94 78 26
158 5 99
20 66 23
154 153 97
128 41 13
89 7 85
59 75 75
147 113 63
34 45 85
160 69 70
49 115 99
127 72 55
79 91 20
2 44 24
99 123 64
164 11 23
150 69 97
77 167 61
41 200 58
26 111 78
148 159 92
147 86 63
54 164 53
74 117 49
150 15 71
114 179 82
37 80 2
187 156 69
200 196 20
58 173 31
89 120 41
81 18 78
145 71 93
50 96 9
199 45 24
71 111 54
105 99 33
159 37 88
180 37 84
1 46 56
84 134 28
125 167 45
4 111 68
197 112 63
59 111 60
183 133 22
37 189 20
170 147 9
10 127 97
94 79 94
103 162 28
31 38 46
128 157 95
190 20 11
48 130 71
182 14 93
18 2 65
139 101 26
148 179 23
194 57 18
96 99 77
7 145 4
48 53 52
189 72 63
36 154 34
17 119 79
186 121 44
76 173 71
175 151 46
168 7 64
15 176 14
44 182 10
1 181 62
53 121 86
16 156 39
102 124 57
81 61 29
77 88 53
100 63 3
147 182 61
163 197 88
30 40 22
40 55 2
44 176 88
59 131 79
160 7 88
192 19 70
69 107 23
120 169 79
18 150 92
133 98 81
162 90 3
1 81 9
55 125 84
43 135 67
174 47 25
15 38 43
85 58 49
60 130 69
91 147 71
184 79 68
65 40 9
20 191 28
47 67 65
42 153 32
15 199 57
181 189 0
17 198 2
77 127 71
119 26 94
102 104 63
118 96 24
137 88 66
118 86 84
83 127 37
67 94 35
76 74 75
128 91 73
130 119 51
154 37 76
148 139 32
163 56 79
88 145 18
106 14 3
191 48 30
28 66 23
15 141 48
191 68 38
116 109 66
55 146 95
2 36 79
117 43 58
156 139 76
61 152 79
51 199 61
30 16 84
45 156 33
187 176 23
102 125 84
20 179 29
167 132 16
46 200 10
104 155 49
180 168 0
112 170 51
73 200 66
110 44 74
95 182 49
118 35 25
2 54 55
183 173 38
151 18 38
162 145 10
5 163 15
34 166 40
33 185 49
28 111 43
161 60 12
195 85 66
200 192 0
172 30 51
190 165 14
165 75 18
180 189 34
13 107 26
197 43 75
176 153 70
136 164 34
130 101 29
191 2 52
20 5 41
40 169 7
156 195 26
135 113 99
41 139 47
83 166 23
187 136 58
150 22 40
149 123 21
139 76 73
111 32 67
150 200 74
57 146 0
143 80 12
194 73 2
42 107 67
65 94 54
175 195 28
167 144 50
88 34 77
62 144 8
29 45 59
3 53 56
156 196 87
68 141 59
23 182 18
142 198 11
149 173 57
177 139 52
79 179 86
56 40 29
16 68 26
127 22 78
183 177 25
70 197 66
182 19 47
200 112 97
63 60 21
120 36 11
73 114 89
59 121 28
140 136 47
18 14 69
149 196 97
74 18 93
92 151 63
140 150 75
89 12 34
10 83 70
21 107 35
11 165 56
191 57 43
39 26 57
60 174 4
57 48 73
51 139 23
166 30 72
41 70 35
176 79 70
98 100 76
85 110 93
193 100 1
37 90 26
46 149 0
2 158 99
176 160 89
51 125 71
76 166 40
111 93 19
181 171 9
26 32 2
19 83 3
7 173 29
4 73 81
5 30 80
132 141 22
183 66 93
58 183 85
120 27 4
53 168 74
162 158 63
163 41 66
121 13 47
124 37 29
81 19 61
12 159 83
146 176 76
3 110 62
75 136 18
127 103 45
88 48 2
3 162 42
21 35 6
68 158 43
197 190 61
59 2 19
194 147 47
71 102 56
185 176 92
55 54 46
52 93 93
55 95 7
49 42 55
182 51 30
141 112 40
94 83 33
40 156 92
87 92 19
31 147 24
77 198 16
171 4 10
130 5 76
171 60 10
121 110 40
61 173 32
154 55 65
146 85 73
190 123 64
162 153 62
186 29 12
103 151 15
65 80 19
142 2 30
104 75 91
196 87 63
28 193 18
145 90 54
18 79 28
135 192 80
197 178 60
9 32 11
177 48 42
148 141 96
179 44 70
70 39 56
134 18 48
4 163 37
158 180 68
138 114 11
118 63 40
78 71 71
141 199 71
36 147 11
132 125 7
54 146 97
110 79 15
111 34 77
200 143 8
168 80 74
80 149 36
72 179 58
144 119 57
167 106 3
178 189 79
137 42 24
135 152 55
150 14 88
79 13 83
139 133 62
113 12 11
101 35 89
160 178 59
169 96 17
124 26 5
3 148 26
96 51 33
197 64 74
27 76 57
166 8 71
78 171 82
131 6 23
42 135 35
10 31 52
133 56 57
87 17 56
113 65 6
147 13 69
21 40 45
30 157 52
101 186 75
136 116 80
111 157 14
146 166 44
50 52 59
136 21 15
1 85 22
99 49 43
71 40 88
100 196 93
200 182 68
87 97 0
198 54 14
143 171 11
145 173 62
4 108 82
19 108 18
193 158 19
37 28 58
177 127 54
70 79 87
190 136 89
162 189 56
57 112 67
1 84 81
156 143 16
126 3 34
119 160 5
107 188 64
83 66 70
105 144 57
94 61 92
36 174 33
192 182 96
111 182 31
92 89 73
108 15 75
195 188 99
191 127 15
25 192 85
129 88 94
175 100 39
10 73 24
153 55 20
63 188 51
106 77 24
14 53 59
127 192 10
69 118 26
93 109 63
22 148 10
148 47 49
157 120 73
61 126 45
123 113 96
28 141 72
193 135 76
104 61 67
15 81 84
193 174 45
108 147 92
118 94 39
19 2 10
44 62 35
89 136 99
85 163 92
10 108 26
186 163 87
106 129 67
190 121 92
87 181 38
180 50 83
71 69 84
33 64 97
120 153 32
119 189 47
11 198 6
190 169 28
41 98 47
182 170 40
69 31 99
152 115 21
172 151 53
35 49 24
187 33 42
128 180 5
77 186 94
12 155 22
4 122 37
173 162 5
75 193 56
26 59 29
197 161 34
183 161 58
122 194 52
49 125 57
125 111 3
137 17 77
92 20 99
29 144 12
186 18 56
94 43 66
23 191 27
157 174 87
15 95 80
68 143 5
77 19 67
33 107 35
162 199 6
13 27 49
26 13 19
134 106 61
101 81 4
28 78 66
4 124 99
23 18 4
51 36 23
83 143 10
197 93 16
9 119 17
186 83 36
120 141 50
20 21 54
199 9 83
65 164 58
164 186 75
20 37 62
95 71 56
5 67 48
121 28 19
139 2 74
132 94 76
103 66 30
101 75 65
166 190 23
81 176 98
101 164 61
195 186 69
200 5 18
72 32 37
162 196 90
189 80 84
65 182 49
96 83 75
61 200 17
37 93 34
132 8 47
127 145 17
78 149 87
101 132 24
63 128 14
51 7 50
115 188 52
162 80 74
21 197 10
53 41 96
184 200 96
62 145 65
91 93 52
192 177 28
6 104 94
8 62 45
74 1 49
36 23 28
162 195 77
124 47 69
20 183 69
68 44 13
33 87 57
137 78 33
65 35 88
112 42 49
9 115 50
58 102 24
138 63 18
167 186 17
37 158 99
106 25 94
119 10 32
128 146 9
162 163 95
2 74 36
152 82 51
54 91 52
178 28 67
48 147 52
165 183 61
16 88 86
63 158 95
195 93 56
198 7 51
200 32 88
151 65 91
156 155 95
133 135 62
180 81 67
97 63 28
112 102 14
126 59 61
121 95 6
77 93 12
28 44 96
168 146 60
59 101 67
107 164 33
36 12 47
165 124 48
31 49 58
45 121 52
151 197 96
15 177 39
111 144 84
24 155 84
91 61 68
44 129 84
77 117 95
76 33 70
24 63 19
134 107 91
186 9 88
83 24 64
174 86 59
59 109 65
43 199 25
164 42 6
48 70 74
143 145 6
114 120 68
85 53 27
176 191 87
16 25 10
32 198 48
192 8 56
9 51 7
135 149 92
13 171 66
155 67 72
20 187 92
104 191 71
32 133 59
47 157 21
79 107 69
22 114 78
30 116 85
116 81 85
160 45 7
126 152 74
150 171 12
95 27 2
18 10 87
129 56 95
51 86 1
172 59 67
2 41 82
139 108 15
25 68 59
184 145 62
58 47 33
70 141 11
25 110 20
112 39 27
107 41 65
161 164 23
128 166 15
162 104 23
77 80 42
189 64 86
51 121 32
36 143 24
47 167 86
19 30 24
47 136 16
64 96 79
139 175 96
55 137 0
30 165 31
72 105 94
10 156 67
195 143 61
71 142 27
57 160 56
33 158 43
49 21 91
181 160 65
77 14 1
29 195 18
61 18 22
107 27 77
74 173 72
135 44 13
114 52 72
122 85 30
66 85 2
57 17 61
174 94 26
76 121 93
134 138 15
41 117 45
66 18 52
132 83 65
136 155 39
20 137 4
56 140 12
73 101 85
118 28 12
191 100 57
77 38 25
69 106 22
134 194 91
86 78 73
104 13 27
43 184 16
199 39 55
163 63 7
148 132 86
113 187 69
151 176 46
19 169 51
26 160 89
103 33 44
115 13 38
98 129 36
89 199 50
195 98 82
82 162 56
20 84 58
147 30 76
179 151 79
4 110 20
59 95 64
173 107 2
23 187 90
111 74 40
13 68 38
47 149 51
155 120 34
13 66 64
89 44 14
21 200 75
141 58 69
106 182 27
60 4 65
3 66 38
143 31 58
181 77 58
133 79 18
44 96 34
85 92 48
105 91 76
197 148 97
54 81 25
114 85 42
116 102 33
58 132 91
191 9 1
75 192 79
193 187 27
128 23 18
28 127 8
156 124 7
54 177 87
131 42 23
125 26 57
119 157 0
61 117 2
135 108 33
79 47 60
158 69 78
138 148 38
45 23 45
98 151 33
180 193 56
105 53 33
62 171 90
15 183 6
17 69 66
50 148 12
163 57 80
141 146 79
132 191 1
177 40 52
62 20 44
119 124 48
152 137 19
94 151 53
153 167 22
119 169 21
83 78 14
175 176 94
106 166 95
83 157 47
144 176 43
14 99 92
118 36 63
163 169 14
105 185 24
112 19 6
190 134 80
117 180 86
34 27 20
190 75 15
166 170 29
16 14 98
51 129 60
189 98 27
45 188 11
21 100 30
127 41 15
159 109 94
97 142 20
117 131 46
185 96 68
114 112 81
64 114 62
24 54 11
51 50 98
15 70 49
45 148 41
112 107 49
6 155 42
126 24 73
25 8 20
93 73 83
126 136 49
88 111 2
99 114 4
50 80 73
51 76 21
93 187 79
194 192 33
37 69 56
162 45 15
182 137 87
18 63 74
167 102 37
121 1 50
125 2 29
151 52 56
172 144 42
3 90 33
188 126 53
45 87 98
12 20 86
100 37 48
26 155 50
63 76 2
165 152 3
146 102 54
2 25 50
44 27 91
29 169 82
11 7 32
22 26 18
73 15 67
99 169 69
161 44 23
78 196 78
23 97 84
25 122 34
68 97 13
146 179 75
152 111 97
178 29 21
144 148 19
112 169 32
108 92 9
55 70 31
103 155 55
176 41 75
76 172 40
164 102 16
68 164 65
197 192 86
140 92 58
3 12 90
110 104 51
164 125 34
67 31 42
42 72 17
69 42 40
10 157 41
26 24 4
91 20 47
29 111 90
187 114 2
29 23 57
32 139 81
67 157 12
61 198 35
130 19 76
170 28 84
111 5 8
167 80 65
75 191 56
14 159 41
30 74 67
149 92 23
61 74 95
81 92 23
2 71 8
64 27 68
30 73 47
195 99 89
3 112 96
161 106 26
28 179 45
177 70 69
189 173 94
137 5 37
60 6 59
20 69 85
88 50 9
188 196 7
29 199 71
126 159 76
52 139 6
97 115 27
18 103 99
164 39 3
1 51 60
12 22 80
97 110 29
158 49 76
166 77 74
189 2 85
165 5 23
23 54 89
150 23 91
49 187 82
104 139 84
116 151 5
196 199 66
77 157 14
153 74 91
180 62 44
165 2 87
200 55 76
149 77 19
149 15 53
52 154 89
119 56 95
114 54 61
142 10 28
46 83 19
25 96 15
189 73 16
28 24 22
56 124 51
128 72 65
33 75 70
23 193 25
118 58 79
131 199 40
159 197 75
30 21 70
146 162 95
14 141 70
89 149 94
40 76 65
157 108 40
180 82 84
105 199 42
36 82 92
177 41 3
22 62 73
119 175 20
132 67 91
172 15 37
163 42 2
72 102 94
51 183 31
155 134 25
191 15 17
119 54 58
22 27 71
147 145 97
120 77 63
11 200 30
200 163 23
54 34 24
1 60 31
190 193 56
132 159 25
50 164 35
23 159 21
135 156 40
163 172 2
163 154 1
125 177 54
110 54 54
145 113 37
134 57 93
66 15 71
67 178 58
42 168 17
163 103 72
3 196 4
27 149 5
103 126 11
12 179 18
108 43 55
42 99 1
59 113 72
125 90 30
118 100 79
112 173 81
176 120 37
155 69 42
57 7 20
76 25 27
70 80 20
168 81 78
32 105 55
73 88 72
82 187 4
193 111 85
169 31 23
75 51 17
131 148 75
103 175 99
183 44 31
103 11 63
34 194 68
41 66 7
13 148 93
17 140 56
55 60 86
130 134 88
47 17 87
123 71 61
174 53 4
105 108 66
69 141 11
89 181 76
196 145 23
89 114 15
197 168 74
135 97 60
123 95 28
10 169 98
23 143 51
79 199 10
145 67 50
156 83 84
150 179 7
191 92 74
187 50 21
59 62 95
154 90 57
74 188 79
168 91 58
167 101 54
33 3 62
140 37 46
41 16 5
31 59 80
170 70 81
43 128 42
38 33 31
147 59 18
79 26 61
137 192 61
43 177 16
105 116 52
151 156 19
109 139 78
189 60 99
70 102 78
12 91 11
195 38 21
13 116 46
26 4 90
188 46 66
56 103 33
8 5 88
128 113 78
58 101 37
57 170 90
87 133 81
198 127 70
71 92 37
18 117 92
108 56 89
174 111 91
107 71 96
147 150 60
126 62 14
15 6 52
116 139 50
194 109 72
85 98 89
154 149 8
31 74 71
123 180 93
171 79 42
131 156 0
144 70 66
127 27 18
194 165 20
187 25 45
24 135 76
163 84 36
194 157 59
68 89 52
190 119 46
120 74 98
16 95 16
142 122 87
87 86 59
25 63 4
48 184 91
176 99 26
65 44 82
24 23 28
52 141 26
123 166 77
138 61 93
31 134 32
117 145 93
33 49 40
169 192 68
67 18 32
62 153 7
124 127 87
127 68 66
49 185 43
139 197 88
169 82 21
38 53 65
131 37 65
23 5 9
91 23 26
175 84 78
35 159 5
74 85 24
140 86 60
135 158 23
144 39 96
181 43 13
63 80 78
86 36 87
128 59 66
55 94 96
41 54 13
89 30 5
126 191 39
101 100 14
45 90 10
177 133 23
40 164 54
77 199 93
156 57 11
10 103 8
50 107 61
116 195 91
73 182 63
173 33 78
17 122 40
146 6 16
185 121 22
13 120 67
168 128 79
130 30 87
179 136 0
46 92 17
155 25 33
79 9 63
96 131 3
193 88 71
177 9 45
141 128 13
108 7 92
37 32 67
124 84 64
158 176 34
64 152 67
143 161 30
190 43 85
182 82 9
110 90 54
50 169 67
109 176 11
98 164 94
17 39 78
181 197 5
15 60 56
34 154 68
116 143 62
2 76 44
111 137 85
117 186 54
137 47 81
48 96 96
143 112 34
73 92 30
178 59 42
186 92 47
107 8 42
69 161 17
65 23 54
151 139 91
157 75 89
138 75 84
186 169 95
120 41 39
3 170 97
145 155 40
192 13 99
86 34 59
104 98 33
10 200 72
101 156 98
191 45 24
175 30 92
23 85 61
152 6 58
48 113 50
191 125 50
77 158 9
132 56 43
141 55 67
193 163 17
135 7 42
62 189 86
84 90 71
45 41 76
155 40 88
105 182 65
7 58 22
69 130 11
81 137 30
26 99 99
160 42 20
45 129 3
134 52 99
126 180 53
117 21 10
99 186 16
108 185 48
38 48 80
174 130 5
24 130 17
80 123 37
77 51 93
162 54 92
88 199 55
54 109 53
39 177 13
98 114 13
87 113 93
60 43 51
35 124 68
115 46 57
143 49 50
104 96 42
135 94 98
140 154 51
130 82 16
28 195 29
114 108 23
126 102 26
160 25 46
26 70 3
120 70 6
24 172 1
166 58 94
16 198 99
120 79 80
136 106 75
66 172 34
141 97 35
67 8 11
13 186 32
168 105 2
74 128 73
75 46 82
121 61 79
120 132 58
1 68 15
76 133 86
10 25 34
197 91 42
8 55 27
40 22 31
94 96 11
167 122 8
50 43 20
81 162 52
191 162 19
159 189 3
97 150 27
132 98 69
126 105 23
153 97 96
36 142 43
199 61 65
7 62 59
28 142 72
132 85 86
103 195 74
6 91 76
85 22 73
6 147 30
29 51 78
177 20 20
37 138 95
93 97 22
187 106 70
155 8 64
82 165 54
158 129 82
6 27 12
34 78 42
162 116 14
182 104 45
71 99 38
167 73 24
88 178 46
194 185 10
75 17 83
101 97 66
106 124 30
91 153 25
53 68 39
186 123 84
57 22 74
175 94 98
62 24 44
8 160 6
82 61 75
18 161 71
36 67 46
118 157 98
143 9 65
34 147 40
71 3 61
145 177 6
44 191 29
140 198 89
99 31 49
74 200 61
97 35 27
44 105 36
142 199 96
60 33 42
100 103 96
161 47 73
19 42 15
149 134 64
190 32 46
139 57 46
152 153 32
32 196 36
68 90 35
64 149 19
159 48 21
55 160 19
80 178 13
95 78 98
11 67 29
158 157 37
104 109 89
188 140 37
177 159 26
12 174 26
183 132 25
104 85 74
18 40 64
92 38 74
110 19 31
67 56 86
175 198 26
66 135 2
24 113 65
149 39 47
81 3 18
200 177 87
13 169 51
56 6 78
166 177 9
184 32 48
110 29 26
175 115 28
150 27 93
98 65 92
130 180 94
100 179 22
88 144 42
91 151 48
169 116 76
31 51 7
131 160 88
57 86 2
185 187 29
30 85 45
174 166 25
168 104 41
105 85 94
150 85 63
17 61 93
68 20 75
179 8 31
65 111 67
51 192 96
87 137 21
5 62 40
70 118 81
174 68 17
120 17 1
35 186 13
180 53 33
55 31 92
186 47 54
53 50 45
101 136 34
122 140 47
62 161 16
196 86 84
13 6 0
67 40 85
180 20 89
65 26 72
158 12 70
112 16 19
10 117 7
44 190 98
91 4 11
8 199 96
192 163 53
144 146 81
161 117 70
177 142 94
134 105 65
198 121 84
7 189 43
2 178 42
92 133 53
51 83 1
194 46 55
138 26 52
171 138 68
193 115 9
188 200 66
153 149 86
89 107 74
85 108 3
127 152 88
32 154 70
133 148 15
140 94 91
7 183 11
199 97 73
138 49 39
42 149 25
131 52 14
115 155 92
18 143 75
172 166 7
71 81 99
107 191 64
109 103 14
157 176 52
157 146 5
192 76 60
43 42 26
149 86 44
44 168 8
121 38 40
20 96 18
162 112 26
64 126 34
191 30 91
9 176 48
200 3 60
194 197 86
95 34 82
90 195 49
98 67 86
90 86 33
8 47 44
186 63 22
73 5 51
116 14 78
64 165 33
124 111 29
10 5 62
93 94 8
94 143 74
181 184 11
114 144 58
159 129 72
33 153 76
184 68 41
15 131 6
48 54 16
77 16 72
91 60 17
52 153 11
126 85 94
38 199 37
148 109 18
120 71 47
76 190 89
21 48 36
75 16 64
42 188 7
101 157 58
53 138 13
125 88 51
72 148 21
143 88 91
191 115 81
132 157 54
131 93 80
146 22 84
169 122 92
27 126 59
162 15 72
87 54 75
110 1 96
53 40 40
195 155 73
78 111 27
8 105 15
181 141 83
102 133 9
180 144 23
194 68 61
48 144 70
200 175 39
132 121 45
158 198 55
137 157 61
97 13 77
77 153 12
179 37 22
110 132 97
55 59 1
143 181 53
86 108 92
170 38 26
178 45 14
134 158 10
99 35 87
3 118 39
122 27 70
71 122 80
135 16 12
188 102 19
32 71 47
69 149 76
65 163 61
22 74 59
9 61 62
108 178 53
29 156 75
51 98 30
170 113 42
109 166 62
140 36 61
160 136 89
24 99 50
46 124 10
6 184 24
113 78 40
68 5 42
103 54 72
25 119 66
133 84 80
25 72 93
184 7 82
8 34 4
28 196 9
163 20 21
27 49 13
94 53 55
149 107 79
125 146 56
60 79 32
131 172 16
90 55 23
146 40 79
174 35 88
88 54 61
115 102 74
160 106 81
108 164 12
32 140 9
41 88 72
82 60 40
171 66 63
117 195 41
91 183 80
144 196 94
197 22 6
102 155 13
66 67 97
157 190 55
164 14 89
175 55 11
192 70 79
48 65 20
138 199 53
33 195 99
181 16 5
83 123 71
100 189 68
56 65 9
164 181 22
105 107 76
16 51 46
196 50 10
168 188 60
21 172 54
21 153 22
78 187 44
149 38 84
169 45 1
178 8 81
1 112 39
29 80 89
127 75 91
89 42 78
50 15 1
156 106 77
64 44 73
165 81 58
133 78 11
63 37 44
15 101 83
195 180 25
122 54 16
10 47 46
59 13 99
15 44 14
1 70 30
82 80 62
111 91 76
147 35 90
47 170 37
26 195 58
31 63 67
30 161 78
42 61 44
193 18 39
159 18 8
89 51 39
103 161 81
180 108 15
22 154 37
59 132 83
169 162 46
137 191 6
67 185 66
11 177 35
150 135 53
111 175 3
102 77 16
184 8 23
51 88 39
112 72 8
74 118 96
16 76 62
152 95 24
128 130 73
14 183 35
188 39 37
17 21 23
130 71 52
110 159 44
22 182 52
47 51 48
62 63 65
20 93 1
12 59 35
100 198 73
137 14 79
109 38 60
131 71 40
86 44 21
90 72 89
103 150 51
68 169 89
113 22 53
123 58 52
120 83 40
86 115 48
75 131 15
97 172 53
92 145 42
133 17 84
36 166 87
55 86 77
119 108 30
41 135 12
199 75 49
113 140 52
91 188 75
196 80 20
39 12 36
175 199 53
162 6 90
91 124 49
173 117 65
107 181 64
181 82 28
103 57 19
108 160 82
143 191 2
133 2 90
107 153 95
20 110 86
111 185 35
83 53 53
142 185 69
122 66 49
177 122 69
36 21 28
118 115 18
73 47 71
115 105 75
163 76 36
101 138 21
188 173 73
141 114 58
110 35 23
160 163 97
181 198 17
161 68 83
131 140 29
54 6 85
82 168 12
18 68 50
139 56 22
113 148 35
23 58 21
198 169 84
95 101 33
164 61 0
147 143 91
128 148 49
165 29 16
78 47 36
128 137 43
102 1 90
189 23 99
110 146 66
120 183 31
32 81 25
176 161 73
125 193 53
200 129 80
137 24 33
137 67 21
112 166 83
84 186 28
102 57 59
84 141 43
117 166 18
77 139 42
1 141 34
107 140 15
139 28 90
73 117 56
194 28 22
177 63 59
58 164 67
69 200 7
112 116 73
130 192 11
24 144 51
111 50 43
78 189 22
68 139 24
6 118 98
135 180 57
192 144 24
60 143 84
172 10 57
53 153 68
29 96 72
91 98 67
168 38 89
35 50 28
111 7 45
9 141 77
18 84 20
43 144 14
79 67 23
36 71 27
4 99 74
28 172 94
108 161 36
95 162 16
5 169 61
14 61 38
31 145 10
25 40 76
103 106 51
90 128 78
46 179 53
73 119 76
120 38 55
73 199 71
77 119 84
42 132 75
25 28 37
1 67 14
56 166 44
51 197 89
29 150 14
148 26 33
126 15 40
150 166 11
26 84 47
20 167 22
196 194 60
196 60 26
3 183 91
100 186 87
41 14 88
55 113 14
140 190 80
80 139 45
191 117 81
191 88 47
113 83 41
125 30 52
51 185 87
95 84 72
134 124 37
123 179 2
89 118 43
69 183 14
92 51 47
82 138 94
147 172 87
71 153 40
122 137 79
168 172 51
101 48 40
175 26 42
63 95 86
84 196 20
50 171 96
169 60 90
115 183 30
138 87 70
11 176 1
178 147 52
30 194 44
5 88 18
18 26 1
13 146 50
52 68 46
173 79 89
39 13 19
176 142 37
74 43 14
173 195 96
118 91 0
41 178 18
58 155 72
22 100 22
26 198 96
11 36 60
30 164 59
171 101 84
165 168 56
111 64 26
1 116 66
179 34 23
133 158 96
185 81 73
55 102 70
52 64 58
12 93 21
23 15 73
108 179 40
116 89 55
42 71 7
19 57 82
104 14 31
40 46 4
94 147 27
97 186 60
54 59 82
20 184 41
150 125 57
190 51 30
103 59 0
159 193 3
124 95 69
29 189 15
56 37 29
193 97 34
3 132 54
186 73 55
62 82 45
94 85 27
148 143 27
106 135 83
181 11 77
150 191 17
18 198 54
47 190 50
81 144 33
135 129 58
43 143 91
188 176 66
135 118 93
192 5 76
172 167 6
122 139 53
78 185 94
181 17 37
166 104 17
24 146 59
116 85 46
91 133 60
144 124 16
73 96 82
79 17 90
102 107 43
132 43 89
112 59 78
77 162 95
53 107 7
168 191 5
10 141 90
122 37 13
38 9 71
187 177 13
40 35 56
171 77 97
34 76 62
97 124 14
156 183 33
146 43 38
30 27 43
154 87 3
178 73 32
191 64 66
100 35 43
197 20 78
25 82 26
100 82 33
29 73 23
170 103 39
196 198 44
82 53 21
106 85 64
121 152 63
155 47 11
175 125 87
8 3 86
4 85 19
184 16 44
159 185 98
98 148 94
165 200 67
70 37 31
190 188 46
97 34 58
23 110 97
30 64 36
185 148 7
169 115 51
79 99 1
129 182 48
23 146 48
90 167 84
74 109 23
120 5 8
130 179 69
128 8 32
116 145 32
23 47 26
143 98 27
71 79 76
45 25 76
87 191 12
160 99 35
79 55 95
161 185 64
40 193 96
155 137 28
129 1 27
155 95 24
183 118 2
111 162 26
187 48 69
151 7 19
38 127 32
150 111 96
189 55 44
143 26 70
143 153 77
190 177 59
107 22 67
158 160 67
179 110 25
98 147 14
24 179 63
87 127 51
141 71 45
84 48 68
26 200 45
167 176 56
73 7 29
93 116 88
160 94 97
185 191 43
200 167 73
163 53 99
67 193 21
64 70 31
54 21 28
172 149 36
45 155 65
137 22 53
96 115 2
32 57 97
183 175 70
98 27 21
116 172 95
179 199 16
63 4 36
143 176 36
180 172 90
97 108 11
151 155 77
105 138 34
3 121 8
173 170 87
47 85 10
142 63 60
10 77 16
98 20 43
135 199 14
77 47 73
89 180 17
54 117 51
56 189 12
180 152 25
194 162 18
9 74 79
85 190 77
104 54 98
188 101 71
28 3 45
102 149 8
60 13 88
170 164 65
115 77 36
123 151 15
8 92 44
63 77 55
117 75 95
169 175 16
53 72 70
124 21 78
136 185 18
57 149 36
171 25 72
94 127 39
53 19 84
115 95 91
31 121 38
199 171 13
168 24 84
38 147 56
168 187 89
190 23 60
166 147 5
93 158 62
122 72 8
166 55 28
156 5 51
169 124 74
6 113 72
62 81 6
55 19 95
196 193 55
162 139 60
6 176 17
20 50 41
128 167 47
108 122 51
59 43 75
185 48 87
58 61 19
164 116 37
111 167 71
120 29 47
149 48 48
90 127 66
189 35 39
140 45 81
167 30 28
107 39 89
126 154 4
116 64 14
49 182 38
169 61 18
168 9 18
168 50 44
134 131 72
129 176 6
48 157 34
154 195 75
31 148 31
98 163 98
147 89 66
5 107 85
165 125 52
166 70 37
155 152 61
35 127 67
34 35 54
139 29 29
122 128 13
19 91 11
117 187 99
135 143 57
72 59 82
176 24 3
13 130 54
127 34 93
150 148 87
49 30 8
176 195 79
18 58 47
156 9 82
98 66 53
156 200 29
131 3 93
12 110 19
128 143 13
29 162 12
116 10 93
77 138 87
56 107 96
55 63 4
37 160 70
43 116 21
24 198 24
17 10 85
137 89 79
102 117 40
166 184 50
12 60 39
51 67 45
148 122 7
52 158 19
174 152 86
96 175 83
172 192 92
109 80 32
188 133 48
28 50 32
30 61 91
121 112 58
167 11 31
26 14 40
45 93 30
35 67 66
158 10 58
66 144 4
173 192 83
23 14 34
68 86 97
178 9 29
122 149 73
61 41 56
47 60 22
4 69 32
21 76 24
82 68 7
56 43 72
43 110 58
140 39 61
200 91 20
148 117 32
140 25 78
199 147 33
68 31 53
129 107 29
162 126 88
170 168 13
12 30 23
151 20 84
150 19 27
22 166 95
154 105 19
84 56 17
169 75 47
74 3 5
3 116 30
44 85 50
57 96 31
80 199 50
116 100 68
195 122 85
190 161 62
98 30 30
172 130 4
126 135 58
41 102 25
68 110 72
99 189 70
101 57 70
170 51 43
107 193 21
149 105 83
46 135 14
169 64 70
94 150 28
135 15 30
12 34 39
184 132 80
107 185 36
177 106 38
72 12 30
193 161 87
177 158 21
143 127 36
13 20 85
141 106 52
123 117 85
63 53 69
143 159 53
31 87 58
169 158 21
52 150 81
39 78 39
112 20 17
200 37 84
125 95 88
47 11 26
61 63 47
3 173 0
185 11 53
16 32 56
118 166 94
195 57 57
167 74 56
150 62 92
74 156 33
73 60 32
133 107 87
106 59 71
164 69 76
132 52 84
1 169 30
195 88 12
50 63 11
189 88 66
122 160 36
181 45 69
39 132 74
97 155 89
117 84 72
168 173 88
199 120 12
38 32 62
134 94 25
122 182 43
195 181 26
137 50 64
20 176 60
175 17 28
10 48 28
114 136 26
185 1 16
17 163 49
62 140 22
195 183 16
88 163 42
176 164 58
196 91 70
122 99 30
49 146 58
114 82 37
99 82 53
67 196 2
128 177 22
69 93 61
184 87 36
147 45 83
190 15 4
97 113 86
97 10 97
162 43 34
60 124 39
78 6 56
70 178 61
41 161 99
129 59 43
13 48 9
169 74 55
192 83 52
106 126 38
165 1 77
195 24 70
200 180 39
31 157 52
71 52 50
128 47 14
175 56 83
23 129 38
166 163 90
71 88 28
188 41 57
182 64 27
133 43 18
163 152 22
185 20 25
135 99 23
50 26 78
133 48 58
23 13 20
65 36 60
45 2 55
164 158 98
50 109 72
34 81 97
120 179 20
169 4 50
53 51 60
75 181 90
51 193 34
25 93 35
180 8 15
67 166 65
116 26 37
101 106 86
20 159 40
40 61 92
43 21 19
58 110 59
146 45 83
191 63 97
48 81 62
165 148 40
103 48 45
41 19 81
152 159 73
12 104 15
185 123 72
138 184 83
35 180 66
25 112 80
175 113 88
75 60 28
129 27 69
77 60 20
36 133 83
139 48 67
13 172 56
196 107 43
176 125 67
39 5 41
149 183 22
128 11 51
186 189 72
15 49 44
50 181 27
188 181 47
152 104 55
147 99 73
135 19 11
92 112 59
160 35 39
105 177 92
10 191 92
106 40 25
85 179 5
132 130 60
40 29 22
138 102 9
156 166 52
68 64 60
11 17 47
32 62 8
22 14 30
51 134 73
149 54 22
63 155 83
18 120 35
37 97 51
150 59 53
118 159 84
179 67 58
85 33 71
15 35 14
103 168 39
3 141 92
77 3 47
61 172 18
148 9 66
99 158 25
105 27 83
141 6 1
199 42 85
22 8 19
37 62 87
76 128 68
93 82 67
153 5 85
52 13 4
151 122 29
55 149 64
147 106 65
146 99 51
119 106 70
155 168 57
183 37 2
75 70 69
179 75 6
31 39 10
181 113 91
187 61 55
85 118 21
30 101 20
95 40 4
189 193 90
49 63 59
28 89 18
58 127 80
190 39 72
128 51 27
12 168 0
194 135 24
94 56 71
100 47 75
89 21 67
131 70 81
43 97 69
61 106 96
141 47 86
65 174 37
93 137 56
45 130 91
170 175 98
93 75 44
68 115 65
187 45 86
121 87 34
190 99 91
138 192 37
77 56 62
114 148 98
22 145 28
113 66 2
11 158 28
108 177 42
25 115 39
11 35 77
197 177 76
88 66 67
25 142 22
87 55 22
37 77 66
165 141 83
20 104 40
100 11 16
143 187 30
134 118 10
145 94 38
184 159 57
8 101 32
46 107 6
82 135 24
199 28 7
170 131 47
69 16 62
79 98 95
179 15 58
123 60 96
58 19 6
65 71 38
62 129 44
95 69 44
43 76 13
125 75 82
17 90 96
47 187 92
25 154 2
99 13 50
156 172 4
95 33 85
191 79 0
11 124 94
38 89 18
112 123 34
153 81 91
164 57 44
66 155 8
116 144 24
81 148 70
65 185 61
143 85 71
18 131 61
59 149 24
181 135 77
52 167 20
167 23 16
32 177 24
100 86 19
176 166 19
146 30 3
107 125 40
31 142 70
144 152 19
168 133 5
145 136 72
117 103 94
133 134 23
110 185 8
29 160 26
48 106 7
4 164 31
44 146 25
14 89 76
85 57 60
91 97 14
70 199 8
2 84 31
111 69 92
140 180 18
139 37 25
142 110 36
98 35 50
187 63 86
43 24 28
195 120 42
16 70 3
18 153 34
128 173 78
19 153 96
110 141 74
3 93 83
140 191 69
42 177 83
28 19 58
9 165 77
51 181 98
54 150 51
141 29 75
119 48 79
68 109 20
142 111 12
77 2 2
198 43 78
181 23 48
140 31 65
169 33 97
20 87 46
71 179 74
46 97 73
126 164 33
98 57 96
10 85 97
65 82 92
95 96 5
197 61 25
181 110 44
19 67 96
134 65 45
160 142 60
93 39 17
89 200 1
39 64 35
31 159 1
197 6 6
193 32 24
127 29 43
186 95 39
119 111 36
78 52 97
171 42 14
11 42 67
49 57 54
79 15 55
75 172 61
19 189 45
96 67 25
39 52 71
130 171 82
67 48 33
116 170 75
30 181 16
149 181 72
4 40 10
86 163 24
57 152 69
152 18 46
142 70 17
71 192 99
89 39 33
4 161 60
185 141 28
134 121 0
89 132 91
151 170 54
175 178 57
96 129 74
142 96 59
92 59 80
78 44 83
38 4 68
178 132 53
50 85 93
134 28 43
55 134 18
32 191 13
160 18 7
181 167 71
152 177 51
29 21 87
66 176 7
195 60 12
196 96 5
129 123 0
183 9 18
14 151 84
125 168 91
105 33 9
129 184 85
132 164 57
119 29 33
178 23 92
90 18 39
95 99 13
48 122 17
47 171 91
145 28 23
154 156 58
140 87 21
97 158 1
182 135 23
126 177 93
165 23 43
79 200 87
22 24 40
145 16 85
124 191 38
79 150 29
117 23 78
26 113 99
86 89 92
2 111 87
80 133 63
32 20 84
7 81 73
197 4 64
36 34 65
117 88 94
80 164 6
192 164 43
32 8 44
95 196 24
27 159 7
198 95 13
157 88 53
131 4 40
165 69 56
19 104 97
72 110 89
187 105 72
194 149 66
141 25 92
51 132 89
146 198 98
73 37 3
155 96 70
60 104 88
119 7 86
142 68 27
128 172 99
74 73 18
166 97 10
17 153 13
130 3 37
166 6 91
157 163 67
4 3 85
163 141 27
30 168 6
154 20 31
26 38 97
122 200 65
54 152 78
183 154 15
148 111 58
56 11 20
23 124 8
129 64 87
110 184 93
63 126 87
144 175 61
143 15 46
170 198 51
85 97 62
195 153 24
68 175 90
191 35 70
6 74 80
141 43 46
145 83 89
71 44 32
110 10 30
31 7 33
67 61 59
73 128 33
15 121 37
28 18 67
13 12 14
109 94 55
179 89 87
40 99 69
70 57 3
88 112 50
149 71 74
76 157 41
98 29 78
125 22 47
44 187 58
58 153 65
178 193 4
17 91 74
39 148 29
78 11 31
26 82 6
54 190 99
151 75 90
77 118 28
135 176 38
93 153 31
97 121 73
23 111 20
152 189 83
84 14 16
42 67 5
193 169 74
70 195 16
98 113 45
32 192 20
23 125 53
84 45 26
107 108 99
10 96 82
45 61 98
38 80 55
30 48 29
51 43 45
148 107 42
180 98 62
2 85 38
7 84 84
26 191 83
36 38 17
80 98 15
118 177 22
99 25 51
150 50 96
125 192 27
174 107 80
58 145 86
177 180 71
3 122 6
190 159 24
21 9 91
90 185 14
189 161 17
138 179 66
34 55 58
62 17 41
37 161 80
166 93 3
120 14 61
109 186 28
133 30 18
69 196 58
182 113 95
160 32 80
167 142 41
146 158 35
135 70 15
100 162 70
19 128 31
79 4 69
7 88 98
177 156 45
135 137 57
182 89 62
167 156 11
139 91 97
9 158 48
170 180 18
49 12 96
52 181 55
139 131 83
47 76 18
183 85 51
183 174 13
149 155 21
13 94 11
10 102 21
59 23 52
77 72 63
126 75 95
181 14 25
164 12 52
34 146 37
38 129 62
103 29 16
124 193 9
188 3 62
161 13 37
113 41 8
77 35 71
98 48 49
14 59 53
199 157 90
188 85 52
91 65 69
14 58 30
1 12 45
161 83 73
16 43 1
134 77 24
183 77 73
148 87 27
99 43 69
86 79 22
176 1 25
94 164 70
55 139 4
80 47 80
191 5 73
152 131 72
38 10 22
33 161 10
53 88 53
96 6 21
123 121 43
129 49 7
165 47 39
155 122 43
80 73 25
105 63 34
27 166 86
5 18 74
11 114 54
168 177 88
182 57 46
182 63 28
155 170 49
99 175 75
105 37 62
132 28 69
87 96 48
110 151 16
48 79 56
30 136 2
11 151 17
191 106 86
93 156 86
67 44 54
45 127 36
72 196 74
117 44 23
178 146 91
26 48 6
111 17 13
19 160 18
157 52 25
96 70 7
139 124 52
65 12 23
12 186 91
55 161 69
200 152 46
176 199 52
38 153 20
51 171 79
121 80 82
98 127 51
106 65 26
110 129 37
185 92 23
177 147 83
98 88 43
73 38 47
63 190 67
113 100 85
192 134 82
118 140 33
64 49 61
102 34 52
77 12 10
149 99 53
173 137 52
35 126 71
100 190 70
37 181 4
71 50 41
11 183 56
11 196 9
44 101 85
157 151 49
167 51 99
172 176 87
124 162 65
96 13 54
118 49 35
74 137 66
82 120 23
92 115 32
88 167 70
44 70 19
11 120 70
182 47 58
58 9 23
153 78 21
22 165 95
141 54 13
22 173 36
65 39 21
152 192 95
75 63 57
146 139 92
43 196 52
118 173 95
122 112 68
86 165 81
59 89 70
124 128 91
27 85 34
22 111 48
131 8 32
70 152 27
17 104 44
117 29 91
190 22 55
110 60 19
191 118 60
13 193 39
104 24 89
193 86 89
124 45 74
193 197 1
161 52 45
29 90 17
102 145 26
113 116 69
30 176 81
23 115 37
194 90 78
186 175 68
109 172 42
53 120 95
166 171 92
194 51 81
164 104 25
42 16 41
111 45 16
145 19 31
34 73 11
198 200 79
58 171 73
63 90 68
28 60 61
21 195 83
13 21 77
180 114 39
25 30 83
195 13 16
7 86 28
156 85 59
165 7 85
27 96 53
54 107 66
27 169 61
162 133 33
139 113 46
131 89 27
114 83 92
83 41 29
63 148 65
74 113 71
159 119 64
97 25 30
75 44 35
78 177 26
190 175 56
78 3 21
112 195 3
153 41 91
116 50 6
182 103 57
97 129 2
140 164 79
117 42 68
91 198 44
172 191 26
13 166 44
17 6 35
132 69 36
138 50 50
192 160 98
120 62 37
36 41 5
77 161 96
127 158 92
50 18 83
176 183 48
120 107 6
130 175 43
20 146 62
136 44 34
197 33 69
37 98 48
135 79 24
75 62 0
57 11 71
7 117 78
89 43 73
108 171 21
154 14 55
102 46 76
90 136 26
38 22 1
95 127 69
162 79 77
124 150 84
192 80 24
187 153 31
5 123 4
111 113 63
86 189 53
21 115 90
43 17 85
143 95 6
56 173 83
132 74 19
123 154 43
109 106 26
66 181 83
128 20 95
91 84 43
78 72 66
124 166 12
30 185 64
152 10 36
27 163 31
87 21 58
152 1 41
79 172 36
170 29 71
65 22 50
129 140 25
94 152 54
114 88 71
18 98 7
196 39 81
80 34 31
42 64 3
30 32 53
50 89 74
52 17 14
178 62 17
84 127 5
7 144 54
166 91 65
157 173 45
105 6 28
99 21 83
80 6 66
133 7 6
8 58 74
174 187 35
43 23 62
200 29 57
54 195 48
120 151 20
17 7 77
97 57 97
133 137 54
199 69 60
106 28 70
180 1 8
116 196 30
130 195 11
87 58 34
72 160 6
40 166 83
88 20 58
140 19 26
101 124 6
23 55 58
131 122 53
14 51 0
77 101 33
24 124 92
83 163 9
118 50 83
151 22 41
43 40 20
143 115 26
117 169 84
199 164 92
91 40 81
143 125 57
66 169 39
180 179 56
181 162 59
2 56 1
193 128 95
107 6 11
28 42 61
22 32 25
114 74 64
48 16 41
5 33 9
44 164 87
152 97 1
11 50 56
64 43 83
59 189 21
80 182 83
101 14 60
167 87 76
14 55 17
170 39 27
13 3 66
116 51 67
79 100 75
142 94 10
153 147 50
26 178 32
161 146 20
197 184 97
162 190 66
131 29 93
95 183 12
10 33 79
88 84 7
182 130 17
86 76 20
111 53 52
24 79 84
193 192 74
160 155 4
16 117 77
121 149 64
156 56 97
85 125 82
160 145 45
165 49 68
47 98 63
78 35 56
69 9 67
191 163 71
158 51 40
135 171 88
152 96 0
11 20 35
122 117 80
86 1 84
15 64 13
49 120 81
9 39 23
123 111 81
173 51 67
143 91 70
20 186 71
182 157 6
104 73 86
141 190 38
177 2 89
156 72 15
112 147 37
174 180 9
24 148 3
114 18 22
51 189 4
8 185 99
173 123 28
80 125 17
35 198 40
150 61 87
139 35 66
148 10 13
51 184 73
126 124 29
85 171 88
117 155 39
89 78 67
169 2 85
155 126 56
163 13 94
197 80 42
7 45 44
34 28 17
159 99 43
74 87 11
28 200 4
194 120 57
131 27 59
57 83 22
21 77 70
100 171 28
97 62 23
137 27 35
16 100 21
127 80 99
78 136 93
150 146 23
176 105 31
10 179 52
38 2 3
161 100 27
44 16 53
199 183 53
121 85 19
138 20 64
39 165 40
166 72 74
152 24 64
153 180 24
135 178 53
115 8 65
175 13 37
35 9 23
68 74 14
185 166 79
6 37 6
157 13 70
62 192 94
196 22 97
173 64 16
35 43 46
66 29 94
75 152 61
100 18 97
65 103 52
104 26 24
160 120 19
182 69 43
9 132 59
43 61 1
41 126 29
135 33 47
3 51 45
67 100 99
72 155 62
40 180 86
200 51 5
133 119 48
141 50 59
135 110 60
175 188 41
61 127 7
94 177 4
112 28 56
183 182 18
23 161 5
174 163 62
106 81 63
46 130 22
180 192 35
106 131 28
166 21 54
25 66 82
30 178 9
138 160 90
56 134 2
113 107 64
128 12 44
91 9 26
165 140 69
52 45 99
81 10 71
35 38 69
16 15 78
153 126 21
160 60 23
25 118 40
152 130 36
194 138 62
158 30 83
10 74 34
42 84 6
28 70 95
97 76 40
87 100 45
72 76 15
12 27 44
149 34 62
130 63 46
91 137 32
132 172 38
159 186 7
29 35 68
34 83 19
131 154 47
146 118 73
90 66 45
76 180 26
90 178 68
178 11 99
149 10 92
187 121 32
3 41 65
85 13 96
39 60 41
156 84 72
82 111 51
160 200 81
128 178 91
179 78 91
141 171 77
109 43 62
112 36 27
196 48 75
186 59 17
93 143 52
65 177 62
169 136 13
2 64 90
93 194 20
136 134 42
166 43 36
128 154 71
55 101 70
183 87 28
200 179 23
4 196 51
166 116 38
79 117 1
122 161 47
42 96 80
36 61 22
72 140 27
144 147 28
166 129 66
47 197 21
83 173 99
59 11 29
175 65 2
87 112 95
183 131 94
67 3 34
194 98 32
174 15 60
40 37 81
74 180 5
25 39 68
54 165 32
157 96 3
186 139 34
180 157 88
66 151 37
98 152 9
116 104 45
74 83 51
98 38 3
12 41 98
15 26 88
101 146 88
175 48 25
24 123 29
34 190 41
34 93 38
108 128 89
157 152 60
60 141 63
23 114 37
158 103 37
67 200 78
41 47 55
64 121 84
49 111 77
83 155 16
142 34 57
98 186 70
110 126 85
132 200 20
168 54 58
186 5 88
26 51 43
42 181 89
33 124 39
126 65 72
136 115 9
6 24 87
91 155 97
42 165 46
86 103 50
126 80 52
121 176 0
163 8 10
38 99 87
103 72 22
17 180 91
120 98 68
64 125 85
111 87 66
166 60 53
100 199 9
45 22 83
61 64 3
178 86 1
46 101 25
31 163 39
70 76 25
37 193 84
76 85 96
181 170 70
134 16 6
115 28 12
130 32 41
167 85 38
67 110 69
30 57 26
27 54 32
111 68 80
157 154 10
172 60 76
151 24 57
182 165 23
66 56 42
128 24 27
167 146 79
69 12 30
185 93 83
122 64 43
98 14 18
156 148 35
131 191 24
92 167 47
172 133 78
77 30 57
97 181 20
28 165 3
38 57 86
111 72 81
161 153 67
136 88 49
101 144 95
174 115 79
153 144 61
162 40 41
135 6 37
9 14 75
119 37 57
31 25 9
50 161 48
200 78 73
156 25 46
71 56 50
166 113 56
158 199 75
115 88 83
80 163 53
68 172 36
93 181 85
53 181 36
65 10 9
20 109 41
42 7 9
75 164 19
73 91 85
160 74 17
75 79 84
46 67 76
179 105 80
159 141 44
169 3 64
106 63 57
147 73 64
9 128 79
172 18 16
84 43 33
158 73 70
3 92 98
181 180 91
136 76 11
138 117 99
150 16 24
114 176 71
193 155 94
162 171 77
156 28 26
90 177 21
114 156 64
2 32 75
139 145 90
124 112 14
189 87 37
181 193 31
94 115 9
49 171 95
29 49 36
99 11 64
133 75 65
116 103 55
91 47 45
14 110 11
155 196 48
135 188 32
29 54 93
29 25 88
57 25 77
156 50 87
72 183 13
37 50 15
92 114 89
106 23 52
60 170 1
146 109 33
126 163 78
155 187 18
163 196 69
13 135 40
147 149 28
148 16 72
88 130 61
193 104 65
4 74 66
149 152 26
96 30 80
82 49 94
197 196 64
161 105 6
31 34 53
198 6 92
79 119 36
183 184 39
8 141 40
106 37 87
99 70 87
193 83 56
178 14 83
147 90 44
4 134 74
74 123 56
9 162 15
11 54 8
117 172 96
156 70 17
43 15 35
77 13 41
136 49 39
134 90 35
89 23 10
114 145 18
123 59 86
133 64 94
1 36 42
156 160 49
71 147 26
194 160 19
81 8 58
15 147 54
23 109 68
120 91 77
165 175 92
111 128 79
53 35 88
165 185 58
111 11 3
22 30 84
181 140 50
29 38 4
52 146 72
171 173 14
100 89 41
44 200 68
24 52 2
12 139 21
79 149 25
52 130 61
33 70 11
61 107 67
64 193 85
129 37 16
100 81 15
68 104 19
23 67 86
161 88 16
110 65 68
191 78 52
12 189 64
119 109 28
75 66 2
159 103 18
59 183 34
78 38 5
100 104 91
61 143 60
122 8 80
112 37 32
124 194 85
177 68 37
195 96 96
88 106 30
74 184 19
79 35 22
23 95 16
183 168 75
115 32 12
147 155 89
195 100 74
124 167 11
118 188 58
166 165 95
101 131 33
41 181 56
87 131 96
99 85 85
94 184 59
17 102 22
86 41 80
51 68 96
198 120 47
164 2 81
4 107 13
12 193 12
196 146 43
192 44 79
177 137 15
188 105 68
10 43 43
29 191 40
100 39 55
101 20 10
7 85 22
152 140 71
138 29 86
126 55 86
27 16 28
170 44 19
63 143 57
70 196 28
81 2 12
103 153 60
72 1 52
33 141 75
171 121 61
48 68 33
183 36 14
105 31 33
119 174 42
188 121 22
68 135 21
27 147 45
27 199 77
119 100 90
187 147 47
7 130 93
95 24 79
56 149 73
44 69 95
63 185 68
128 82 46
79 11 17
52 111 7
191 155 48
89 37 41
