Grafo:
20 190 13
15 1 6
11 19 73
10 5 74
11 13 56
19 4 32
2 5 65
15 11 32
4 20 37
11 20 58
20 5 21
4 11 7
17 19 65
13 8 6
6 1 67
9 6 33
3 15 65
5 14 54
14 18 16
4 7 86
4 13 74
3 12 91
15 20 97
19 3 17
12 20 61
7 20 42
17 9 27
12 8 69
10 14 29
3 18 52
13 10 82
11 7 62
17 7 21
6 4 82
11 1 77
10 16 29
13 1 67
18 11 55
10 3 15
5 6 15
7 16 66
14 6 86
19 9 73
3 1 29
1 16 10
14 1 61
13 19 22
3 8 13
15 14 8
19 12 65
1 18 3
18 5 76
17 8 0
16 2 5
11 12 19
5 9 94
8 6 33
8 9 25
8 14 14
1 10 81
14 16 44
1 2 26
15 6 27
19 15 35
6 2 95
18 9 64
14 2 99
7 1 59
1 20 90
4 12 25
8 10 20
15 8 11
8 2 98
12 2 94
9 15 88
5 4 7
14 3 19
13 5 43
15 5 2
11 8 14
7 15 87
2 9 64
8 5 71
12 9 30
6 13 1
19 16 45
11 3 76
16 17 71
15 13 41
3 5 68
5 17 6
13 20 37
19 8 61
12 5 87
17 18 75
6 19 94
8 20 19
4 8 55
9 1 14
6 10 85
10 20 23
5 16 67
17 1 74
5 19 59
4 14 65
2 15 89
2 4 74
12 16 4
15 4 67
14 7 14
10 19 38
4 17 47
5 11 7
10 4 95
10 7 21
1 19 5
6 20 44
14 12 48
8 18 70
9 3 93
11 16 39
3 17 68
18 19 13
2 18 20
15 10 23
18 10 66
1 4 9
4 9 32
13 3 99
6 17 26
11 17 30
18 15 39
17 2 11
4 16 90
10 11 31
12 7 15
2 3 93
13 7 0
16 20 39
11 6 91
19 2 74
19 20 52
14 17 82
13 9 34
18 6 14
20 2 58
10 9 11
19 14 66
19 7 94
17 20 33
14 9 59
2 11 20
17 12 14
4 18 60
4 3 89
11 9 56
3 6 56
16 15 71
13 2 58
5 7 2
5 1 20
12 18 16
12 13 83
6 12 96
1 12 84
16 6 45
12 15 82
10 12 61
20 3 8
10 2 32
17 10 78
11 14 62
20 18 62
13 17 30
1 8 72
6 7 12
17 15 92
7 8 56
7 9 96
20 14 18
13 18 79
18 7 41
8 16 45
18 16 59
7 3 88
3 16 19
9 20 47
2 7 54
9 16 57
14 13 23
16 13 43

Respuesta: 1 2 3 4 5 6 7 8 9 10 4 11 7 12 5 11 8 1 13 3 
Peso: 24
Mejor tiempo para 20 nodos, 190 aristas y k=13 : 287136 milisegundos



