100
100 20
18 40
90 30
78 2
31 6
97 75
56 13
59 87
80 60
99 94
95 79
15 45
12 3
93 95
83 56
4 2
27 98
28 11
33 38
74 53
65 24

100 20
65 45
15 80
55 67
58 46
58 6
64 19
3 3
80 71
58 100
3 24
80 5
41 93
88 54
91 39
27 60
24 25
96 5
11 84
7 42
94 9

100 20
60 20
44 71
17 70
83 78
6 64
55 6
43 22
25 73
38 90
30 89
56 34
11 81
83 46
42 27
33 24
92 51
78 18
5 36
100 42
61 45

100 20
83 72
28 3
14 56
61 76
32 60
94 97
87 42
32 22
78 38
54 6
22 27
3 36
11 32
59 36
77 26
78 100
75 17
9 40
25 56
80 59

100 20
75 38
10 16
59 9
4 36
6 71
15 3
17 100
13 43
62 80
56 100
76 43
50 90
39 77
87 93
64 52
51 54
91 73
8 97
44 65
80 94

100 20
34 95
82 1
8 81
41 31
19 89
43 11
98 32
97 93
64 2
79 5
25 35
74 43
2 8
3 27
47 8
82 37
88 14
11 73
61 15
16 47

100 20
86 77
46 19
34 82
6 65
83 65
52 23
42 19
54 90
51 1
27 49
60 60
12 22
67 99
34 71
42 84
9 50
55 77
6 59
69 77
93 13

100 20
7 20
10 46
44 20
34 99
44 65
79 2
28 71
39 10
45 43
38 12
48 71
92 65
64 53
73 81
88 73
100 77
10 77
5 42
10 87
11 79

100 20
37 54
6 91
11 12
96 66
72 43
58 63
57 87
62 28
78 66
57 47
51 77
59 70
21 10
86 27
49 43
41 97
5 22
3 19
40 62
14 52

100 20
76 52
92 33
5 12
44 57
90 12
83 49
95 20
36 15
64 100
60 72
96 8
76 1
23 46
42 51
76 79
57 34
68 71
35 89
25 46
48 96

100 20
97 99
70 74
89 71
11 74
37 7
74 94
74 55
10 43
62 18
26 68
63 82
85 16
29 24
80 91
32 14
8 84
39 47
95 31
53 72
63 53

100 20
2 59
9 40
26 15
28 89
52 14
18 92
58 36
90 44
92 9
43 53
9 80
83 87
64 16
81 21
66 28
88 100
56 98
52 32
94 93
68 10

100 20
80 62
25 35
43 1
87 91
49 91
68 69
86 66
78 78
48 62
18 77
30 94
3 17
14 2
83 62
52 50
63 89
72 48
21 66
80 77
18 3

100 20
27 74
86 63
33 15
2 71
89 9
47 27
32 79
34 30
27 78
7 49
54 98
84 47
41 43
27 54
68 91
28 77
77 77
91 83
7 68
66 93

100 20
22 16
50 70
18 50
28 4
43 73
60 70
23 16
49 87
12 20
81 98
66 7
16 83
16 68
65 49
9 86
48 2
95 13
10 33
92 100
24 86

100 20
70 58
32 40
9 7
57 49
76 59
47 27
74 27
77 21
29 85
55 50
67 29
21 14
41 62
37 72
9 9
19 99
16 47
23 24
95 95
47 50

100 20
44 55
7 54
9 41
67 12
44 85
80 62
49 98
33 4
80 77
30 33
80 84
97 66
61 94
54 72
35 89
90 70
73 57
2 74
3 76
99 27

100 20
43 77
7 18
70 93
15 31
39 29
14 65
21 51
61 22
25 52
29 57
40 64
95 99
66 58
3 49
68 92
75 23
74 88
89 38
73 96
73 26

100 20
90 60
77 31
5 9
68 80
33 82
95 49
54 41
92 29
100 49
11 58
31 99
35 35
91 48
30 69
74 53
46 84
92 92
56 64
36 16
85 27

100 20
18 35
28 21
59 74
92 64
84 96
85 37
20 36
13 84
30 82
51 59
68 97
65 46
23 72
45 45
79 63
6 99
42 62
17 55
74 30
34 57

100 20
36 94
93 90
68 31
61 40
9 29
17 33
14 60
18 95
29 76
29 18
74 59
46 41
25 26
92 39
71 95
46 24
64 68
48 32
76 34
100 12

100 20
38 31
39 81
59 6
23 32
29 49
35 72
24 25
70 66
57 46
66 63
7 59
67 41
96 53
34 69
81 87
97 87
44 74
3 15
30 30
52 94

100 20
57 18
17 80
5 17
44 48
5 61
31 4
81 69
70 84
64 33
96 10
96 65
94 29
16 44
3 56
53 95
27 3
19 49
61 39
85 21
77 79

100 20
85 65
25 19
69 39
24 9
19 62
72 37
61 24
16 100
34 96
76 47
87 69
31 18
87 65
23 72
92 74
22 22
9 26
96 65
37 92
11 66

100 20
20 4
26 94
97 100
94 99
26 95
53 57
4 85
54 64
49 66
63 82
62 38
17 19
3 64
94 82
70 75
65 76
9 96
72 12
45 29
63 44

100 20
52 68
80 40
11 49
36 30
6 7
28 90
22 1
20 27
88 58
13 59
32 36
6 28
55 32
10 43
19 37
8 82
41 99
97 5
85 43
100 99

100 20
41 90
77 40
43 90
11 27
32 59
27 20
75 93
13 39
63 78
21 18
41 3
79 41
45 53
56 98
100 58
76 99
39 65
73 100
1 23
52 16

100 20
52 78
42 14
77 57
65 68
40 91
21 56
82 58
75 78
27 44
10 4
46 55
82 12
29 64
58 73
36 83
48 56
67 21
11 50
57 79
7 71

100 20
18 37
31 89
36 32
60 37
90 68
85 28
11 2
92 87
79 58
36 3
25 18
10 75
51 35
27 44
29 92
20 77
98 87
3 12
93 87
33 99

100 20
9 44
77 23
54 80
10 11
31 8
15 29
45 66
34 2
74 79
14 78
3 7
77 54
6 86
94 95
50 13
66 97
35 73
34 1
61 81
95 59

100 20
73 86
81 39
40 48
57 99
35 87
1 55
81 65
71 35
49 14
21 71
78 44
80 39
47 75
27 75
27 88
80 69
79 87
12 48
54 17
76 6

100 20
74 79
77 52
30 98
17 78
56 52
98 86
19 80
2 33
20 84
15 23
27 16
35 1
23 45
58 34
53 86
48 40
57 21
59 30
37 75
96 4

100 20
43 42
37 39
21 4
70 12
38 96
49 92
23 66
33 82
80 77
24 60
25 15
28 49
51 7
59 47
49 31
89 11
8 5
60 76
91 73
99 68

100 20
40 77
39 16
71 96
75 78
24 59
13 90
46 82
19 33
24 57
14 25
55 90
68 41
41 65
39 47
42 47
93 69
15 60
54 29
28 14
52 94

100 20
20 2
19 13
95 90
7 85
64 30
55 46
56 26
56 66
29 97
40 33
4 62
85 42
87 42
28 25
79 78
52 54
82 69
35 72
26 71
94 27

100 20
11 68
31 23
54 16
90 71
17 96
68 87
99 39
7 75
21 54
17 21
44 88
12 49
89 28
34 45
15 45
16 37
19 87
95 40
71 9
15 20

100 20
48 73
29 74
58 72
59 89
99 68
100 77
64 52
18 24
60 56
66 45
26 50
54 78
29 45
21 84
20 62
84 48
22 34
90 67
90 81
40 49

100 20
52 51
96 65
57 94
77 16
4 18
97 99
90 75
51 51
95 47
19 94
92 74
47 59
74 26
66 30
38 73
3 99
81 40
85 55
95 36
76 55

100 20
78 50
1 50
61 17
46 57
80 30
75 84
22 20
54 52
77 21
45 36
26 34
83 80
89 20
81 15
30 80
94 78
23 12
23 95
80 74
49 55

100 20
74 45
68 10
59 40
66 1
5 54
72 7
8 36
88 100
61 87
50 22
65 82
50 57
18 66
96 6
30 89
12 15
40 58
36 18
81 60
4 57

100 20
55 2
24 19
73 9
35 100
88 37
24 59
36 5
17 43
9 99
31 14
28 37
84 93
89 21
85 85
21 85
33 73
6 22
64 41
97 69
96 51

100 20
83 90
10 97
78 22
65 43
10 93
49 89
84 21
24 14
73 89
4 86
89 28
54 2
94 51
95 42
43 44
8 54
89 74
26 73
10 15
44 66

100 20
91 54
82 95
50 1
31 89
4 26
88 73
82 84
30 86
51 41
69 70
2 13
10 73
56 66
80 53
50 39
59 69
1 67
60 59
34 76
68 56

100 20
7 56
36 53
57 48
41 6
21 36
90 95
1 88
42 8
51 20
52 53
63 75
82 11
89 64
79 18
59 14
95 68
65 100
21 14
41 82
84 66

100 20
16 35
59 74
25 100
73 48
43 80
14 40
91 58
26 17
42 87
73 14
11 54
10 10
11 68
46 42
91 92
55 35
90 32
97 2
17 20
27 84

100 20
27 66
67 30
69 83
64 18
18 49
77 94
22 33
62 88
9 10
92 42
40 83
12 86
96 65
87 85
58 87
48 97
56 13
100 22
90 4
96 58

100 20
87 7
29 91
10 15
65 48
65 65
24 18
69 30
77 31
75 86
58 62
91 47
62 85
20 70
42 3
59 92
32 90
77 42
20 10
24 39
38 56

100 20
88 15
72 64
96 93
30 72
38 71
91 92
51 2
68 55
59 34
76 39
37 90
9 44
20 99
38 54
16 25
91 61
35 77
61 93
55 58
31 22

100 20
96 81
44 70
14 51
34 15
52 31
58 83
49 98
66 40
35 69
45 93
45 84
9 26
32 20
5 34
23 4
36 16
34 37
40 58
31 45
6 75

100 20
19 72
1 64
86 15
89 13
56 7
33 37
39 20
42 37
10 33
48 49
69 14
88 22
21 74
39 61
14 68
22 83
69 93
24 98
52 67
62 55

100 20
43 92
28 62
80 61
11 95
16 95
29 13
33 7
79 59
38 78
97 63
1 77
62 76
8 18
65 60
16 45
65 88
59 28
80 68
51 37
52 16

100 20
84 62
65 70
80 54
31 3
24 63
71 79
83 85
16 65
5 98
44 55
71 41
60 58
76 49
35 85
9 34
24 40
25 79
13 91
34 9
48 28

100 20
24 97
55 61
97 53
14 48
77 62
16 4
47 82
95 69
86 72
31 84
29 49
22 20
56 55
16 61
15 61
71 96
34 82
100 49
81 70
8 76

100 20
18 62
79 30
11 17
60 86
19 60
20 89
2 83
78 26
73 85
59 66
35 95
12 89
80 42
83 56
62 63
32 19
38 78
14 62
74 71
60 4

100 20
10 65
13 20
14 91
27 62
41 49
69 52
4 75
91 18
58 71
63 34
37 23
63 31
71 72
31 61
70 13
77 81
50 77
6 56
45 75
1 62

100 20
77 2
43 88
32 59
71 7
80 96
19 93
45 6
41 40
69 50
99 63
75 72
24 69
97 46
22 61
36 84
20 75
91 52
32 37
93 78
19 53

100 20
49 98
6 55
81 22
78 92
85 51
65 32
82 62
46 56
39 3
92 72
38 73
23 61
7 61
83 50
56 90
78 60
47 12
10 18
92 53
79 96

100 20
46 45
10 12
45 20
36 31
67 4
95 76
18 41
86 69
35 67
23 53
2 59
29 83
22 17
12 41
5 26
45 40
16 38
39 6
66 32
66 46

100 20
32 18
40 5
71 14
43 1
5 69
34 86
83 39
93 55
6 53
55 80
22 50
50 21
98 87
84 9
33 9
47 1
45 47
72 75
67 64
42 85

100 20
30 16
28 21
39 60
75 95
31 79
83 49
1 34
16 83
47 15
74 34
53 58
60 85
78 33
78 20
30 47
63 37
94 92
28 51
21 52
1 24

100 20
38 11
56 11
40 12
61 99
4 39
16 63
57 71
61 96
4 25
8 44
49 39
57 68
93 31
30 84
90 90
21 50
33 63
55 73
12 75
6 53

100 20
50 48
88 26
84 21
61 15
17 85
1 71
28 1
78 60
100 99
76 80
62 29
42 49
89 79
36 28
20 68
23 8
24 43
11 76
35 82
53 16

100 20
83 13
60 93
73 94
54 30
76 24
74 81
43 62
10 26
90 64
18 44
74 73
51 63
64 69
3 1
43 90
9 18
28 47
5 40
28 74
54 48

100 20
90 16
77 69
74 12
51 55
39 21
61 97
54 53
70 19
45 5
54 65
73 9
37 90
40 68
88 20
18 39
22 45
7 99
52 55
80 17
43 65

100 20
67 45
84 22
27 43
35 28
23 57
59 35
8 48
16 65
9 95
42 67
25 20
61 21
18 38
77 74
53 55
1 48
94 49
58 86
68 96
1 84

100 20
81 21
15 80
31 38
45 59
93 77
76 62
32 44
79 32
3 31
41 56
69 60
94 63
51 79
80 33
20 27
52 92
86 33
43 68
22 96
95 50

100 20
35 19
62 92
90 87
68 87
9 90
54 9
97 14
32 52
52 16
99 5
52 72
1 82
18 40
78 9
10 81
65 23
78 79
83 41
21 1
91 91

100 20
17 7
100 67
74 70
49 82
40 52
92 99
40 53
25 63
28 4
22 80
72 84
81 2
1 97
98 54
41 64
87 87
14 79
2 79
85 76
9 33

100 20
98 56
93 64
31 30
66 13
14 18
46 46
26 51
54 10
71 17
58 80
37 7
45 18
1 13
81 34
24 69
53 50
13 36
98 86
32 54
98 4

100 20
10 70
8 1
45 65
28 49
21 26
61 1
3 22
99 20
75 8
68 37
89 46
36 48
93 1
66 68
9 1
42 87
54 79
51 56
10 72
39 93

100 20
44 57
68 43
86 25
95 12
55 73
64 58
85 70
10 32
95 49
41 24
61 63
51 52
63 39
29 31
41 31
89 42
24 63
39 61
65 38
21 11

100 20
26 33
89 1
15 75
26 62
52 41
79 25
40 24
28 96
5 84
36 74
34 50
67 23
10 62
60 32
72 71
52 30
86 6
41 85
92 92
20 59

100 20
64 50
48 67
92 3
41 92
55 30
99 40
80 91
57 71
46 32
62 21
69 99
21 28
79 68
68 73
69 98
97 75
61 97
94 52
62 84
78 89

100 20
83 46
55 70
10 99
29 60
70 34
42 86
2 9
15 31
99 26
49 82
28 73
98 41
87 74
42 87
47 90
7 7
85 92
95 78
39 19
9 35

100 20
81 17
50 97
54 65
31 44
2 85
90 90
90 86
67 36
16 17
35 66
74 26
76 28
65 14
61 49
88 44
70 81
99 13
43 23
83 74
48 12

100 20
78 38
32 56
42 70
8 14
74 45
45 83
38 12
8 34
10 19
65 79
65 86
25 27
96 29
87 35
15 26
67 97
22 66
53 11
69 75
2 63

100 20
24 12
100 6
96 52
72 30
10 93
99 83
17 32
97 14
43 54
74 27
93 20
33 65
40 1
26 6
21 35
40 4
50 3
44 94
85 71
19 52

100 20
27 81
8 65
83 10
44 30
9 16
85 37
50 78
97 12
45 30
9 53
57 82
5 64
75 63
57 25
26 61
84 57
41 38
43 8
52 47
99 10

100 20
95 26
45 46
90 45
98 18
20 22
19 33
32 30
30 43
25 28
94 34
88 67
95 77
8 63
61 9
86 7
69 76
56 96
66 24
74 92
50 78

100 20
100 2
32 73
77 20
60 30
45 99
16 97
22 36
41 35
9 48
26 53
26 31
5 14
14 98
93 27
23 95
93 50
21 47
28 5
7 53
23 74

100 20
28 1
44 79
9 30
62 87
13 2
42 67
38 63
54 7
99 67
29 100
28 73
33 41
24 97
18 74
76 32
87 98
77 86
51 40
54 90
15 56

100 20
62 5
67 50
100 57
70 94
40 10
44 37
54 87
40 37
82 60
20 4
57 16
8 17
36 82
56 75
9 66
49 47
38 67
79 89
50 62
100 94

100 20
97 53
18 85
32 5
48 55
94 67
16 53
82 8
97 47
89 86
74 75
89 63
73 92
38 97
16 4
49 58
7 10
76 29
51 6
32 67
79 73

100 20
24 71
71 83
59 9
87 24
10 51
80 9
40 77
20 98
96 57
15 68
76 48
85 72
68 81
82 63
77 14
96 3
71 71
14 67
28 73
40 70

100 20
67 15
100 17
46 96
62 38
12 22
32 73
38 83
79 60
46 41
60 65
62 87
12 56
85 4
52 12
36 71
21 78
33 32
44 35
31 12
68 24

100 20
57 92
33 82
30 19
67 34
9 27
45 46
6 97
84 2
23 29
52 73
18 67
67 17
82 24
56 46
47 67
24 78
26 28
13 95
86 96
40 92

100 20
100 23
52 64
21 35
79 89
1 91
45 70
77 14
24 7
50 13
9 84
64 33
19 56
9 37
8 74
15 29
80 92
8 17
48 33
73 93
62 77

100 20
53 95
84 35
46 6
73 83
41 62
49 3
41 14
42 59
48 58
39 6
8 43
26 5
3 69
57 10
72 57
54 35
78 55
86 69
44 76
58 54

100 20
48 34
30 19
80 21
94 28
46 67
12 41
89 49
48 74
6 91
67 55
88 87
43 30
46 61
78 4
11 22
60 57
26 4
31 74
89 2
87 47

100 20
75 70
47 60
49 98
18 36
82 24
43 3
97 45
94 93
51 84
2 77
33 52
74 65
19 16
90 44
98 53
26 95
47 68
94 23
100 65
83 16

100 20
55 34
69 78
60 13
80 10
37 6
79 36
66 85
79 24
53 75
12 61
33 73
100 34
45 88
62 68
42 67
93 5
50 90
30 23
93 88
48 69

100 20
97 9
73 72
11 45
30 78
37 38
87 15
87 36
7 32
33 55
7 78
23 76
28 56
22 58
36 59
21 11
29 27
76 91
9 97
81 52
95 92

100 20
65 22
16 63
92 25
59 47
77 91
56 73
35 30
48 11
9 98
9 50
56 80
54 31
61 87
8 13
7 65
58 62
77 61
73 5
80 54
58 19

100 20
77 3
7 15
5 13
83 72
77 63
21 88
74 15
81 11
99 95
7 39
52 1
19 48
55 92
90 8
77 60
10 34
41 35
99 54
90 26
68 66

100 20
6 55
66 38
98 75
75 19
34 66
28 22
79 69
86 83
84 40
76 96
72 27
16 8
79 60
87 8
60 78
70 42
60 30
7 44
19 24
61 50

100 20
24 76
33 2
89 77
22 66
15 87
47 91
17 43
78 66
98 97
89 88
27 58
25 20
59 95
61 67
59 100
71 62
79 49
86 97
26 66
44 38

100 20
96 72
81 87
68 77
70 91
52 61
20 99
8 79
11 74
8 19
72 8
6 37
37 43
67 44
24 59
7 68
71 78
64 15
36 95
55 90
26 14

100 20
29 17
31 99
3 54
13 40
44 64
8 81
96 22
19 22
53 83
51 3
55 52
91 53
60 64
21 24
27 54
30 52
90 25
7 21
86 69
62 79

100 20
47 98
10 41
35 10
21 40
70 77
1 29
92 84
40 22
7 32
72 81
59 82
6 29
92 4
7 44
84 8
98 95
26 53
57 81
66 75
50 21

100 20
88 14
37 94
26 32
6 85
47 40
75 55
25 45
21 89
8 20
93 97
81 63
23 41
61 37
40 13
74 46
85 54
12 36
64 27
39 98
12 32

0