100
100 10
1 76
87 19
1 75
80 71
2 94
79 19
46 54
5 61
76 98
76 41

100 10
3 60
64 99
94 14
56 84
58 36
67 42
76 8
17 11
17 17
11 34

100 10
27 69
24 2
77 34
3 86
99 19
7 28
66 53
35 97
71 86
9 19

100 10
36 14
2 16
32 25
11 76
63 81
83 67
47 60
2 87
54 15
60 84

100 10
14 80
3 83
99 76
60 10
38 98
97 93
77 52
37 5
38 25
52 99

100 10
82 75
4 31
12 24
19 26
31 11
61 91
90 76
19 73
45 40
16 14

100 10
72 64
15 46
55 93
37 92
13 59
42 86
80 51
68 30
61 97
22 95

100 10
71 37
25 25
51 54
17 15
78 65
42 76
1 73
73 68
87 17
14 42

100 10
100 19
14 21
31 32
61 40
4 57
1 33
60 38
31 89
61 40
26 98

100 10
76 34
81 66
58 52
25 42
25 84
86 75
23 59
6 6
76 84
84 75

100 10
1 58
83 4
98 29
63 99
99 73
75 85
77 74
93 5
64 97
86 59

100 10
69 93
62 66
86 86
26 93
77 72
46 29
76 80
69 84
90 75
97 22

100 10
38 68
11 15
81 56
45 69
1 72
10 49
81 2
36 90
11 74
91 99

100 10
45 39
36 87
24 74
12 31
61 28
75 80
85 50
47 59
70 27
88 82

100 10
19 69
22 89
95 96
84 74
61 52
42 34
29 37
3 85
97 46
66 44

100 10
13 75
50 59
15 18
95 24
25 11
60 4
5 47
66 53
30 2
12 41

100 10
41 55
25 18
83 78
97 14
85 21
92 33
23 64
71 95
95 87
84 28

100 10
88 3
63 95
63 19
57 29
47 6
83 82
59 6
89 82
1 42
45 80

100 10
72 66
82 88
62 64
71 69
28 68
15 92
18 71
69 51
31 83
82 91

100 10
26 17
37 36
72 37
7 78
94 15
62 70
91 50
100 82
69 78
10 25

100 10
19 12
72 51
96 24
14 89
97 34
59 32
91 7
73 2
92 28
14 37

100 10
29 84
19 97
96 10
13 90
41 84
21 19
92 5
26 99
51 38
45 24

100 10
79 79
52 6
91 31
90 63
38 54
4 18
23 27
55 43
95 70
40 75

100 10
8 4
85 66
96 35
15 59
1 59
27 34
88 18
91 70
40 38
85 77

100 10
81 23
70 55
92 23
88 51
78 11
8 9
59 45
63 18
54 85
3 63

100 10
4 94
80 40
79 97
74 92
81 56
38 69
48 98
99 31
64 81
1 71

100 10
62 24
4 22
63 29
90 90
84 84
50 18
1 83
60 17
89 59
6 29

100 10
39 63
72 25
5 49
76 18
31 90
3 11
45 27
97 5
20 15
27 93

100 10
76 80
100 68
50 84
98 50
95 33
91 93
60 86
42 28
63 23
31 40

100 10
19 43
20 26
28 38
74 38
46 74
7 72
31 86
98 30
26 44
19 11

100 10
50 25
49 6
44 37
13 100
9 70
69 37
1 59
57 77
11 60
77 67

100 10
39 14
85 38
21 61
69 64
60 44
37 18
90 59
58 32
95 57
84 55

100 10
25 56
76 75
15 79
30 77
5 73
55 78
2 55
91 7
27 71
43 64

100 10
66 47
97 92
89 14
69 2
71 87
51 4
34 35
63 63
24 51
55 53

100 10
82 94
60 54
100 96
79 67
39 82
69 80
49 58
7 27
92 41
18 85

100 10
38 25
32 58
37 98
17 97
50 14
17 85
7 56
55 60
27 11
100 8

100 10
25 89
40 86
23 93
59 69
98 75
17 92
9 37
11 59
39 57
41 87

100 10
70 1
67 20
8 93
51 12
40 20
71 18
17 10
8 64
83 17
38 93

100 10
8 66
75 56
41 34
40 23
64 68
54 69
27 10
42 86
5 39
42 42

100 10
78 94
91 9
58 74
12 27
49 48
78 80
28 86
98 22
84 5
64 6

100 10
24 99
79 47
84 29
8 73
46 41
60 33
29 65
50 12
22 66
55 41

100 10
32 47
47 34
46 97
7 99
4 65
45 99
38 28
95 62
100 23
73 7

100 10
83 44
87 12
30 49
59 49
1 83
15 82
45 92
82 70
80 67
35 24

100 10
48 19
46 41
66 37
75 54
61 25
82 96
15 58
49 45
94 2
87 83

100 10
1 6
25 26
48 73
50 87
91 55
26 5
70 71
39 76
65 23
17 1

100 10
57 62
90 7
29 86
10 26
45 61
16 58
94 6
7 29
68 77
40 6

100 10
12 15
60 31
3 96
7 21
86 85
52 29
67 82
94 79
78 42
71 65

100 10
44 68
7 64
15 74
24 42
2 95
36 54
17 87
45 84
89 33
86 17

100 10
66 87
61 77
94 62
40 54
65 63
33 44
99 18
4 72
44 10
40 90

100 10
97 39
24 2
2 73
21 72
9 90
50 28
72 22
43 20
83 48
53 11

100 10
39 93
45 77
61 63
81 47
45 6
41 57
95 24
38 96
21 58
75 12

100 10
10 39
28 22
93 38
35 18
41 13
51 96
40 79
91 1
91 47
45 73

100 10
94 18
71 87
8 85
91 85
9 89
91 70
50 25
50 52
100 31
70 38

100 10
71 15
47 47
45 22
7 65
76 38
78 65
27 1
22 18
38 40
46 17

100 10
91 63
78 32
70 63
41 60
23 8
54 52
11 2
3 21
36 87
7 76

100 10
47 20
31 34
34 74
96 55
28 84
2 48
25 18
29 25
100 10
60 24

100 10
36 8
57 52
85 62
12 1
33 55
12 85
56 58
78 24
29 76
68 36

100 10
55 61
75 88
61 55
59 45
89 38
83 43
53 80
5 59
63 65
11 88

100 10
69 86
13 45
88 51
66 85
16 75
63 86
29 91
99 43
44 92
52 35

100 10
9 24
8 70
70 31
62 9
27 2
21 56
79 21
37 87
79 5
99 1

100 10
24 38
62 60
21 11
66 10
74 66
53 36
4 92
19 85
54 74
1 87

100 10
78 68
49 90
92 37
78 67
12 98
35 37
91 60
18 21
14 56
99 12

100 10
12 59
35 5
59 75
15 73
17 49
1 13
54 32
27 54
39 37
61 24

100 10
12 49
88 4
38 96
30 66
77 100
63 75
20 93
88 93
11 55
85 23

100 10
11 61
64 75
100 61
87 48
23 47
61 49
59 14
97 100
66 28
98 49

100 10
34 38
77 59
55 30
41 94
29 91
2 83
11 80
80 100
87 76
31 12

100 10
25 12
8 2
97 15
51 7
56 95
73 65
18 7
1 41
5 95
18 55

100 10
5 53
77 60
31 30
5 80
97 57
49 83
94 1
31 41
16 74
99 54

100 10
18 82
89 25
81 42
17 54
40 94
49 88
74 94
90 60
24 30
47 77

100 10
1 1
27 85
86 80
29 60
25 57
25 71
79 100
17 20
96 9
14 49

100 10
84 71
1 43
49 20
3 5
78 68
73 62
26 3
99 23
66 72
73 66

100 10
54 36
21 28
35 36
91 76
52 81
50 54
7 37
96 71
14 62
1 9

100 10
35 45
70 22
52 25
65 11
80 42
86 95
83 80
39 95
73 34
61 80

100 10
96 92
26 69
60 85
92 35
32 61
97 95
97 91
50 61
30 84
1 47

100 10
18 36
15 85
2 16
40 84
38 11
12 33
64 73
64 95
86 99
76 53

100 10
98 61
42 18
50 8
25 20
9 99
52 31
67 43
59 26
49 59
50 39

100 10
38 42
6 63
16 78
64 89
36 12
48 43
36 40
91 2
64 42
93 38

100 10
84 88
25 77
83 63
87 34
70 61
83 94
45 35
34 55
41 84
18 3

100 10
12 38
96 69
55 100
80 48
46 68
19 8
7 21
77 46
34 10
15 17

100 10
95 30
63 23
86 19
31 62
48 4
46 56
54 48
35 84
29 86
9 79

100 10
29 11
84 35
61 49
95 79
74 79
1 34
67 93
70 55
22 19
100 54

100 10
43 99
78 5
77 86
80 4
24 96
19 87
4 8
49 49
56 39
36 90

100 10
35 79
10 6
81 39
81 63
96 17
58 4
77 94
80 20
97 44
63 20

100 10
2 66
72 53
48 82
82 73
6 4
98 23
48 88
58 8
37 56
85 59

100 10
75 25
1 95
31 46
26 40
75 87
37 63
90 4
16 36
34 58
6 35

100 10
21 59
82 78
43 32
10 11
82 24
16 56
53 39
73 51
71 5
72 11

100 10
55 89
29 43
17 8
18 50
47 72
39 58
96 6
64 86
56 31
75 59

100 10
74 67
58 89
32 99
87 71
99 58
2 26
8 70
74 65
22 8
84 76

100 10
20 64
4 74
62 12
15 53
15 49
55 4
20 93
76 88
92 92
51 5

100 10
20 67
62 80
80 89
2 34
42 39
33 91
14 97
52 31
31 67
28 26

100 10
25 9
3 58
15 17
63 34
23 56
49 71
56 57
6 43
15 25
74 29

100 10
68 34
86 73
74 69
59 61
84 56
20 8
68 86
63 77
54 70
39 68

100 10
26 41
67 48
53 94
76 6
58 3
70 100
80 51
66 88
59 38
86 20

100 10
13 83
78 81
19 92
78 21
88 98
32 14
25 6
26 15
81 49
77 60

100 10
58 35
18 3
27 91
2 80
99 80
79 13
70 47
86 88
35 47
77 42

100 10
93 29
98 81
3 83
61 62
95 7
24 36
99 68
54 66
79 31
76 73

100 10
60 63
42 47
12 34
5 52
58 37
67 63
47 12
16 50
11 77
89 95

100 10
26 33
54 76
40 22
27 70
43 27
55 35
61 44
30 63
1 78
88 17

100 10
55 95
34 41
46 1
73 2
93 100
25 53
61 72
91 33
95 64
42 50

100 10
36 66
48 89
39 86
90 2
2 40
1 95
10 3
16 50
82 30
30 17

0