100
100 80
65 54
22 90
34 23
24 62
43 65
6 90
36 53
78 82
62 86
55 19
21 95
7 44
43 93
1 12
98 26
7 19
94 77
99 32
45 29
56 30
49 98
30 44
62 84
11 33
89 19
48 96
11 12
41 54
68 24
52 69
46 19
33 69
93 69
22 3
84 51
25 63
4 5
35 9
8 66
84 72
16 80
7 41
49 89
76 6
7 100
16 17
37 36
57 77
71 12
82 85
62 68
68 11
36 49
17 85
55 41
84 41
32 21
57 15
71 31
43 82
74 21
39 5
25 92
65 20
85 99
23 96
100 97
23 8
97 31
38 13
57 93
76 9
10 12
5 81
27 57
15 10
31 79
12 8
78 98
67 31

100 80
76 54
9 90
90 23
22 85
41 60
61 36
48 58
93 74
61 65
75 69
12 27
73 55
53 26
14 62
19 38
40 34
61 11
71 28
49 22
54 45
3 13
97 53
45 28
66 88
90 37
12 32
84 57
32 79
17 38
65 62
43 13
71 15
36 23
60 77
60 46
62 71
28 63
46 86
13 18
40 36
43 54
31 59
81 50
70 90
40 98
94 18
42 34
18 16
70 78
97 85
79 84
63 96
10 5
90 82
87 31
61 43
75 68
66 24
85 22
41 94
85 40
59 78
44 86
56 52
57 72
57 60
80 84
62 33
64 100
24 86
60 40
57 87
97 79
30 80
7 86
21 12
61 51
98 79
93 70
4 46

100 80
88 14
83 31
90 87
48 45
80 34
84 26
65 93
50 4
87 3
98 92
69 70
98 34
43 62
38 16
26 8
41 33
2 29
25 18
63 7
67 35
87 11
80 59
27 82
40 48
25 57
11 15
5 74
71 24
20 97
4 88
13 72
51 41
86 66
46 85
37 99
53 75
36 12
58 8
90 39
30 52
72 3
17 49
61 10
81 9
84 54
50 6
96 28
5 98
8 31
93 53
96 60
58 55
77 45
22 87
64 71
68 82
11 12
65 85
67 56
47 19
100 78
9 98
50 65
54 49
80 17
16 16
90 38
62 64
40 86
69 94
99 24
2 65
100 29
50 7
34 89
37 49
98 97
43 49
99 77
90 40

100 80
33 20
47 73
62 51
58 73
66 15
72 55
14 50
33 69
78 26
27 71
53 33
73 35
34 15
63 78
34 96
45 2
41 55
99 33
49 27
92 26
72 42
82 50
4 93
29 87
56 45
72 8
14 6
86 51
8 8
79 86
3 69
12 96
22 7
49 86
82 100
75 20
61 100
92 1
35 8
93 44
54 73
38 21
12 13
38 67
51 78
14 80
92 67
63 42
41 2
92 98
44 73
11 73
63 88
1 60
13 97
67 59
36 41
8 31
6 82
76 4
21 64
9 59
33 47
19 38
41 81
77 26
26 89
58 15
27 87
3 73
38 78
15 38
64 64
44 91
69 49
71 55
23 81
2 54
68 24
36 85

100 80
72 34
9 50
42 95
55 76
70 58
46 77
95 13
57 59
26 92
16 22
86 81
15 96
50 64
33 38
56 43
23 98
1 48
35 57
91 57
58 65
28 77
67 66
28 89
70 68
41 36
88 4
41 35
14 15
15 65
87 17
2 23
20 76
58 97
77 80
94 32
85 99
69 53
97 96
43 78
73 34
86 48
54 81
27 12
12 47
13 14
46 100
6 66
6 7
75 51
82 24
89 80
76 32
48 68
47 100
83 24
60 3
68 64
47 69
58 81
3 55
20 81
63 74
23 93
84 20
21 40
89 77
63 90
79 31
84 11
28 60
92 97
11 27
92 75
85 72
98 51
95 96
40 46
11 93
13 59
63 36

100 80
48 24
1 23
82 57
76 78
46 68
37 24
81 12
57 78
100 28
61 31
64 21
75 72
38 37
20 80
26 89
74 67
20 62
14 94
46 80
13 76
64 86
59 51
85 99
55 87
73 82
71 89
6 26
54 16
10 29
89 86
20 50
41 29
58 49
58 26
66 2
23 66
45 84
9 90
6 20
59 79
75 24
48 7
93 80
13 36
12 16
26 77
87 95
67 48
38 49
57 29
15 98
88 52
71 25
75 34
75 46
28 71
28 12
6 11
68 3
56 6
6 72
12 42
85 17
63 16
31 93
89 26
40 19
14 90
26 15
85 6
53 94
78 8
32 66
42 23
82 79
63 26
97 70
41 91
72 56
64 96

100 80
76 8
44 27
26 71
27 61
95 53
33 12
98 39
95 2
13 6
46 63
37 88
62 57
9 8
97 36
25 85
44 96
35 21
79 57
19 3
51 44
84 59
26 11
82 21
72 44
51 95
40 7
88 92
11 4
42 99
80 50
15 97
77 22
38 62
31 95
96 34
71 99
40 11
61 24
21 85
22 43
80 26
57 25
50 62
1 60
90 89
37 78
53 12
57 77
26 75
28 51
42 9
92 27
90 19
91 96
26 90
8 48
10 18
63 85
28 30
91 85
74 44
75 47
87 49
81 7
68 30
62 23
49 53
60 86
73 2
94 62
57 93
83 55
58 41
14 63
76 36
12 100
78 72
98 98
52 53
5 36

100 80
70 76
7 63
21 78
55 72
68 85
86 48
64 33
45 13
85 6
97 25
90 45
98 54
41 28
34 62
87 72
58 53
10 21
3 76
68 53
14 97
16 87
46 28
2 37
64 29
40 7
79 15
19 38
2 70
42 4
93 17
52 35
37 81
72 92
39 38
44 7
98 99
33 65
49 15
78 93
27 81
95 60
98 33
21 67
87 85
82 41
62 100
84 32
5 29
46 97
83 80
96 54
55 71
33 65
34 38
40 81
12 57
41 93
21 40
95 30
7 61
22 54
1 39
79 54
20 13
93 49
49 35
29 21
63 24
23 15
3 2
91 27
93 25
71 99
87 30
56 22
44 66
41 22
76 63
21 75
71 90

100 80
37 88
78 79
19 41
56 9
44 36
17 23
91 79
26 70
66 94
19 55
63 2
88 79
28 45
6 95
35 14
22 35
10 74
79 17
93 2
13 71
82 42
10 93
61 45
44 69
62 20
98 33
71 3
1 41
18 84
35 36
69 3
61 86
86 41
47 77
26 64
33 37
18 87
39 86
55 83
56 18
78 71
38 1
22 1
17 91
60 93
91 85
43 13
38 44
4 42
29 71
37 49
96 16
8 26
52 88
64 28
5 38
1 45
57 96
39 10
10 99
50 43
99 13
1 41
22 36
19 64
74 43
36 50
62 80
80 72
60 83
3 69
83 97
71 77
19 5
17 85
68 37
44 55
78 21
8 28
4 8

100 80
16 2
53 57
26 92
59 23
29 39
84 8
46 52
41 53
61 41
9 9
27 47
3 3
97 86
18 69
7 83
26 31
15 8
46 10
11 19
19 19
74 52
96 4
46 39
9 53
90 76
10 43
12 82
37 8
5 35
71 56
19 93
7 79
44 8
46 13
45 24
30 99
39 45
83 49
81 71
60 71
63 64
14 32
17 77
31 75
32 53
9 19
76 79
36 21
48 94
87 76
13 37
3 91
85 63
27 55
14 63
36 85
60 34
34 19
13 38
54 79
30 66
19 45
12 24
52 60
71 23
81 99
39 8
51 44
18 14
56 11
34 83
65 24
20 90
27 50
93 93
33 15
94 37
6 100
5 13
65 59

100 80
32 6
9 45
1 34
45 68
100 7
9 37
100 17
33 86
82 93
92 78
80 46
65 2
31 76
72 78
9 76
76 79
22 11
83 33
87 12
42 30
76 93
89 15
29 90
87 76
79 88
69 91
30 87
43 12
13 30
26 15
56 82
100 88
75 35
81 42
14 35
83 93
76 36
78 18
17 69
48 21
45 46
44 98
2 12
37 50
51 85
49 42
77 43
72 22
22 91
59 2
60 83
45 59
71 16
63 84
71 88
17 59
27 98
49 27
85 35
100 66
27 28
9 77
10 44
9 58
44 34
44 57
62 97
63 3
78 83
44 5
83 7
60 76
61 70
59 94
66 80
43 95
24 18
34 69
84 32
95 77

100 80
100 93
94 10
1 55
34 10
3 55
70 48
4 55
82 19
43 2
53 62
100 83
9 56
27 8
54 72
92 66
66 29
62 99
28 59
58 25
73 41
14 91
3 23
15 99
41 64
66 34
84 11
76 22
93 65
36 49
94 74
77 19
45 95
86 97
51 46
98 18
79 20
50 46
39 79
22 100
28 67
22 75
15 42
3 59
83 79
61 75
63 88
49 82
48 13
49 23
3 14
100 4
62 67
16 93
12 76
67 34
37 49
65 49
45 74
76 91
58 55
75 80
1 50
87 3
52 97
26 66
54 59
18 12
38 56
5 53
42 30
12 2
33 31
10 5
54 41
38 24
16 33
87 61
60 92
40 47
33 6

100 80
7 50
57 34
75 30
5 71
43 91
36 1
90 46
31 63
50 6
37 36
32 86
95 54
79 73
42 18
77 99
23 4
99 19
44 47
60 37
32 15
81 59
55 57
3 53
12 72
12 58
59 91
87 22
43 57
86 48
21 10
10 100
44 92
84 75
62 39
57 4
79 88
37 18
19 80
26 94
54 80
60 13
56 39
78 11
39 9
76 74
32 31
27 36
41 62
77 31
22 38
100 99
29 72
86 12
27 45
87 23
92 32
93 70
92 56
95 66
32 99
63 14
55 88
75 20
100 76
46 32
1 17
52 96
24 39
43 84
65 90
36 42
53 81
72 86
67 69
46 56
91 17
84 87
96 75
36 24
21 38

100 80
39 9
92 96
83 40
76 9
43 51
1 4
24 52
65 43
1 38
54 99
32 16
50 67
14 36
47 38
27 62
84 20
57 79
31 57
43 32
84 20
60 74
3 7
50 55
85 65
20 42
71 70
80 45
49 89
33 90
19 89
90 59
75 64
16 60
93 63
54 69
34 25
90 55
6 11
87 79
73 52
49 63
92 57
80 54
87 93
98 78
43 30
38 10
88 67
75 48
60 60
22 33
84 14
21 47
44 58
31 96
1 39
57 96
82 53
41 24
98 3
30 70
77 49
29 17
38 37
48 23
12 50
2 98
14 31
8 48
87 53
38 97
74 76
67 22
32 92
47 95
3 91
10 17
7 89
64 50
9 78

100 80
58 66
15 77
16 29
2 14
23 60
15 14
92 14
13 10
5 90
50 99
69 12
1 8
2 76
19 77
82 87
17 67
92 77
48 64
7 93
9 84
27 7
59 34
13 49
73 58
24 3
55 71
53 14
42 7
26 98
46 14
71 90
37 8
33 36
77 98
46 83
56 74
99 99
94 79
55 57
47 43
24 69
81 82
1 53
97 17
41 19
55 90
59 32
7 88
39 62
36 15
62 13
30 41
72 4
57 24
87 17
95 28
25 66
48 37
28 67
7 61
74 80
43 15
90 62
45 33
44 87
90 58
56 36
41 8
69 70
19 47
28 22
41 94
9 32
59 45
92 6
51 51
53 60
35 36
4 72
47 65

100 80
80 18
52 69
98 19
2 17
83 42
88 94
42 95
80 85
86 56
86 78
7 73
40 9
15 34
16 11
13 73
54 96
82 33
32 15
7 2
23 67
29 10
49 8
45 74
70 22
17 43
86 74
96 61
39 5
28 46
60 66
32 4
37 96
60 98
5 58
14 25
60 30
35 43
84 19
15 65
50 21
62 90
59 22
21 31
83 24
9 100
11 25
84 9
15 30
75 79
96 54
21 35
75 66
61 100
99 54
91 66
33 100
99 65
16 78
78 93
39 9
69 94
46 18
44 92
8 87
55 31
3 32
16 8
25 11
89 23
70 82
81 81
9 66
38 60
17 9
87 57
15 59
52 61
100 70
42 14
42 30

100 80
65 5
89 80
70 16
82 63
48 92
49 6
48 47
55 16
79 72
31 64
43 32
100 64
49 42
68 23
46 26
27 46
50 72
56 52
86 42
99 69
49 71
1 58
16 93
86 46
58 80
57 80
12 32
56 20
98 87
15 46
90 96
21 1
91 81
98 62
56 13
13 84
93 68
66 87
52 99
10 95
89 29
33 95
15 82
44 51
100 6
34 55
18 87
64 32
78 12
18 26
30 57
54 97
86 85
53 41
23 73
73 99
80 73
74 93
87 83
66 40
33 56
68 77
93 73
29 23
27 26
80 9
77 50
31 29
24 79
89 1
44 61
92 61
51 92
54 2
10 6
68 54
93 92
67 66
50 27
77 44

100 80
94 7
73 8
30 68
80 50
51 8
41 82
50 93
80 1
82 51
87 51
24 18
2 77
22 33
94 27
27 36
41 30
16 69
84 55
71 13
13 90
58 58
83 30
60 43
94 42
23 38
55 10
18 69
83 76
44 70
28 71
78 77
41 18
11 46
49 64
30 46
47 82
50 59
2 55
60 96
65 44
45 8
57 89
19 53
82 80
67 28
70 96
27 75
49 100
59 80
9 89
48 86
51 25
1 55
61 60
24 87
51 89
75 49
46 43
43 23
88 88
1 70
87 35
60 6
28 85
29 79
17 45
10 3
26 54
60 82
95 28
1 78
95 44
12 14
22 26
17 68
72 85
21 100
6 39
12 53
84 52

100 80
30 37
53 40
51 66
29 4
12 34
86 1
74 90
57 2
31 79
50 29
63 47
46 49
63 13
47 41
62 15
11 34
70 52
40 73
40 47
14 56
28 91
89 62
50 63
57 24
37 48
12 25
52 69
36 7
91 59
13 76
27 35
1 78
67 67
24 32
73 18
100 80
15 87
29 7
38 67
32 90
33 87
19 73
97 89
93 99
97 49
21 99
99 80
71 56
5 45
82 90
66 66
76 24
50 83
10 39
64 34
94 99
59 58
47 48
7 74
20 39
61 19
47 17
44 12
69 22
47 66
15 52
75 31
28 90
98 10
2 66
71 60
97 55
61 52
31 32
57 87
45 31
47 79
22 86
36 10
25 32

100 80
18 12
83 31
17 14
48 1
22 99
16 36
73 58
24 52
48 15
21 20
47 64
21 29
97 24
1 8
100 19
24 57
86 92
50 97
36 92
18 69
77 100
58 6
82 90
25 85
100 60
95 50
21 60
11 87
6 49
64 28
93 52
65 43
81 99
63 60
49 16
88 6
96 65
53 41
86 18
7 81
71 52
88 95
43 12
61 2
19 80
36 34
5 4
15 55
32 63
96 9
51 11
84 63
100 96
11 9
64 11
65 17
80 96
94 60
96 4
3 1
2 19
93 5
10 16
97 65
30 55
65 57
21 7
8 38
90 63
27 58
52 65
21 57
4 79
97 76
16 72
96 84
37 93
100 5
10 34
44 67

100 80
64 28
38 60
35 45
66 98
16 22
42 87
31 74
79 48
14 36
91 43
60 79
20 77
98 97
66 16
56 25
67 51
14 35
14 98
65 63
36 100
75 88
55 33
4 21
5 30
45 17
78 70
90 71
18 46
16 71
90 89
98 93
13 37
62 33
78 66
29 45
39 8
27 18
87 72
84 9
88 37
41 25
87 85
8 53
5 56
93 38
20 98
100 11
64 59
73 79
56 26
53 7
7 90
52 4
97 2
65 37
72 72
18 72
7 65
3 73
94 50
92 33
62 5
65 60
19 43
52 70
80 40
34 4
56 39
78 19
46 25
90 23
66 98
100 17
73 87
89 83
83 32
44 48
81 78
44 32
73 71

100 80
70 95
85 88
93 91
70 100
9 54
51 85
27 43
74 82
42 66
45 44
4 7
100 83
2 39
70 58
36 60
40 72
79 29
29 62
40 64
30 87
70 12
51 41
17 2
97 98
60 87
25 74
30 75
65 59
9 99
12 1
74 34
83 61
51 62
53 59
95 48
79 83
1 14
14 77
96 26
45 38
2 62
10 14
56 22
91 54
13 98
65 27
50 92
24 53
87 36
75 67
43 35
56 97
33 98
36 98
49 51
92 53
31 11
69 94
16 81
20 99
8 31
13 54
74 51
31 6
67 71
47 26
4 82
83 41
2 42
47 97
96 86
8 20
68 64
68 67
22 92
49 96
50 83
68 18
5 86
73 63

100 80
11 45
7 5
3 89
7 73
40 22
57 53
2 69
21 75
66 84
87 88
28 47
63 99
85 46
75 3
41 23
12 79
20 36
75 28
77 71
65 80
34 90
79 68
18 85
24 88
51 99
25 68
90 64
3 25
14 25
35 36
71 5
82 91
75 73
68 5
28 64
30 93
38 39
22 26
80 100
89 96
89 90
33 40
25 47
94 24
88 49
98 61
40 26
21 26
43 48
45 18
60 82
31 75
54 59
73 41
15 14
32 16
46 35
46 15
49 64
49 39
85 76
50 89
5 38
7 99
16 4
6 74
12 1
70 14
68 13
40 19
50 31
96 100
14 33
63 56
57 69
71 11
28 86
38 41
93 46
38 9

100 80
34 4
30 2
24 86
48 67
80 17
18 91
84 23
7 71
50 12
95 23
32 48
66 42
41 36
97 84
45 24
45 100
75 75
56 60
1 58
4 84
89 65
68 71
41 58
19 42
36 51
5 42
19 76
73 1
78 66
39 44
66 27
3 6
41 87
36 72
56 47
28 89
18 95
27 3
75 22
93 55
76 27
75 99
31 82
3 23
58 47
23 49
21 87
38 92
34 42
23 12
37 52
58 93
59 66
10 23
7 4
77 10
65 54
43 18
84 87
84 9
11 23
63 17
18 21
4 14
37 7
56 3
51 13
10 74
11 95
78 49
69 74
24 77
88 82
68 28
25 14
95 97
64 15
70 5
3 37
41 32

100 80
34 70
16 69
36 62
72 5
69 40
3 42
90 28
43 16
33 41
8 22
88 17
4 1
73 20
52 45
23 61
2 25
100 18
46 69
48 89
97 13
99 12
55 50
91 73
99 50
96 26
41 66
18 33
99 26
83 41
54 65
74 93
54 83
14 45
90 47
94 32
47 46
70 16
47 35
86 86
12 96
41 98
12 64
40 79
73 85
4 24
40 11
41 55
59 63
26 75
19 77
50 61
48 52
12 81
79 14
69 22
46 72
96 51
68 31
74 76
3 17
65 65
7 12
87 41
67 23
49 37
67 44
6 41
74 48
22 34
69 5
10 15
25 92
49 62
69 43
62 4
94 54
71 90
59 39
17 99
15 8

100 80
42 48
88 88
67 45
60 69
78 86
44 42
62 93
55 8
31 59
76 91
76 17
62 15
95 36
11 39
21 74
48 42
84 25
71 52
59 52
95 43
61 91
18 88
61 99
66 17
5 88
47 34
56 79
12 42
89 34
57 4
62 42
79 61
5 100
8 84
59 66
58 59
54 71
70 4
94 29
22 61
26 50
63 22
46 51
59 43
31 3
64 51
94 54
71 16
75 96
21 11
11 56
46 89
85 80
42 69
48 56
56 95
83 14
20 99
73 99
32 27
38 95
29 70
90 2
83 45
41 49
66 3
2 26
72 70
33 66
13 35
87 62
3 100
15 31
32 56
45 54
77 89
23 82
9 49
99 69
54 1

100 80
98 53
17 52
18 15
3 97
54 95
14 74
4 6
79 36
97 74
10 97
41 2
5 93
59 8
1 53
39 72
43 3
10 14
100 39
100 32
69 28
93 16
23 20
19 57
36 68
19 5
63 26
89 96
30 46
99 28
15 36
99 40
6 76
44 69
36 8
93 26
73 76
88 75
42 28
97 3
76 55
98 4
2 39
93 69
70 87
34 70
18 42
66 12
13 37
7 35
20 54
71 30
49 78
66 84
62 22
75 70
87 20
21 13
8 83
31 96
45 12
87 98
3 7
25 11
97 70
38 55
60 32
79 89
36 46
60 66
19 63
43 13
81 100
30 6
56 33
25 64
94 56
4 68
79 83
20 8
12 30

100 80
43 62
65 97
50 90
55 86
55 67
85 7
80 31
99 94
88 41
37 21
78 85
52 97
26 66
1 90
46 82
73 5
13 62
61 4
45 27
94 50
2 2
52 30
20 46
42 75
95 75
17 92
82 32
67 66
83 66
25 77
9 47
75 75
14 60
77 94
5 39
78 70
3 86
58 64
70 25
76 80
51 6
5 2
79 84
30 18
17 47
14 28
82 75
93 38
53 14
2 10
38 60
52 19
97 96
36 72
38 40
63 37
40 71
97 46
19 32
99 21
31 22
24 6
2 48
16 16
7 52
1 19
99 70
92 17
2 87
10 86
79 19
62 12
55 57
77 32
5 9
33 45
89 81
33 5
46 21
51 28

100 80
45 41
97 43
6 14
42 30
37 19
55 45
86 50
48 3
93 84
8 46
50 18
5 87
56 30
74 30
10 15
37 39
31 33
15 90
73 1
58 52
36 14
83 91
35 41
88 66
64 78
18 78
60 47
27 96
41 54
97 22
58 79
77 23
55 99
56 41
76 43
16 46
3 40
5 10
97 34
14 18
36 87
42 73
90 60
70 56
83 8
60 80
98 79
33 64
19 30
3 39
61 79
80 99
16 35
72 77
42 21
88 38
54 2
86 60
9 4
37 100
96 90
39 27
7 7
86 75
80 82
14 81
4 40
36 88
70 1
4 69
57 89
66 25
54 32
21 43
45 25
30 81
21 32
35 49
89 98
98 93

100 80
12 22
22 35
21 57
75 44
72 50
27 81
8 9
94 9
49 73
79 25
41 61
30 14
40 10
19 54
3 12
95 62
84 53
90 37
15 89
57 53
76 40
33 58
99 21
30 67
41 33
48 7
36 88
74 88
70 26
36 88
99 13
15 18
93 29
80 97
17 5
39 33
22 11
99 13
4 7
58 36
98 40
75 22
10 52
26 24
75 65
9 6
7 97
53 8
93 36
19 67
28 94
11 34
16 87
56 96
75 74
3 90
15 35
17 70
28 85
78 98
41 38
42 28
58 41
69 25
40 77
36 94
56 68
75 43
11 94
23 79
13 24
73 22
17 77
14 15
63 52
88 42
94 82
55 63
48 12
88 71

100 80
48 96
75 62
24 94
42 66
81 62
16 37
68 75
36 90
16 77
91 77
69 90
99 76
30 62
77 26
56 79
89 44
100 76
32 38
68 38
58 86
5 64
69 41
95 44
48 11
82 51
72 80
61 41
36 15
100 50
22 98
39 84
85 37
99 69
39 77
9 46
10 80
45 85
43 23
65 52
34 4
61 41
86 16
12 25
63 54
6 100
9 22
76 53
65 38
96 80
55 89
60 99
10 21
77 95
51 78
61 29
2 75
83 92
69 71
52 76
97 4
96 40
43 27
73 77
3 95
83 72
31 7
77 11
18 19
76 45
74 98
74 98
55 59
15 23
91 56
47 84
75 39
37 12
68 72
48 45
89 52

100 80
45 59
76 40
49 64
92 37
33 78
83 12
61 67
64 7
73 97
15 11
66 37
49 66
14 12
66 7
100 86
19 97
28 41
72 69
9 55
31 66
52 9
26 72
7 8
62 53
69 87
34 48
55 94
89 66
34 34
70 53
61 47
12 89
17 70
66 85
62 48
90 16
80 68
40 84
3 27
10 34
68 23
23 35
75 31
7 34
54 72
42 41
13 28
18 4
83 65
95 31
30 22
49 86
41 83
51 43
60 53
87 56
85 25
34 33
75 63
74 71
96 83
50 19
100 71
13 24
39 90
1 5
98 96
49 93
38 84
66 16
50 58
15 100
53 7
72 66
92 10
99 61
69 53
66 7
85 12
1 7

100 80
73 3
13 34
62 48
91 12
45 3
92 91
57 93
31 22
2 4
97 39
56 84
79 87
24 41
3 15
43 90
20 80
76 12
44 99
6 23
47 38
72 79
59 4
2 29
26 23
21 66
85 30
92 42
91 10
68 10
5 85
47 81
63 72
94 76
5 58
4 36
60 89
80 88
48 4
86 38
11 100
19 93
20 74
92 45
58 24
68 26
67 26
76 4
92 23
91 27
19 14
35 27
57 12
55 10
91 20
80 84
25 73
51 55
61 88
72 52
87 14
31 6
46 17
16 54
80 46
71 76
87 62
90 16
26 6
99 100
56 34
84 37
62 18
4 11
66 46
51 34
48 20
68 84
100 38
31 57
36 91

100 80
39 97
82 23
24 40
22 54
69 88
83 100
76 3
58 53
12 100
89 14
82 73
78 83
73 60
98 75
43 4
51 61
49 73
61 29
32 20
76 28
12 72
93 79
36 81
82 49
92 44
47 77
94 48
26 71
26 83
83 37
93 76
22 31
52 36
53 41
88 89
92 42
73 85
36 13
75 29
98 54
32 26
37 70
70 33
63 32
34 19
18 30
9 82
96 39
19 87
19 43
88 32
24 27
46 100
12 32
49 97
84 65
99 30
65 71
39 99
56 78
91 47
42 4
24 66
30 45
61 34
47 44
87 21
74 91
87 100
85 19
100 96
20 59
94 81
16 100
3 94
86 3
31 42
68 96
4 59
29 26

100 80
12 22
47 88
48 40
54 7
100 56
50 19
95 77
42 88
30 72
66 79
47 64
20 20
3 83
93 99
79 12
93 62
41 1
89 16
11 55
43 40
76 63
30 85
29 35
46 64
29 4
83 38
97 10
75 60
100 48
4 19
63 9
89 29
26 38
67 20
83 82
31 43
42 21
58 87
65 46
65 51
99 69
1 73
1 41
21 65
2 7
69 62
16 36
70 68
44 60
20 80
73 34
54 99
39 85
97 72
12 3
34 18
83 57
41 5
91 2
97 29
79 22
38 8
30 11
85 89
16 41
69 68
39 17
71 57
32 11
41 53
24 44
93 45
86 7
52 100
31 72
76 94
62 27
82 47
24 54
37 55

100 80
85 1
83 52
27 45
64 78
27 39
2 41
88 2
9 28
18 15
67 10
11 33
59 69
7 45
21 39
72 50
61 55
3 29
1 8
48 35
61 91
80 95
93 66
4 98
53 12
35 66
17 88
73 19
69 77
6 27
25 12
47 66
25 3
91 17
94 1
30 4
83 56
36 3
17 6
62 29
22 97
65 81
58 17
72 49
17 45
90 15
67 4
25 1
54 29
70 90
58 51
36 17
65 44
19 52
55 33
89 13
36 77
47 14
43 38
89 63
34 5
52 82
81 22
80 66
23 8
35 30
22 15
84 20
50 30
15 61
85 73
74 50
20 62
79 97
51 38
82 84
64 42
88 82
87 19
63 18
11 51

100 80
32 19
25 14
78 49
5 86
41 80
98 43
79 23
78 27
90 83
62 69
52 81
15 73
63 13
19 17
6 40
45 22
80 81
56 6
47 86
75 7
68 79
18 85
93 7
39 92
41 91
51 30
69 74
71 46
80 9
1 39
62 67
20 29
29 21
78 98
59 31
75 70
66 39
59 78
64 16
19 48
94 20
41 40
1 32
63 55
76 84
64 35
100 51
43 33
2 59
25 24
93 57
77 59
25 4
82 39
62 47
81 37
40 54
72 53
55 90
48 67
64 1
74 69
80 70
72 18
78 50
4 69
41 24
73 3
63 1
69 80
58 66
33 56
23 31
90 33
40 17
41 58
60 41
47 34
87 24
96 54

100 80
83 48
18 26
90 70
36 36
6 82
69 24
6 97
46 7
93 49
90 6
82 25
31 28
76 24
57 5
4 100
24 72
18 91
92 6
74 77
5 15
44 5
19 37
35 89
51 16
2 67
14 48
82 49
72 16
3 9
11 52
66 74
41 68
75 38
63 92
85 99
87 50
73 55
91 92
35 18
75 95
33 25
81 25
83 18
79 75
86 55
25 52
77 41
96 98
85 55
72 55
82 89
61 4
35 45
93 71
61 81
32 55
27 1
93 76
72 98
74 55
49 15
35 45
52 28
99 11
68 17
24 14
66 62
55 59
97 3
14 30
53 7
50 47
93 44
75 86
72 52
28 96
96 3
49 41
34 15
9 73

100 80
47 63
23 43
39 86
87 22
50 70
13 44
43 11
94 57
64 59
26 77
64 52
45 65
16 27
25 69
11 35
3 52
66 44
91 32
83 57
27 76
86 88
7 29
10 31
99 25
81 94
70 2
72 46
98 37
21 78
56 50
48 17
42 87
94 85
37 67
28 6
76 9
13 20
47 47
100 36
57 18
87 64
61 16
19 5
20 27
48 90
59 67
47 77
58 13
62 96
1 92
51 77
49 13
29 65
64 41
93 32
38 47
48 47
4 29
47 68
50 15
49 70
42 58
15 5
10 81
27 60
88 88
15 57
82 43
76 43
49 14
18 51
37 59
12 17
70 62
14 46
100 63
55 36
64 93
18 62
89 28

100 80
38 71
70 23
82 97
58 11
35 38
75 24
2 93
74 39
37 93
5 12
84 10
48 63
54 79
38 95
5 77
34 29
19 70
52 98
31 21
66 93
20 92
68 17
97 44
87 84
14 35
67 84
68 75
27 89
37 78
12 8
50 39
2 48
19 99
73 29
83 37
4 65
28 61
71 56
49 18
95 37
84 84
49 13
14 68
13 90
84 95
72 5
48 55
75 40
10 20
58 96
4 37
99 68
7 85
13 95
69 49
42 21
32 26
9 8
92 98
59 59
26 22
26 44
88 6
10 93
29 77
50 45
29 32
18 84
74 5
60 20
19 7
96 84
30 30
31 63
46 35
89 69
10 33
73 41
26 54
86 14

100 80
6 94
21 60
10 74
43 71
96 95
78 84
53 37
89 20
78 62
11 18
83 14
93 18
59 52
13 99
62 73
99 32
58 32
10 77
76 20
51 97
41 31
12 41
99 41
7 17
99 96
3 5
76 55
2 88
14 91
21 85
54 13
96 10
62 87
6 52
96 11
70 67
67 4
48 41
22 13
79 22
92 93
95 95
48 24
11 24
32 62
45 86
15 77
64 7
58 23
68 74
16 20
5 61
61 98
49 17
27 24
86 58
47 75
27 38
70 37
78 62
56 20
47 1
91 39
85 12
69 92
94 70
86 49
98 58
50 1
76 28
39 16
84 4
84 32
58 13
83 12
100 56
77 25
31 30
60 88
98 54

100 80
1 1
37 76
99 77
10 41
96 51
68 78
43 96
29 12
88 94
85 48
58 59
20 61
36 72
30 36
56 11
73 16
94 66
36 87
94 7
53 24
40 15
100 92
50 32
92 91
54 48
19 53
4 47
13 97
70 78
76 17
54 91
63 67
67 56
62 70
86 47
7 56
70 34
74 14
97 30
70 100
59 14
7 16
20 96
91 3
42 93
50 26
63 58
57 30
91 80
22 88
24 5
63 79
70 53
6 23
27 26
6 58
85 26
7 82
73 1
98 18
71 48
8 33
75 3
95 62
90 46
29 35
19 89
35 85
57 54
32 93
39 1
42 28
5 5
11 91
28 22
9 43
36 19
49 65
60 67
1 24

100 80
58 32
70 48
43 79
4 70
47 84
64 88
81 89
40 38
4 29
6 22
37 35
41 19
83 98
21 82
25 69
16 40
70 49
78 27
27 54
58 65
78 64
37 9
14 36
91 25
77 71
34 36
29 17
68 64
86 1
83 93
96 36
72 55
100 4
79 59
83 10
52 58
79 81
23 9
52 46
29 29
75 9
30 60
24 97
1 85
4 27
22 88
4 8
88 44
52 43
44 80
27 41
14 22
58 55
23 65
34 47
15 95
96 34
33 52
26 63
19 57
29 4
5 61
12 90
91 1
8 18
13 96
79 39
37 91
78 90
80 58
71 97
52 31
89 83
81 17
1 68
2 49
59 10
98 57
95 74
85 96

100 80
81 60
18 97
49 56
61 87
99 27
35 60
2 25
56 56
86 62
71 68
7 84
79 45
92 44
65 87
46 42
62 77
54 30
78 18
84 98
86 95
89 19
37 23
76 10
74 43
46 31
31 22
10 62
86 72
30 72
70 27
29 37
30 19
18 43
69 62
27 11
90 85
18 96
25 17
38 82
78 89
64 13
96 4
16 35
60 13
15 67
26 60
100 28
78 96
22 25
2 100
8 94
22 88
34 21
85 79
17 58
95 9
42 39
12 37
62 7
50 11
80 48
41 37
54 93
28 25
38 19
5 50
15 95
32 38
33 9
34 68
26 72
24 98
33 14
68 40
62 21
25 10
10 13
99 96
55 1
98 23

100 80
36 48
61 6
78 34
92 17
21 100
64 90
94 56
79 76
69 45
69 18
54 15
14 86
27 97
94 25
27 67
64 51
22 57
38 58
94 27
43 99
9 39
14 40
91 90
54 49
69 2
62 48
10 50
54 31
90 67
29 50
76 53
1 88
73 64
19 75
96 64
53 51
31 17
59 52
61 70
1 51
83 40
11 99
53 12
2 99
86 78
10 87
11 95
16 1
50 32
55 1
43 94
76 53
90 66
64 67
42 37
99 49
20 56
7 53
72 44
20 67
71 59
39 31
76 98
65 86
65 41
84 55
53 72
99 65
50 78
6 84
46 98
67 24
40 68
46 39
19 26
3 86
91 48
85 70
46 96
31 78

100 80
55 26
9 85
10 58
99 53
97 85
73 25
41 8
65 32
30 20
100 48
36 41
16 49
6 62
6 42
79 52
66 91
65 84
62 88
7 26
72 69
84 62
90 38
78 36
44 61
21 30
10 12
13 38
72 84
40 66
23 86
12 14
31 77
89 93
55 35
88 29
65 42
78 96
26 15
62 81
51 72
67 64
15 72
98 30
6 96
44 78
16 60
25 5
73 13
27 50
13 81
76 89
57 99
22 64
98 6
50 79
68 97
81 65
55 51
67 56
56 100
68 54
34 15
81 30
24 4
82 24
45 9
25 75
21 81
53 75
82 91
24 51
27 90
61 71
51 69
13 12
14 27
17 46
23 36
90 31
67 40

100 80
88 68
48 75
44 89
88 97
26 91
56 30
6 79
85 56
100 74
98 79
39 57
90 75
75 34
14 2
81 18
10 32
40 16
48 91
11 68
99 23
47 69
25 56
5 86
31 71
26 97
77 27
78 86
64 42
48 45
31 15
16 30
77 38
82 76
52 88
25 20
24 68
42 45
88 72
45 50
31 29
44 22
51 4
33 60
87 67
4 24
21 80
72 55
10 59
3 66
16 96
42 98
44 82
51 88
13 61
30 5
60 96
10 18
51 33
5 24
11 21
83 23
89 55
96 74
33 34
47 70
88 49
61 11
42 87
36 84
26 29
24 17
30 66
24 57
12 2
61 87
55 70
50 9
23 83
20 66
89 43

100 80
22 62
65 21
42 87
48 43
11 58
82 69
30 87
48 35
54 9
46 54
61 28
97 97
15 97
94 83
40 65
45 25
32 81
93 5
24 81
60 53
63 60
100 55
84 2
76 93
31 26
37 37
16 52
43 24
46 7
44 18
46 46
73 8
77 96
100 7
21 95
10 70
70 56
4 69
29 90
25 43
75 95
49 17
71 19
77 18
22 59
42 81
89 37
83 19
67 28
87 8
70 76
81 85
15 20
43 83
47 19
52 10
50 52
97 28
73 57
62 14
93 6
78 53
21 98
29 52
36 69
8 91
17 87
88 37
27 78
34 25
65 32
96 50
16 41
40 25
26 55
23 96
93 47
25 64
59 65
79 61

100 80
94 16
34 71
28 34
29 21
82 23
7 28
12 77
62 16
53 63
50 80
34 95
47 16
13 75
75 94
68 64
23 92
19 81
30 82
25 55
6 65
73 58
87 99
43 1
16 60
98 49
87 64
84 81
24 57
18 5
20 77
18 90
69 86
83 93
41 58
46 76
47 74
26 20
75 81
82 86
87 65
100 74
87 45
15 16
64 76
4 33
98 41
87 100
48 12
39 86
33 87
50 16
43 43
78 24
23 12
89 9
55 61
58 67
75 21
56 15
36 9
34 66
16 11
13 25
59 79
11 6
53 4
11 6
38 51
21 100
14 29
15 76
67 3
88 68
34 1
73 81
12 21
60 59
21 8
83 95
90 62

100 80
78 72
49 26
99 75
98 83
25 36
2 54
18 16
2 99
77 90
45 82
48 9
46 67
74 84
61 18
2 85
35 30
17 92
62 77
43 91
88 25
12 54
84 10
23 27
96 73
39 62
4 42
9 38
82 65
82 87
8 68
25 51
27 69
96 26
93 25
4 26
9 71
67 90
51 46
72 51
94 20
22 99
54 69
28 27
57 69
47 50
23 66
83 99
43 53
84 5
33 48
51 100
33 95
24 34
13 63
14 34
84 6
41 71
96 35
78 21
16 54
39 92
97 76
96 80
55 11
51 6
67 67
42 25
46 47
22 96
3 17
80 37
70 14
9 95
27 59
84 74
79 42
97 51
73 98
67 59
94 76

100 80
39 36
65 99
98 3
53 11
20 53
38 96
68 45
56 33
33 17
29 8
26 98
12 95
73 56
69 63
32 92
58 99
21 84
20 35
31 93
43 50
27 16
82 92
27 38
85 81
86 15
25 7
62 16
25 38
34 7
97 46
35 45
57 20
5 75
94 9
88 35
48 70
57 30
12 52
53 49
93 68
32 34
98 44
76 22
18 15
15 50
29 54
69 8
1 23
46 40
75 86
15 80
97 15
18 19
30 74
18 68
19 18
80 67
60 21
35 86
25 78
77 29
99 29
5 10
20 83
96 91
57 77
73 47
7 51
43 88
62 11
31 35
60 27
65 20
53 34
68 98
34 52
100 28
9 79
79 82
59 43

100 80
9 82
63 48
15 7
93 88
16 57
17 36
74 23
53 77
44 50
57 84
42 34
22 94
60 88
68 71
86 20
36 60
7 94
5 47
67 97
13 82
94 61
40 69
55 8
96 25
29 86
35 79
99 48
11 37
70 36
92 94
94 23
5 19
78 54
10 78
55 13
47 49
65 2
48 61
22 74
16 61
11 11
30 72
83 8
78 81
96 54
81 63
15 50
89 63
65 3
55 69
3 89
62 72
94 77
72 48
82 49
19 79
52 64
17 56
25 74
45 77
24 45
57 5
71 37
30 45
69 38
66 60
35 74
28 57
72 26
82 40
53 99
56 24
38 36
71 31
9 87
26 40
41 52
41 66
21 45
8 94

100 80
28 39
52 21
99 56
56 13
62 48
37 15
40 76
81 88
10 98
2 43
21 94
16 76
30 89
36 92
12 70
90 13
16 99
20 65
54 58
28 35
89 25
36 31
22 97
100 18
96 50
12 19
67 87
36 72
19 40
61 54
95 41
44 55
2 1
62 19
74 99
78 44
71 32
92 49
39 3
36 94
72 29
52 14
22 99
80 59
72 54
63 55
57 23
82 68
80 36
93 12
85 29
82 75
98 57
49 40
18 53
78 22
7 23
83 4
70 72
32 64
33 5
97 95
88 89
29 80
13 33
88 79
8 67
7 65
78 41
18 18
24 45
77 99
100 11
53 37
68 45
37 75
58 6
66 9
38 24
91 29

100 80
15 37
88 28
66 50
20 81
21 76
70 76
98 93
75 72
63 31
17 8
95 33
24 20
86 6
12 68
87 30
40 28
87 70
62 2
19 17
92 88
1 27
31 47
76 74
59 13
10 56
34 99
6 57
63 78
100 99
20 76
24 89
89 68
89 33
26 91
80 42
38 5
77 77
15 90
60 9
69 65
60 58
42 28
98 77
78 16
26 38
42 8
83 87
90 38
27 5
10 92
89 2
10 57
65 23
4 66
49 99
49 72
57 54
10 13
48 43
74 34
22 86
39 82
25 11
89 19
89 8
73 42
99 62
98 67
55 96
83 7
79 80
69 92
55 78
88 12
60 46
36 67
3 46
19 62
62 23
8 72

100 80
17 3
81 53
43 46
99 84
93 69
5 74
69 96
8 71
8 93
84 68
66 38
75 93
65 89
88 23
9 99
83 49
15 29
79 4
34 22
35 3
24 90
92 93
46 69
94 36
33 54
68 8
28 99
85 55
85 45
67 97
71 95
65 90
72 8
66 2
90 51
66 82
58 76
45 73
47 95
37 69
10 35
55 36
33 16
83 50
17 43
74 14
55 44
27 69
17 92
59 29
84 76
33 10
14 74
61 68
8 61
74 67
89 85
33 70
65 92
61 22
60 12
52 53
46 53
24 56
52 18
89 23
83 86
74 63
95 81
59 77
64 20
23 98
82 78
38 8
65 7
100 62
1 60
49 64
2 87
18 52

100 80
88 30
43 14
30 24
91 27
20 97
67 85
87 65
63 35
2 33
34 59
96 8
36 91
16 75
100 77
59 88
46 64
36 50
74 37
93 16
28 21
9 71
83 83
59 41
76 6
67 33
33 47
63 60
91 1
74 28
9 57
21 70
65 73
5 22
25 97
55 11
83 48
26 94
49 9
55 69
51 94
38 92
11 95
63 69
29 56
5 29
52 49
16 59
52 21
55 1
20 76
61 20
77 24
73 16
57 68
57 87
72 38
49 57
71 10
80 35
67 49
91 76
2 64
38 23
72 30
89 13
73 62
95 1
94 73
94 89
11 95
29 50
92 6
23 15
91 88
29 9
8 69
50 71
33 31
100 48
51 50

100 80
81 20
59 3
27 54
46 83
45 3
29 71
17 54
28 40
38 38
31 87
21 30
68 85
36 81
38 79
50 57
13 54
96 48
68 21
50 17
97 48
72 73
65 11
61 55
42 42
72 39
84 89
3 36
92 4
74 40
2 56
61 54
85 96
78 29
40 32
25 62
30 25
26 34
35 44
99 61
78 58
75 89
92 85
29 17
98 75
72 91
82 97
60 89
25 3
8 99
90 40
35 58
62 75
7 38
24 69
21 69
38 90
80 86
69 38
5 47
58 99
73 38
20 59
99 39
53 44
23 100
45 79
83 11
30 30
56 40
18 68
13 63
99 45
58 20
8 100
33 16
35 79
65 70
4 88
77 69
78 46

100 80
22 27
65 36
65 56
99 69
11 44
68 69
58 1
55 67
100 83
92 40
27 12
57 18
23 70
88 54
24 1
4 56
95 96
29 19
31 33
38 32
13 91
90 29
13 40
81 97
61 47
77 53
39 44
19 6
91 40
74 14
2 72
74 15
39 8
31 98
99 58
26 30
39 90
82 27
73 48
94 67
15 95
29 13
14 76
98 64
94 74
13 90
63 68
52 95
23 26
27 79
58 99
26 65
30 33
9 73
74 45
95 51
57 57
67 43
98 12
3 83
33 25
12 65
77 37
42 75
36 47
35 97
24 47
46 20
71 75
25 72
87 86
33 20
31 17
91 72
50 39
30 98
35 41
24 95
75 22
70 49

100 80
87 92
90 45
42 32
32 98
66 59
67 3
7 24
23 2
84 100
59 100
75 17
72 65
45 39
86 56
63 91
92 41
46 46
28 9
97 29
35 54
9 27
95 25
73 35
11 24
93 15
35 42
27 46
58 58
81 68
48 65
84 26
31 2
99 20
8 39
64 84
70 71
29 38
9 42
22 92
99 17
87 2
58 49
99 12
27 90
9 43
91 27
42 74
82 35
87 49
19 37
30 50
50 93
11 15
56 77
67 34
62 96
27 55
29 84
55 71
64 11
45 40
22 8
83 82
81 67
90 60
80 12
21 80
33 24
47 16
79 29
82 36
69 28
73 66
46 23
82 11
34 29
24 25
37 67
98 19
57 40

100 80
93 59
44 79
22 42
45 8
39 82
25 49
54 52
89 54
75 79
94 95
14 99
63 68
20 26
29 43
35 59
56 22
59 89
70 17
46 20
64 85
100 76
44 33
39 4
65 88
72 45
27 48
94 79
16 30
18 32
90 38
100 60
57 91
69 22
69 14
42 59
23 74
33 17
11 59
58 83
61 84
27 81
79 20
85 52
12 77
12 61
68 33
39 42
37 7
32 46
38 81
64 75
75 72
67 70
23 69
14 18
6 14
54 66
19 8
85 35
41 91
1 66
74 2
55 72
26 40
1 6
25 24
25 57
94 25
98 3
8 86
27 56
63 57
55 16
67 93
76 6
29 21
1 29
43 4
98 38
17 23

100 80
1 25
87 40
16 18
51 71
43 24
94 57
84 67
69 33
71 35
23 22
67 36
38 28
31 77
20 49
21 3
32 53
74 7
16 41
36 27
7 43
74 73
24 61
92 94
79 5
98 30
89 68
44 87
59 97
35 76
81 32
98 83
11 1
7 34
73 3
81 19
28 85
89 8
69 31
31 70
19 18
7 20
90 87
44 63
40 18
26 60
10 23
15 25
98 2
86 77
48 49
12 81
65 27
19 74
59 42
83 58
38 14
51 18
98 34
20 60
41 29
58 81
42 24
65 83
16 49
22 32
72 39
69 82
79 41
91 83
87 55
92 78
61 84
86 19
14 66
77 58
55 58
84 12
59 74
86 30
63 72

100 80
61 14
27 15
33 94
27 26
27 33
97 35
72 36
40 29
36 43
64 40
15 64
60 93
65 72
63 86
2 81
42 39
11 1
19 40
97 63
89 6
29 71
65 76
78 47
55 30
79 13
66 82
35 20
78 83
81 54
56 84
94 61
23 17
41 8
14 46
37 37
48 19
36 3
64 10
23 78
95 5
8 71
77 2
32 38
1 65
5 88
65 42
88 8
84 8
1 82
8 7
88 91
67 31
43 76
43 33
38 75
42 45
54 60
29 98
65 52
25 29
60 98
48 88
42 52
76 94
80 34
93 33
19 29
28 26
37 98
99 42
15 12
93 88
50 23
74 11
6 82
26 18
17 23
6 97
12 6
46 4

100 80
22 78
98 36
78 81
87 27
45 14
72 59
67 16
30 38
39 58
38 45
85 7
74 9
70 81
73 76
28 37
68 45
88 33
18 12
88 30
43 36
72 23
92 36
33 4
66 51
20 79
22 17
54 52
59 99
42 3
58 50
40 43
84 61
3 98
94 9
78 43
3 73
6 63
45 95
49 68
83 44
4 55
38 36
61 19
75 12
36 97
83 51
14 3
76 35
13 78
30 33
9 74
42 14
88 74
46 96
35 13
44 36
10 2
86 5
37 48
27 80
3 37
67 80
24 80
76 5
1 46
75 24
84 4
6 90
27 32
10 5
35 86
81 24
76 58
76 87
51 22
74 33
47 5
88 71
57 37
37 97

100 80
44 62
32 66
23 48
63 53
27 2
15 95
3 20
12 82
79 30
60 21
85 51
1 8
23 14
82 89
52 29
98 58
68 34
97 44
78 78
88 66
89 53
82 94
38 44
41 74
99 97
43 90
84 47
36 25
43 70
63 60
83 89
41 27
95 83
59 18
43 63
71 36
59 87
58 49
70 10
93 51
73 71
17 91
75 48
93 93
56 47
69 42
49 44
56 38
69 95
93 5
15 70
36 81
77 14
54 54
32 12
5 29
57 62
83 65
91 1
57 61
79 44
88 92
8 80
89 62
64 14
53 64
27 17
1 72
26 53
61 19
53 68
3 43
41 30
13 72
91 12
81 34
92 62
55 52
2 30
37 68

100 80
82 15
19 75
69 35
52 52
4 9
61 91
62 27
10 71
17 14
82 59
70 16
76 12
40 54
38 2
60 1
25 94
52 21
86 4
70 52
97 30
19 80
34 40
55 68
37 70
85 16
80 52
77 19
14 25
24 76
79 10
12 2
2 67
28 93
80 51
90 36
80 93
57 48
35 12
45 63
26 100
68 38
31 10
64 48
88 97
52 59
58 72
20 91
78 61
67 15
55 14
78 94
99 57
74 90
40 15
13 75
21 35
83 66
100 11
50 17
27 10
72 73
75 16
87 57
46 60
1 14
52 63
5 48
69 99
45 59
87 14
16 42
55 89
63 23
75 48
20 13
20 2
34 76
29 2
34 59
86 77

100 80
88 98
2 26
46 61
41 8
21 49
80 12
86 22
68 45
19 73
73 54
40 99
76 36
69 73
64 13
1 75
67 61
56 63
76 39
97 39
97 25
95 26
7 95
94 53
76 19
73 7
31 5
26 10
67 17
10 44
29 85
55 6
94 96
86 89
96 9
14 16
64 3
89 85
18 12
64 70
85 24
55 98
98 20
78 69
83 76
81 14
33 75
99 48
43 46
23 28
19 89
51 98
50 13
47 58
3 78
68 57
21 96
2 5
85 68
27 46
99 19
53 67
20 22
62 67
88 71
30 82
12 51
76 2
1 10
35 75
75 40
45 30
98 33
78 78
74 4
66 84
57 42
63 48
5 54
43 26
6 36

100 80
45 54
56 83
30 31
92 87
26 67
19 35
59 35
39 1
100 30
29 46
83 75
83 59
55 74
73 40
87 28
52 61
43 17
30 67
75 35
75 30
5 8
76 69
97 28
44 26
60 45
19 43
33 64
9 16
68 89
69 29
94 60
5 82
57 24
43 30
82 83
81 5
23 82
19 61
53 68
5 16
95 82
10 6
15 48
23 70
85 19
47 27
92 24
22 50
68 8
67 29
7 7
33 88
8 10
79 61
98 23
83 14
67 87
28 79
23 51
2 94
32 43
71 74
49 68
24 55
55 58
57 61
58 93
40 70
36 99
27 55
45 43
73 89
93 22
98 90
7 95
85 55
41 3
40 86
24 72
58 80

100 80
84 54
54 67
6 80
57 76
89 25
38 18
92 68
17 43
43 3
72 5
67 37
25 50
12 4
43 22
92 12
27 20
28 95
4 88
58 66
42 92
14 50
65 92
39 97
6 67
93 17
37 65
82 67
76 32
79 27
1 13
24 43
81 42
91 68
27 20
35 15
81 96
99 79
92 29
21 49
76 52
45 20
3 58
71 57
84 24
60 34
52 76
56 28
87 20
61 31
39 98
45 5
34 14
2 43
47 3
100 60
36 3
72 90
21 54
43 60
28 64
81 12
53 7
84 19
84 100
49 51
64 42
48 82
66 26
39 96
31 41
6 46
76 66
92 48
68 80
46 83
17 19
96 74
40 47
81 78
59 63

100 80
96 66
11 8
44 82
67 39
55 52
56 23
25 95
80 87
39 24
40 79
83 79
17 3
23 3
7 16
59 60
91 26
56 79
95 19
22 7
80 35
51 28
72 49
82 81
54 7
22 19
41 90
92 100
62 6
88 13
41 54
77 27
3 94
93 90
52 37
5 5
52 2
5 32
15 30
37 75
40 76
46 26
18 44
49 8
32 14
37 98
13 2
36 5
100 72
43 9
54 96
97 97
46 70
21 4
48 38
20 28
85 71
43 77
58 56
23 78
48 15
76 6
13 65
37 29
38 40
47 6
32 11
17 65
27 39
31 72
96 34
27 16
58 83
30 85
20 11
18 87
27 88
67 76
77 69
22 5
74 24

100 80
81 53
9 54
67 25
42 69
61 15
35 27
8 91
58 92
4 79
25 38
14 67
92 86
75 23
6 75
23 29
25 48
95 83
48 37
97 3
25 11
89 48
76 82
96 2
34 95
100 89
92 30
38 48
72 42
42 81
43 11
3 56
84 35
50 100
12 9
9 19
77 47
58 11
42 11
93 95
92 68
30 50
73 87
5 3
89 69
42 93
78 37
55 36
92 33
92 95
82 2
25 46
21 36
50 15
67 60
36 43
88 48
26 50
96 7
40 30
95 42
80 75
89 18
42 77
77 52
33 26
59 53
26 37
20 32
41 32
5 83
18 36
76 57
76 69
54 42
68 9
13 55
98 60
26 48
7 17
8 68

100 80
59 1
97 10
99 87
10 54
98 27
83 11
56 38
70 83
2 69
44 48
11 32
23 44
63 34
74 80
93 42
73 45
94 68
10 24
30 8
47 73
7 64
25 84
3 37
7 82
35 61
90 20
50 49
74 90
16 20
46 100
17 26
64 43
18 19
52 56
32 16
91 39
81 36
55 63
6 51
15 81
91 43
48 64
18 29
32 59
55 91
49 53
25 88
1 57
16 21
70 79
29 1
11 42
22 5
76 10
54 51
33 18
99 71
59 52
69 47
76 36
51 15
25 51
16 59
37 77
96 91
44 39
16 73
62 87
98 33
72 18
34 52
35 3
56 95
16 25
75 95
47 96
61 92
25 34
59 92
2 21

100 80
64 58
84 30
64 76
21 87
67 61
1 1
46 20
21 75
14 67
52 15
50 39
16 88
66 93
50 47
73 78
52 91
96 73
21 87
22 91
95 46
85 48
99 25
5 91
34 38
27 28
14 19
96 90
85 100
87 91
35 63
70 13
95 96
39 89
15 79
5 60
37 48
12 77
71 63
60 18
2 11
70 16
60 85
32 67
67 33
47 79
35 97
7 38
27 21
84 32
87 88
86 68
69 22
26 16
9 95
66 92
3 93
83 2
19 94
43 74
14 13
3 28
5 98
21 45
2 99
19 19
19 99
44 77
32 23
16 17
48 66
97 87
10 12
28 14
63 28
48 13
57 40
85 23
85 16
95 98
22 78

100 80
54 78
78 6
30 62
66 5
85 80
80 30
34 11
38 13
22 20
100 68
25 80
18 42
57 37
64 79
96 40
35 71
80 98
74 13
97 27
85 57
25 9
7 29
20 64
14 65
44 21
53 69
84 83
89 66
8 27
16 34
93 96
15 97
16 22
6 16
66 79
49 58
40 66
86 50
38 30
49 66
8 49
73 42
47 68
40 53
63 16
31 10
94 51
27 76
30 38
18 84
3 97
9 28
50 51
19 7
85 76
84 58
82 65
62 46
51 78
91 76
56 62
25 79
43 26
47 59
3 13
29 89
49 65
62 74
18 56
41 62
42 29
87 26
53 8
15 61
86 46
27 94
86 41
4 23
67 89
18 84

100 80
87 55
51 97
89 70
40 64
24 47
83 93
11 87
88 57
38 83
57 14
4 73
31 27
35 16
41 11
33 64
81 88
58 20
44 85
64 17
12 39
44 18
77 48
86 57
74 24
96 47
9 71
55 83
93 30
47 35
35 47
65 58
57 84
69 16
11 4
21 64
91 85
9 34
44 93
73 2
43 30
7 98
23 58
3 41
78 81
11 15
100 49
15 50
59 15
2 31
32 41
93 75
74 5
4 11
60 4
33 77
78 26
41 66
5 84
45 88
65 85
79 13
20 2
98 97
22 1
66 100
20 23
47 72
85 57
26 90
46 15
66 58
29 21
18 53
13 20
69 75
35 66
29 41
17 93
28 5
2 53

100 80
47 48
66 93
18 13
75 18
38 59
11 50
47 17
22 20
32 62
16 10
72 85
69 88
7 4
39 71
84 78
46 64
27 57
70 43
41 36
54 40
57 53
52 24
17 50
3 52
37 84
82 82
3 72
73 99
91 45
42 80
92 98
15 97
62 2
39 9
79 54
71 20
47 52
69 30
11 72
63 4
60 9
80 9
86 29
3 39
14 20
44 84
6 76
33 43
98 81
74 36
26 9
16 81
27 89
9 84
89 62
73 40
80 64
12 60
4 23
86 100
68 1
62 33
72 44
56 83
29 27
99 70
15 75
97 37
23 80
96 20
38 68
10 81
68 1
52 58
18 70
46 31
18 58
74 74
40 20
68 61

100 80
91 16
34 27
86 62
1 96
8 16
93 51
44 59
92 14
66 58
28 37
74 78
78 41
67 26
48 27
27 78
91 91
41 89
83 22
46 79
42 83
26 16
66 15
85 55
6 85
50 75
2 85
15 32
88 95
40 94
26 6
48 26
31 57
42 53
40 88
95 39
42 9
46 16
69 36
63 77
82 91
51 25
18 72
1 95
11 75
99 3
24 68
73 88
7 53
15 43
52 45
9 96
30 68
42 83
2 24
2 71
77 6
57 50
78 9
76 68
44 32
69 76
39 82
17 72
82 90
42 12
22 45
81 22
86 15
67 57
13 90
87 92
31 9
41 56
27 33
14 35
64 15
100 93
30 77
59 16
85 90

100 80
89 34
38 33
79 63
56 3
90 3
53 1
69 12
95 100
22 74
22 36
68 41
16 7
5 14
7 23
16 44
65 22
57 44
28 61
12 71
29 76
100 44
61 63
38 90
100 44
1 49
16 99
49 88
51 33
33 16
31 88
60 77
5 75
32 3
5 19
63 6
41 18
25 6
11 100
82 65
16 57
91 70
92 2
48 61
17 45
72 25
43 77
82 21
39 20
15 36
37 100
68 69
37 91
57 78
4 59
22 6
21 26
90 52
37 93
13 43
74 79
90 62
12 19
63 30
26 64
65 32
48 31
9 59
5 92
95 55
92 75
7 63
19 5
94 27
69 65
74 40
14 30
33 99
88 64
91 4
80 6

100 80
56 77
86 42
44 6
64 83
84 59
93 16
11 33
28 86
42 63
97 88
58 63
34 82
55 12
43 99
91 72
77 53
68 98
29 26
46 82
65 85
15 96
27 13
33 44
12 70
13 83
89 43
74 78
28 5
55 2
70 78
28 9
36 78
96 13
33 97
61 27
84 22
47 23
76 64
95 35
96 27
83 82
54 62
28 34
83 16
64 2
36 100
31 34
26 69
44 33
19 88
85 100
86 69
13 8
1 89
11 29
54 53
37 85
44 33
100 4
81 81
52 75
83 58
95 22
56 10
82 51
53 26
47 99
55 11
31 8
6 23
52 90
48 11
80 61
48 88
90 87
28 80
82 92
57 2
44 94
16 64

100 80
30 84
19 68
47 21
58 71
75 93
82 25
34 9
59 73
100 23
31 99
23 85
92 34
34 36
79 17
97 34
53 29
87 44
20 86
96 42
19 3
76 36
36 79
96 27
57 97
56 96
42 83
31 39
48 26
7 33
42 3
74 70
100 43
56 73
78 30
40 26
12 39
90 57
29 73
61 98
100 4
89 55
8 35
25 50
86 93
43 25
87 38
29 92
90 18
44 63
87 23
88 16
24 46
25 23
17 20
98 81
83 1
21 19
27 52
36 67
78 25
72 45
88 46
94 83
46 7
86 11
19 36
26 40
72 18
85 18
29 8
32 67
46 93
33 75
84 33
23 64
73 32
22 2
68 26
36 14
35 44

100 80
79 2
61 30
51 6
76 10
79 50
64 68
64 70
65 5
4 66
100 44
35 74
34 75
79 26
18 12
69 96
36 76
80 76
67 8
14 67
11 35
80 62
68 77
73 59
18 36
46 27
16 27
87 68
82 64
1 53
96 24
32 63
19 43
10 73
97 50
43 60
90 26
39 64
2 20
69 32
11 93
49 95
57 67
14 68
48 96
27 1
44 10
38 1
47 56
2 35
71 34
95 65
61 100
31 59
87 60
95 42
85 12
8 76
64 7
39 66
48 40
76 17
20 53
52 15
66 98
61 6
6 42
49 58
95 96
56 17
83 36
70 21
60 89
84 6
45 13
98 8
20 77
32 83
50 85
88 98
38 100

100 80
44 85
92 59
65 29
83 33
70 21
12 49
41 26
84 30
65 17
5 96
62 46
60 3
17 80
68 5
5 78
42 24
51 35
83 68
5 76
2 78
58 37
96 28
20 9
74 18
77 12
91 90
97 63
92 19
86 23
64 37
10 83
17 38
77 79
25 4
66 46
73 56
63 73
12 40
22 71
74 28
40 4
73 15
98 4
13 79
91 12
16 44
55 86
42 59
78 45
34 17
88 87
27 94
73 23
74 64
89 76
54 12
68 11
99 77
63 81
18 68
80 43
96 88
41 97
42 81
36 46
53 77
82 72
75 74
4 69
52 28
79 38
34 63
49 35
57 15
37 46
36 57
57 34
51 36
58 66
71 64

100 80
9 46
51 59
100 3
90 71
81 29
48 48
37 13
94 72
19 31
94 34
35 33
82 68
25 44
43 90
99 70
76 20
46 40
93 78
12 41
46 50
35 23
40 1
72 3
97 69
2 42
21 95
72 86
42 90
35 21
71 100
40 49
72 48
34 49
8 73
35 61
40 7
19 35
70 50
67 8
26 55
15 34
5 52
21 100
30 56
74 59
89 29
63 75
78 17
18 33
30 25
96 30
12 57
59 34
96 26
99 65
10 40
18 95
75 32
100 95
82 69
32 65
60 35
80 21
92 21
74 28
53 14
96 83
11 70
14 37
64 13
89 1
48 51
7 19
94 24
61 25
41 74
9 67
60 8
45 92
21 63

100 80
76 35
57 15
83 22
51 1
88 14
8 21
10 21
88 50
11 42
66 82
61 47
5 12
85 63
45 13
45 15
12 88
61 93
38 68
80 97
55 92
23 31
15 84
47 99
76 22
54 67
96 79
3 20
80 69
73 78
14 80
1 25
69 93
29 40
32 76
92 75
69 42
47 39
54 21
53 12
62 96
46 70
69 91
42 91
12 6
83 92
42 72
14 5
1 10
74 64
49 7
47 91
44 42
92 62
45 42
75 72
93 3
55 35
91 56
21 88
3 36
39 45
96 34
72 55
56 60
1 76
70 39
26 66
99 63
41 57
34 47
41 92
14 47
30 23
4 49
42 65
39 95
28 88
48 23
94 78
13 59

100 80
56 33
59 6
60 81
10 46
37 55
84 19
54 69
31 33
18 10
11 40
14 89
21 56
80 15
100 37
22 63
91 15
23 54
38 79
99 11
31 88
74 30
29 37
66 11
22 81
17 49
31 13
70 87
32 93
4 76
6 19
50 99
80 60
17 79
86 52
45 13
81 81
9 98
48 59
48 49
26 59
91 51
25 32
64 1
42 90
2 26
79 39
57 67
41 23
17 65
93 35
76 36
50 78
53 34
80 69
58 10
15 84
53 46
53 32
45 15
39 12
19 52
14 46
4 62
43 58
93 9
1 52
12 37
50 13
53 67
97 9
21 63
62 68
40 6
61 1
41 46
56 45
30 13
33 8
22 62
94 15

100 80
46 54
64 87
24 94
41 65
49 24
65 46
46 86
36 2
87 3
84 99
51 100
60 61
43 81
52 23
41 43
2 95
95 61
10 93
33 21
93 57
25 25
68 59
39 80
70 18
48 85
34 68
89 18
89 23
4 24
56 60
54 78
78 86
60 30
57 57
59 17
82 98
61 35
13 91
31 32
31 82
6 63
52 73
63 86
92 86
94 18
64 71
78 96
39 32
23 14
62 8
95 17
16 2
44 50
19 45
67 37
96 9
85 55
67 48
88 82
72 81
34 18
25 17
36 68
44 80
89 97
7 9
79 20
51 10
37 49
1 8
97 42
52 38
62 26
87 32
84 57
17 14
97 99
31 2
92 59
6 35

100 80
64 43
13 19
25 3
97 60
90 97
96 78
69 32
36 68
34 80
52 65
53 37
64 90
80 93
40 97
10 97
16 57
15 23
9 73
16 78
26 68
23 8
11 45
14 1
47 55
45 59
9 29
11 93
90 97
86 74
94 54
73 98
51 88
91 97
67 54
4 38
20 63
9 35
87 86
100 22
53 86
10 46
61 58
16 92
9 70
83 60
74 23
51 90
50 65
9 17
51 56
94 5
81 59
92 16
98 43
89 94
75 84
75 78
84 10
43 55
9 93
81 92
30 35
68 56
78 15
50 14
34 23
76 57
50 31
77 44
49 92
18 21
39 17
3 81
53 45
61 98
94 19
61 83
46 96
55 93
69 7

100 80
94 79
51 91
45 89
97 57
27 100
42 52
87 15
43 77
17 89
30 46
66 13
57 87
26 81
40 82
30 96
83 95
5 23
76 60
33 79
19 33
35 67
34 93
57 38
79 61
66 26
32 86
88 43
88 43
97 58
99 91
12 55
96 37
42 48
18 99
74 68
32 34
59 10
83 50
88 21
69 28
75 68
48 97
50 52
35 71
96 5
34 56
66 48
91 1
37 48
34 68
65 29
54 61
33 75
49 74
66 4
98 58
78 67
99 31
39 50
30 55
36 80
30 22
73 45
71 52
25 87
78 16
56 56
5 59
23 92
60 96
72 37
97 71
75 52
93 20
12 22
57 12
16 86
53 72
23 54
1 90

100 80
1 25
95 95
60 63
79 50
75 56
16 9
33 18
31 45
18 68
37 57
83 99
19 83
8 83
73 46
74 39
100 94
90 23
81 31
36 24
8 79
10 12
40 67
64 95
61 41
8 34
15 47
4 78
85 71
53 56
19 55
1 85
1 33
82 28
82 65
64 26
87 47
4 92
65 93
69 44
6 98
26 7
73 55
32 21
49 38
46 24
43 89
70 82
74 36
86 71
44 32
39 37
65 31
20 40
29 76
9 34
79 4
82 39
34 98
2 67
49 13
27 19
6 83
75 99
30 44
29 16
6 83
100 83
12 63
1 32
95 12
10 70
100 60
23 98
23 72
72 15
71 35
3 84
3 55
53 39
24 52

100 80
95 50
60 6
100 53
61 72
83 50
17 49
96 98
80 37
80 68
25 55
27 92
60 40
19 76
93 75
43 12
10 42
24 47
75 62
14 3
72 94
42 80
90 2
77 89
5 88
47 4
18 10
85 46
76 13
29 48
71 68
71 37
34 77
80 98
61 51
57 88
34 97
50 21
10 17
4 63
100 23
21 94
13 91
60 15
38 1
20 49
86 12
19 65
90 1
43 60
44 88
87 21
44 99
77 83
74 2
28 16
46 42
62 100
72 8
1 5
96 60
11 86
94 98
47 91
40 10
37 54
68 48
97 98
19 42
39 58
58 96
26 5
14 81
10 52
37 30
91 5
67 21
65 80
78 76
19 70
68 34

100 80
88 52
44 13
56 64
6 58
14 17
28 59
62 74
71 17
89 61
62 72
39 57
82 10
21 15
11 91
72 36
32 72
53 84
97 15
89 34
86 32
68 95
83 75
16 50
45 38
38 21
96 2
53 10
19 24
26 26
96 42
1 1
1 55
84 70
73 61
87 18
37 10
48 16
50 18
59 53
35 81
21 37
15 80
92 53
17 35
87 43
1 38
3 76
62 76
52 15
43 79
49 67
60 41
49 27
84 59
39 89
74 73
22 59
21 14
33 54
26 83
50 52
70 61
93 99
25 75
6 86
31 69
52 56
32 59
32 24
44 80
33 68
90 89
41 11
2 100
54 18
46 1
11 5
5 14
64 18
35 96

100 80
22 96
57 23
8 78
94 98
75 94
91 1
100 70
2 93
10 53
90 58
3 8
87 20
48 96
15 79
47 7
51 74
46 98
63 61
90 41
69 30
9 24
80 41
62 49
15 54
93 20
97 3
100 99
19 44
79 59
77 9
20 77
39 80
27 86
22 29
92 29
67 78
93 4
44 7
26 10
13 32
26 10
42 45
55 15
5 18
60 51
15 92
27 43
58 53
24 85
78 76
7 30
86 72
7 62
27 35
2 59
50 89
61 16
40 80
39 82
24 34
91 44
34 72
2 68
77 46
40 78
92 77
54 40
27 17
89 4
86 85
88 5
60 9
7 56
91 68
40 88
21 20
76 22
67 13
83 45
58 25

100 80
53 70
30 49
19 96
3 4
94 58
76 68
14 90
40 34
40 26
5 51
11 41
56 78
43 19
76 47
95 68
7 81
94 100
4 90
86 47
72 81
3 16
64 70
23 82
15 99
59 86
52 47
28 29
95 77
82 36
71 95
36 38
20 6
27 82
73 10
2 17
90 97
70 61
23 69
79 64
60 50
34 46
64 61
50 88
61 36
52 100
99 70
23 13
20 44
13 64
26 16
49 53
6 90
28 86
53 41
75 29
24 42
42 64
88 58
31 36
29 67
26 25
72 46
51 66
68 79
13 46
89 80
89 36
26 30
75 97
59 41
65 77
21 85
7 35
27 82
84 97
84 22
38 85
71 94
52 43
43 12

100 80
64 31
80 34
13 47
7 78
49 18
62 63
81 76
47 85
83 3
25 84
88 43
82 49
76 41
31 1
95 7
57 68
20 2
35 59
86 98
94 63
82 13
98 100
67 65
82 67
100 98
61 49
23 82
74 15
84 64
48 45
75 18
73 90
28 46
68 26
93 90
58 9
49 2
42 19
70 24
9 21
61 10
12 100
54 35
17 95
25 74
97 39
45 45
50 68
27 87
6 74
62 1
74 15
29 73
39 67
59 5
21 16
95 29
81 88
10 13
68 100
28 72
78 12
90 82
93 52
86 70
11 44
82 61
81 100
49 77
55 41
43 71
49 32
14 68
51 71
96 91
4 67
71 41
87 94
92 13
42 19

100 80
46 88
66 55
81 52
14 48
17 15
100 81
54 54
68 86
79 37
46 54
56 4
5 27
10 64
82 54
40 31
75 64
67 49
45 75
46 51
43 41
98 6
62 22
94 33
53 23
44 98
65 97
64 64
89 12
34 55
92 6
44 65
23 45
99 5
99 54
36 16
22 33
53 21
1 50
96 59
36 100
94 59
81 58
34 62
4 18
90 56
64 22
77 14
65 65
100 38
72 41
12 76
92 95
78 64
94 8
93 73
94 8
66 17
63 84
75 69
17 47
83 69
71 47
19 69
29 56
1 65
28 56
81 7
80 18
87 60
73 99
80 45
78 38
86 76
5 20
58 96
86 69
19 21
49 62
10 87
30 84

100 80
59 90
34 28
36 50
95 35
58 48
57 75
85 8
89 14
39 30
19 57
91 18
16 77
36 8
69 19
32 4
80 80
62 61
20 12
97 92
27 15
43 90
70 18
89 87
67 86
83 11
48 100
5 52
35 54
79 78
46 37
82 74
15 93
87 44
97 77
22 78
37 2
41 6
43 11
51 90
53 21
4 38
15 31
75 25
2 15
25 37
92 81
87 66
11 38
53 87
91 55
26 40
99 75
32 6
26 11
98 46
28 68
93 97
57 7
29 19
89 50
84 14
22 28
76 75
89 53
23 17
22 34
20 18
62 39
99 33
29 26
51 93
51 69
36 81
49 40
69 50
70 85
52 71
95 56
7 11
12 47

100 80
1 68
92 42
40 53
55 89
51 87
36 68
4 44
51 2
20 64
37 71
11 6
47 28
66 44
17 57
72 19
42 46
51 38
98 46
18 57
12 90
43 79
64 90
54 27
31 9
42 37
83 55
9 78
34 61
94 74
74 57
16 21
90 58
7 5
53 78
22 22
64 55
89 48
5 26
21 8
13 91
75 35
2 16
45 57
34 39
14 28
1 51
18 54
32 43
94 57
65 42
10 4
48 29
9 42
75 7
16 34
62 27
56 29
37 5
17 51
83 26
3 53
96 75
34 43
20 90
61 19
26 53
18 25
43 36
53 54
89 44
42 64
25 73
47 19
12 10
60 80
19 78
30 29
38 16
19 79
52 45

100 80
56 3
74 19
17 96
15 30
78 8
38 11
26 60
38 21
29 52
37 26
20 39
80 48
80 3
2 43
96 37
56 89
95 54
81 55
100 41
88 54
7 87
31 3
13 2
69 86
89 34
77 53
54 83
41 52
69 55
90 85
47 100
9 14
97 23
28 95
56 21
15 99
32 61
75 38
69 65
81 41
94 51
80 12
79 28
59 78
59 93
62 68
33 68
20 71
56 7
11 70
75 15
100 87
81 93
9 50
60 26
39 19
13 68
77 40
14 30
71 94
56 7
4 9
6 96
31 32
75 96
95 18
50 83
14 49
60 15
35 63
41 3
32 19
8 26
90 31
33 30
35 33
67 59
87 94
17 13
92 5

100 80
49 76
54 1
74 1
67 34
7 61
68 62
80 80
83 86
9 24
45 64
24 90
5 65
65 38
37 25
24 9
58 9
24 66
7 32
27 37
78 49
42 74
90 27
17 46
41 44
7 76
18 70
5 72
71 32
21 41
51 91
55 53
4 60
3 24
28 16
70 94
96 38
3 29
25 11
93 70
15 67
61 66
1 71
56 43
10 24
96 58
28 16
94 68
13 13
96 5
29 70
82 27
46 49
71 67
95 7
4 32
59 39
73 20
13 88
97 26
14 3
81 63
51 33
6 60
78 58
36 51
76 74
86 6
74 35
96 53
8 46
52 83
26 40
52 94
24 98
19 31
58 13
100 67
73 32
14 5
53 91

100 80
37 92
95 58
33 86
2 65
72 46
79 62
33 65
23 11
52 30
100 3
80 27
17 43
58 28
23 15
56 96
2 8
9 58
87 79
7 89
36 29
17 100
49 28
38 65
57 53
53 56
12 52
30 46
59 74
96 78
41 45
53 96
32 39
28 74
69 61
2 54
44 57
51 97
99 28
30 60
32 53
61 5
16 28
98 46
74 70
34 95
35 57
17 10
52 74
10 41
30 69
59 21
96 84
78 96
99 58
30 62
41 58
26 14
19 14
67 72
65 87
93 15
57 81
53 94
83 26
37 16
45 28
13 52
1 28
44 61
58 68
95 40
10 69
20 31
26 5
4 48
33 53
13 81
3 91
56 58
34 4

100 80
71 21
86 20
74 87
55 9
50 57
21 10
92 7
87 30
83 81
88 81
58 57
5 75
45 26
57 72
35 53
52 89
51 50
18 51
62 62
83 67
87 31
73 3
45 4
25 59
51 24
78 61
95 26
97 27
35 38
10 38
34 78
46 83
56 27
77 96
14 39
51 74
91 87
86 97
75 69
48 48
26 91
2 57
2 53
18 89
10 48
13 75
88 5
79 55
25 65
40 75
32 16
6 23
97 29
100 38
69 55
50 5
21 54
99 25
44 75
4 79
28 43
12 31
83 16
9 71
35 87
46 88
14 85
64 17
84 72
71 37
52 14
19 98
69 33
1 56
78 10
59 36
58 25
29 99
40 96
66 16

0