100
100 100
73 35
36 68
2 46
44 2
77 85
59 87
93 28
23 32
59 37
5 44
77 76
37 60
85 86
74 14
19 73
24 88
25 82
40 83
30 10
66 26
49 82
1 96
95 88
99 78
78 69
65 30
47 50
20 72
94 19
26 42
53 95
12 41
59 71
87 79
65 3
52 87
17 73
14 95
97 34
39 41
70 72
68 67
60 30
10 79
82 7
79 67
35 75
33 13
36 51
43 54
5 91
55 13
61 49
74 67
16 83
82 78
45 56
10 94
32 91
44 58
99 19
91 48
64 79
71 72
12 8
52 40
60 66
79 51
55 83
32 65
74 60
87 98
1 35
40 63
96 67
1 33
84 77
31 15
63 45
95 63
16 30
41 45
54 62
91 14
100 35
61 65
88 86
12 81
77 3
62 72
36 10
72 90
92 57
12 27
66 12
7 10
34 71
91 84
79 93
18 10

100 100
88 44
34 80
72 8
66 73
50 91
19 6
99 20
4 68
35 8
92 17
67 43
31 49
70 24
65 44
40 24
65 40
28 8
57 91
43 31
41 7
78 93
34 45
67 98
35 77
34 56
24 48
21 61
76 79
33 8
51 41
55 1
38 37
40 16
66 41
62 31
36 57
4 63
24 58
77 29
50 81
1 94
13 41
45 51
54 68
22 94
69 36
4 1
31 35
34 84
58 41
64 79
5 11
79 36
1 30
66 5
63 80
93 7
5 37
5 97
24 62
76 28
35 56
91 28
71 100
79 35
99 79
97 10
16 74
21 28
40 24
34 37
82 43
41 26
29 25
5 9
100 13
47 68
56 15
10 35
98 70
99 52
17 22
1 19
15 49
41 9
9 58
63 53
13 8
65 80
12 65
57 56
7 75
32 95
63 73
11 91
82 20
28 98
55 28
11 46
83 45

100 100
5 63
73 85
17 55
35 5
61 18
100 73
23 55
40 35
24 93
73 27
100 14
10 70
56 22
82 11
6 44
32 45
75 94
49 7
44 86
77 37
54 50
95 99
44 75
3 48
92 24
40 8
28 54
60 32
78 39
7 68
92 25
80 48
18 15
94 12
92 61
54 40
63 75
68 36
41 30
83 34
71 18
83 32
79 95
46 30
17 20
25 12
62 82
69 28
16 77
96 46
44 33
70 43
6 89
87 44
100 92
94 64
79 13
49 5
11 78
83 59
65 71
96 80
12 14
58 54
29 9
61 42
37 75
51 91
26 41
71 2
67 50
55 65
86 60
9 47
54 10
4 89
48 84
67 100
54 57
47 55
72 64
93 35
34 28
54 34
95 43
81 75
21 32
88 68
18 52
18 77
31 14
63 30
15 17
32 11
33 39
60 41
66 92
25 54
40 70
59 53

100 100
96 19
51 45
8 58
32 32
50 33
68 45
40 73
35 99
37 89
8 72
69 19
14 26
77 22
71 17
72 46
71 30
68 63
64 43
36 93
60 35
87 22
79 4
65 22
35 51
6 27
21 94
62 9
13 65
90 21
87 31
88 32
83 17
28 46
84 14
88 47
47 78
23 12
3 48
94 89
50 97
25 40
11 3
53 1
69 28
10 82
78 16
51 93
71 31
57 69
69 55
12 65
79 10
1 97
9 91
41 91
82 41
73 28
35 24
53 12
92 14
12 87
17 74
4 7
84 22
69 10
6 92
37 80
25 85
67 36
10 95
72 20
44 2
40 48
81 41
94 3
59 16
12 33
16 52
87 16
17 59
56 18
4 48
96 57
68 20
70 18
98 2
18 2
87 91
90 9
31 86
69 88
14 84
84 70
74 20
45 66
21 13
8 37
63 94
48 1
76 44

100 100
73 20
47 22
23 96
35 14
79 29
59 90
99 45
32 85
29 85
8 58
37 7
21 36
55 49
58 2
32 95
14 51
23 97
32 41
76 16
17 31
66 20
80 94
46 69
57 71
95 9
10 65
13 28
10 49
54 27
32 16
70 38
63 76
16 73
12 74
22 88
94 100
73 62
42 29
55 11
71 56
22 96
73 29
74 17
90 67
36 44
74 76
4 84
18 9
47 88
89 49
78 29
84 47
26 39
5 95
33 34
32 75
13 47
4 47
68 9
4 88
68 47
94 24
28 64
55 68
29 50
96 95
33 15
39 41
23 26
50 54
89 98
18 85
30 36
30 16
39 83
88 28
36 2
100 52
42 19
51 86
27 28
18 61
51 7
9 38
27 10
91 90
42 3
11 82
12 98
94 70
98 43
80 98
60 31
27 38
24 74
85 44
95 89
28 68
30 56
32 60

100 100
63 33
4 51
5 94
41 37
62 96
49 57
1 22
3 53
66 3
51 29
80 40
91 54
18 12
18 28
36 51
53 80
64 61
75 16
53 29
16 40
95 92
14 29
21 59
19 85
98 44
46 59
4 85
86 27
81 79
12 36
77 8
2 98
88 27
80 80
27 13
43 84
19 16
50 24
1 66
63 34
68 92
2 55
35 18
51 81
75 7
72 60
95 98
10 16
31 18
60 37
95 62
61 3
98 78
31 85
35 98
41 36
19 93
37 75
51 94
11 9
59 77
94 6
61 37
33 88
93 16
23 41
50 51
70 52
45 36
25 64
15 34
96 52
17 44
37 76
14 67
17 61
18 98
18 28
16 71
94 78
7 77
66 70
45 82
92 98
9 81
48 86
76 38
71 19
91 71
51 93
77 66
52 8
94 84
55 42
2 76
27 100
26 21
66 25
30 78
57 37

100 100
93 77
24 29
82 78
87 34
26 39
65 32
22 56
51 90
37 46
43 2
69 53
54 47
4 43
32 93
55 74
42 48
63 56
52 78
54 17
57 98
70 67
66 35
80 14
68 3
66 45
27 81
59 73
11 21
56 25
17 90
30 66
69 7
91 91
76 98
44 39
70 36
15 90
9 60
47 66
85 64
14 64
12 12
26 40
83 72
45 56
87 41
47 97
71 65
80 44
17 42
30 69
33 95
11 88
36 79
44 91
36 40
82 58
24 28
90 88
92 34
75 100
28 68
50 85
64 22
44 86
78 16
16 80
56 17
49 38
74 2
68 10
19 49
54 38
32 72
42 37
10 85
80 11
30 96
82 2
98 22
17 11
74 36
75 2
73 29
45 78
88 66
31 19
40 23
89 45
13 95
9 71
38 2
50 40
40 53
90 18
95 90
73 23
49 69
96 14
77 56

100 100
15 50
19 35
99 51
85 57
5 80
95 53
48 54
33 60
88 92
37 2
76 84
33 37
43 58
5 87
12 89
43 24
99 78
39 32
73 71
87 50
67 85
76 45
48 52
78 17
52 26
6 78
54 62
43 14
72 51
17 44
57 26
64 45
34 11
29 75
81 93
90 74
34 35
44 97
78 77
82 51
98 20
1 67
48 55
11 72
53 55
16 51
22 44
54 48
60 47
47 94
55 62
24 34
24 11
30 13
39 51
5 33
30 50
15 11
79 22
56 66
100 74
30 15
43 16
5 88
28 4
34 69
43 73
1 93
52 23
28 97
54 28
56 5
31 64
81 19
70 97
81 55
16 89
37 6
24 8
59 23
3 38
29 75
64 49
53 43
16 41
57 35
18 40
65 30
41 29
4 10
35 53
30 80
21 32
94 84
84 67
100 57
70 80
47 16
98 97
59 8

100 100
98 37
51 22
7 12
83 67
82 12
51 84
92 30
79 60
87 37
12 44
89 58
53 55
90 51
58 9
100 63
86 76
88 45
60 82
42 79
18 97
16 20
78 7
16 54
17 40
14 46
11 76
97 49
1 27
82 17
90 5
85 4
75 4
18 52
99 46
81 81
11 93
5 33
88 89
44 72
82 97
36 47
69 17
80 96
18 96
10 23
48 13
11 14
36 76
66 85
54 59
72 39
70 16
80 99
38 92
5 59
61 10
72 84
97 15
45 11
49 32
48 29
29 24
65 10
46 26
98 28
92 54
69 3
29 14
70 88
85 69
6 25
24 54
4 41
93 84
25 15
45 18
73 93
30 84
33 97
65 34
15 68
2 63
69 30
98 8
33 80
28 99
75 50
18 62
58 84
93 19
46 3
45 35
89 6
60 14
26 57
84 21
81 26
84 28
78 76
11 59

100 100
29 27
78 69
91 81
74 72
16 43
60 26
58 31
13 30
5 55
26 47
62 54
83 61
98 32
71 10
44 51
34 81
67 75
11 90
73 29
75 20
33 10
9 78
93 18
89 43
86 69
6 94
87 10
38 19
29 24
90 77
31 18
60 50
26 54
99 58
84 48
21 60
22 91
16 13
83 94
7 20
99 20
95 69
36 94
20 98
13 65
20 1
14 92
55 57
13 8
83 94
41 17
74 73
53 75
8 97
7 33
78 33
31 75
89 57
47 44
74 14
75 96
36 56
60 59
74 31
42 80
7 43
57 22
70 82
20 25
80 68
96 99
29 15
45 49
19 38
34 20
37 53
85 39
77 28
18 10
96 73
80 23
46 11
40 88
96 63
66 4
35 56
75 54
15 76
67 89
86 4
53 7
20 97
45 17
43 91
59 73
9 74
79 64
8 31
59 35
75 61

100 100
16 33
39 51
70 71
14 58
48 18
61 98
84 35
59 23
75 40
59 32
20 89
43 20
94 23
75 72
45 55
6 4
80 6
72 40
86 31
92 91
55 61
54 44
64 46
12 82
56 1
29 89
82 97
92 53
40 61
79 82
40 27
69 42
95 37
86 58
39 61
12 92
32 37
83 59
50 21
76 14
80 7
94 77
50 75
13 80
69 90
74 94
80 18
69 28
37 65
17 40
30 94
47 63
58 28
38 29
84 61
9 83
40 79
8 26
63 92
75 96
4 89
50 31
56 38
11 54
73 99
88 56
70 65
46 32
69 28
34 12
79 86
7 91
50 15
9 74
37 6
76 53
11 11
69 3
9 1
12 70
5 93
78 62
40 77
20 5
61 82
25 22
24 53
35 57
76 37
2 62
4 69
6 92
50 19
82 92
63 39
18 69
65 63
17 52
40 41
62 94

100 100
23 89
6 97
34 68
2 19
93 5
76 58
16 2
53 53
39 7
71 6
70 80
34 85
24 42
23 48
15 86
54 53
42 21
92 49
8 49
55 9
11 75
80 27
92 67
60 99
21 26
19 62
18 13
53 55
98 44
4 99
26 62
55 54
33 6
21 70
21 68
53 21
87 69
79 52
20 42
12 15
80 93
25 99
59 75
94 28
21 52
19 30
40 93
52 50
18 46
61 14
90 28
57 75
16 33
32 81
34 39
85 33
29 49
42 55
2 71
35 84
43 13
5 35
72 54
40 38
37 1
26 51
8 61
19 87
72 29
21 70
54 56
86 31
80 83
43 49
47 25
79 37
21 39
53 39
51 55
100 89
94 64
71 97
34 15
49 90
21 22
29 100
43 32
12 67
35 66
37 66
100 11
85 63
93 83
40 67
21 100
15 74
53 12
39 61
89 16
64 58

100 100
6 40
96 31
83 26
45 34
54 53
38 16
40 7
91 37
11 62
75 9
59 33
75 9
74 89
75 22
60 43
77 9
46 80
74 34
14 2
14 50
13 23
91 11
62 40
99 42
71 36
94 29
55 44
86 97
9 94
91 50
64 91
26 87
27 63
70 94
40 100
93 73
30 42
40 83
85 39
12 20
68 31
60 80
35 14
38 88
47 11
52 69
58 72
72 45
81 100
66 73
5 42
69 97
95 44
38 25
14 52
50 4
86 79
90 41
47 90
34 16
72 27
90 94
66 75
31 30
97 97
22 80
18 26
78 33
47 97
65 91
52 64
13 14
87 71
56 65
90 77
21 36
84 14
2 38
84 96
51 63
67 19
69 51
38 57
88 54
50 42
7 76
6 55
65 50
87 77
52 19
74 22
67 57
1 12
35 7
41 73
92 98
41 73
99 4
85 5
39 53

100 100
76 6
97 100
84 66
82 81
67 51
66 73
10 28
59 69
52 86
91 15
11 12
23 15
21 81
19 34
55 3
45 29
45 7
96 24
86 93
71 2
29 59
16 25
94 51
44 69
50 94
33 12
5 33
16 88
81 46
70 46
77 32
37 14
46 67
65 98
38 50
99 31
22 46
9 70
46 5
43 11
6 64
31 2
95 18
96 27
40 6
35 86
90 11
36 93
21 68
2 24
29 4
47 4
17 56
70 65
12 46
94 95
92 22
80 8
26 14
9 47
60 100
33 49
52 54
4 48
83 76
21 76
11 65
74 1
10 66
64 39
14 14
70 32
94 29
55 4
10 93
72 51
7 44
94 77
75 47
20 21
20 32
33 37
3 52
31 90
58 77
61 84
96 98
70 78
20 46
15 92
69 82
90 73
36 46
51 42
31 94
54 26
4 95
77 69
46 4
2 59

100 100
93 15
4 31
46 48
96 75
8 70
24 63
6 24
37 16
72 12
25 92
26 76
76 66
73 27
67 96
27 17
94 81
66 16
49 70
6 25
48 46
19 22
87 72
76 90
47 13
38 16
78 89
22 93
24 13
59 53
67 76
6 24
80 58
34 93
66 62
54 87
90 82
92 22
99 25
2 51
26 95
62 27
6 78
78 56
87 14
11 45
1 64
85 99
51 68
38 32
46 65
69 40
84 92
23 20
78 39
84 66
18 34
92 14
54 66
19 79
15 93
25 50
21 88
2 27
100 53
15 84
88 62
40 59
69 70
66 3
40 36
35 50
35 17
93 3
24 98
88 19
49 51
50 67
2 11
66 48
90 95
51 47
91 20
74 15
90 52
40 80
12 46
88 70
96 21
46 46
15 71
89 96
51 74
65 23
20 38
72 97
15 100
22 81
70 1
71 90
39 21

100 100
47 33
48 66
97 44
66 62
23 16
41 100
79 94
63 4
16 40
5 16
25 31
14 12
53 100
65 68
49 86
41 23
72 44
94 31
76 2
97 16
6 67
87 73
80 6
20 37
67 32
100 76
75 94
14 42
96 65
98 64
58 52
46 8
5 62
90 49
32 18
3 87
12 66
99 74
48 8
28 98
16 29
15 27
84 64
3 96
62 7
47 3
89 17
21 19
37 100
91 1
80 31
35 4
11 90
44 96
61 29
93 33
15 78
64 55
4 51
77 59
59 11
26 20
2 18
11 93
3 14
81 18
13 3
26 43
65 28
30 91
82 25
94 54
55 78
5 75
14 37
1 47
54 94
53 72
89 69
57 17
54 81
37 94
89 97
52 92
87 53
96 95
9 44
87 28
54 27
33 57
17 22
88 37
28 96
12 77
51 26
100 22
17 59
39 35
33 42
81 74

100 100
84 55
12 74
1 71
33 16
22 19
19 27
62 86
37 91
92 55
44 5
96 65
46 39
88 31
3 4
21 33
16 83
54 87
19 6
3 72
85 52
61 62
25 68
38 45
41 60
14 22
33 66
82 10
23 7
47 3
31 13
58 90
11 7
62 74
28 54
28 16
84 30
72 93
5 32
12 17
66 71
38 30
89 70
84 78
89 30
97 97
93 5
11 67
94 3
68 63
25 96
38 25
85 76
99 59
15 100
5 83
23 29
86 26
76 77
35 27
39 62
41 34
47 64
95 25
96 84
80 28
33 24
60 46
3 82
72 73
84 16
96 94
87 25
20 87
38 57
100 45
72 16
93 90
20 67
84 29
47 17
54 69
58 87
39 15
80 78
95 59
57 53
70 99
13 48
19 49
70 43
19 39
17 31
14 87
60 68
8 74
83 19
45 57
62 39
18 63
3 94

100 100
90 80
68 25
25 49
52 3
29 79
84 38
16 12
7 94
42 22
17 81
56 55
90 6
100 18
1 89
4 51
100 65
64 91
29 29
86 78
41 19
84 73
17 26
3 76
10 47
71 91
16 82
19 17
8 4
25 70
67 83
74 32
48 3
12 47
97 86
1 51
67 28
43 27
22 45
12 1
84 37
96 86
88 74
30 57
45 83
98 66
86 63
26 12
62 83
84 45
6 77
66 50
2 63
60 23
31 74
52 62
14 21
39 98
69 18
7 73
45 2
56 55
32 3
31 8
96 81
81 59
22 6
100 70
96 8
62 28
95 71
42 1
3 83
51 81
77 60
88 62
83 76
52 57
10 55
8 62
70 46
91 70
87 74
61 33
2 50
11 90
66 94
91 37
81 10
5 55
71 61
15 23
96 91
15 17
50 16
36 57
64 97
41 76
33 68
99 72
33 43

100 100
30 25
47 74
3 87
88 11
44 48
51 46
72 84
68 11
98 94
94 57
30 62
42 73
30 66
28 81
26 14
78 85
82 50
12 100
40 46
94 16
15 90
6 82
41 65
98 23
87 4
46 15
34 65
20 61
24 41
61 1
15 89
87 22
76 42
78 28
4 54
46 36
11 70
95 20
5 18
59 81
42 44
70 25
64 71
56 57
17 72
43 60
58 67
48 86
87 64
92 38
17 86
94 11
5 91
30 78
34 98
2 30
51 55
87 77
75 40
61 30
29 88
90 72
51 65
30 6
39 24
93 42
40 11
78 58
45 94
59 60
33 80
80 80
54 65
87 57
71 59
68 74
89 25
72 61
31 83
16 36
75 8
26 52
28 97
95 32
99 11
83 42
26 66
21 61
25 33
55 20
73 41
68 25
6 46
41 34
29 82
68 41
74 56
21 45
39 92
92 33

100 100
9 38
74 20
99 41
16 5
20 46
82 14
57 41
57 49
37 14
67 41
33 73
33 70
36 85
25 78
90 44
55 28
65 58
40 36
26 45
9 91
15 68
57 11
5 80
75 75
79 33
73 81
58 78
58 11
1 41
33 25
78 2
3 23
86 100
5 19
48 54
46 46
73 1
36 13
10 30
74 2
13 38
50 82
32 66
8 37
87 25
92 30
62 37
36 5
56 87
70 45
70 9
11 72
66 60
61 81
67 44
9 23
41 32
69 4
41 23
56 33
36 49
57 49
85 61
65 59
31 55
9 36
42 67
13 35
42 10
14 59
55 25
68 36
22 32
49 93
64 99
53 53
17 91
57 78
84 88
71 7
99 59
2 68
87 78
35 61
68 8
49 87
81 10
3 36
73 66
72 82
97 5
79 26
5 71
49 91
65 63
92 24
76 94
12 45
25 34
40 1

100 100
13 90
44 47
5 15
65 13
92 74
28 45
38 57
88 81
10 51
85 17
86 54
78 84
92 3
85 26
71 3
82 96
11 80
53 78
85 75
48 51
68 30
29 80
54 16
9 7
42 74
44 9
27 99
39 100
40 96
51 23
96 8
100 53
80 82
97 96
28 55
53 7
13 94
26 27
38 38
46 45
61 47
87 44
43 33
89 14
11 46
33 13
31 95
77 76
39 13
5 27
55 80
72 32
73 1
54 78
75 11
84 39
44 98
89 62
21 86
41 55
45 20
99 22
37 96
65 66
99 67
27 35
97 33
51 84
37 87
71 19
92 68
57 9
1 100
30 63
83 93
61 58
16 52
81 33
90 73
17 38
41 36
66 33
37 94
29 19
90 89
84 28
73 24
21 11
17 75
50 35
68 65
46 79
30 28
17 7
49 44
34 95
16 30
77 42
42 19
53 17

100 100
8 79
33 47
68 1
45 23
69 28
55 37
100 90
71 68
53 80
57 58
88 51
51 70
42 65
99 47
74 51
81 46
52 53
5 28
66 46
4 13
26 71
14 39
42 28
32 83
20 53
31 81
9 46
38 96
82 44
99 98
10 59
95 85
57 12
87 47
6 88
41 80
26 12
53 34
61 89
97 61
69 43
57 57
10 87
94 26
32 80
16 33
79 70
16 1
26 90
99 49
72 96
71 34
65 75
58 12
25 95
9 97
34 28
77 70
67 39
55 47
6 7
80 21
4 60
7 78
4 77
4 77
39 25
46 93
91 48
47 95
53 40
25 90
58 79
46 57
81 76
62 22
61 45
29 18
22 78
70 36
56 42
96 92
74 62
55 20
93 100
74 96
99 52
85 37
14 12
73 79
43 94
80 2
47 10
93 34
100 99
17 78
41 28
57 20
14 58
80 64

100 100
80 45
49 95
35 78
92 55
91 93
52 48
56 10
84 6
60 44
33 97
37 30
13 28
21 84
47 62
66 97
83 72
18 70
69 52
68 16
43 44
83 57
88 70
13 32
37 51
13 13
16 14
53 11
91 65
76 96
80 91
75 18
26 3
10 25
67 86
46 67
66 69
26 99
23 53
97 17
72 5
41 49
30 61
9 54
81 12
36 8
93 10
23 43
29 38
19 98
20 29
5 80
21 25
29 69
76 27
7 22
9 25
78 79
50 47
94 61
19 32
33 35
65 19
13 52
14 76
87 36
42 68
58 36
99 31
76 46
66 39
40 40
86 7
53 58
51 82
4 20
44 2
43 24
99 7
50 43
79 10
17 13
69 62
69 17
93 24
66 39
53 88
19 30
49 95
86 51
90 97
7 34
94 38
17 51
84 15
25 28
79 39
37 38
86 89
48 37
98 52

100 100
93 66
19 10
77 75
80 16
66 1
12 67
64 76
97 21
93 49
99 28
75 56
45 25
12 39
44 24
57 49
53 55
30 40
98 19
73 59
88 24
64 93
10 69
33 63
33 52
2 92
82 7
2 51
96 73
72 23
20 27
8 6
5 55
7 60
39 33
74 86
89 52
65 72
49 87
78 48
11 69
35 66
87 44
38 11
87 81
81 61
23 98
79 63
52 85
30 76
66 47
97 28
74 28
42 4
90 33
91 38
95 54
86 94
49 29
14 96
42 55
61 68
35 40
31 2
78 53
36 29
76 89
12 1
8 12
63 89
26 25
82 2
13 59
16 80
80 60
96 78
97 81
96 97
72 87
81 26
12 84
96 49
70 82
53 69
54 44
33 88
93 30
50 77
100 58
92 10
64 80
62 55
41 9
32 63
73 69
56 52
54 9
29 34
39 62
67 65
71 55

100 100
80 86
4 12
82 12
32 27
28 4
82 76
9 5
65 41
63 22
19 45
47 13
22 72
43 10
4 13
49 97
91 80
9 65
73 20
81 74
39 20
16 18
61 38
25 17
14 72
2 42
45 77
16 78
71 3
34 15
16 79
89 34
25 18
73 60
37 6
72 39
15 36
53 81
86 15
51 26
91 62
46 1
9 19
80 20
3 30
44 45
40 39
28 13
95 88
85 13
23 65
34 79
83 65
81 62
11 68
98 89
3 40
9 73
48 21
28 70
90 65
74 5
50 83
45 97
54 22
36 17
14 84
81 55
84 89
96 60
18 93
42 10
44 52
73 49
94 88
56 9
55 100
52 61
7 34
63 33
68 94
44 4
51 73
94 62
55 6
55 76
88 95
64 95
88 88
61 35
90 80
18 24
96 67
100 32
45 49
99 36
91 33
36 45
55 91
19 76
43 84

100 100
31 48
63 50
42 97
16 59
7 27
56 69
70 60
31 77
54 5
64 61
23 52
2 3
78 17
46 57
82 73
13 94
90 18
16 15
54 57
63 71
34 53
71 9
86 45
51 21
56 15
81 37
3 64
9 92
42 90
69 31
30 63
77 93
73 94
62 2
13 77
89 83
86 84
72 10
10 22
68 99
97 23
5 79
23 15
14 59
10 49
24 71
67 2
62 51
85 90
36 98
12 40
53 54
61 11
34 8
52 38
20 13
90 51
42 37
53 80
10 24
52 70
59 52
61 85
18 58
1 60
91 38
85 52
45 57
26 69
36 82
35 81
53 24
14 60
11 78
18 7
57 84
97 56
30 36
9 3
1 78
45 97
65 33
25 64
7 15
17 28
48 19
87 97
100 61
26 34
74 31
51 48
25 100
79 13
66 23
52 36
32 31
85 70
95 82
76 26
64 41

100 100
100 57
60 51
71 69
72 48
93 66
30 87
71 61
26 56
20 6
27 31
5 43
21 15
38 33
20 88
61 77
69 93
67 30
53 42
54 26
36 46
54 51
42 29
80 95
63 14
29 36
24 72
92 57
58 11
84 57
25 19
48 27
72 16
27 2
2 91
22 56
31 35
56 57
37 97
97 94
91 54
31 97
4 85
43 15
25 68
2 23
85 53
39 91
56 41
11 16
29 91
61 67
32 12
20 94
1 72
68 10
85 31
97 85
64 52
82 30
41 64
47 22
91 36
69 73
28 28
36 98
42 42
95 64
33 25
39 54
52 6
11 8
25 89
87 41
65 15
67 59
1 19
82 51
72 13
41 64
66 67
89 73
72 77
75 78
55 74
100 66
12 66
46 20
35 28
23 73
85 43
82 88
62 9
12 30
17 100
76 7
86 39
54 6
26 57
49 51
1 53

100 100
2 33
89 74
40 47
34 65
32 13
78 86
65 25
55 59
40 82
99 69
96 33
77 37
35 29
42 10
91 79
58 74
41 99
27 71
68 25
43 98
57 25
19 43
54 11
5 63
96 14
7 90
39 93
78 62
94 16
40 10
60 47
56 16
10 26
39 99
9 76
81 38
87 25
60 49
79 67
19 26
12 41
11 57
100 22
94 39
32 23
90 24
29 50
30 86
54 91
82 18
69 70
62 58
7 57
58 19
44 33
70 96
69 53
57 82
29 47
27 35
20 17
49 46
11 41
60 11
26 25
40 99
6 58
60 80
80 13
84 7
49 1
18 21
91 28
23 46
15 49
70 53
26 16
91 15
26 92
59 34
59 88
21 39
12 82
32 47
72 67
34 12
9 66
25 40
86 55
56 6
47 76
77 29
20 36
8 83
73 23
78 29
42 16
46 46
69 48
89 96

100 100
80 89
91 63
4 63
88 16
33 29
82 57
2 73
16 40
46 44
90 21
97 88
97 65
17 53
83 15
92 23
62 58
46 60
94 45
90 33
76 81
91 74
59 43
91 87
27 53
24 10
86 1
97 76
1 51
12 25
54 41
70 23
24 68
82 96
47 14
47 96
48 87
83 51
75 60
44 35
16 49
92 98
16 72
77 3
31 31
37 14
86 52
34 47
74 58
5 27
7 95
24 24
86 20
66 45
76 3
6 10
36 67
76 4
58 65
90 95
38 82
60 46
86 75
53 83
60 60
72 30
57 32
7 34
23 69
91 84
58 57
4 97
59 60
95 36
80 93
30 66
28 100
22 53
61 88
100 39
14 58
65 57
100 32
8 62
74 1
69 26
100 31
36 24
43 49
84 72
17 87
7 83
80 89
17 34
93 8
74 58
70 62
20 53
11 23
23 24
97 87

100 100
61 26
10 14
8 81
19 12
41 57
39 94
83 100
16 2
30 54
3 91
24 54
72 25
35 95
54 94
80 34
80 8
26 17
41 85
22 64
49 81
87 51
23 85
44 36
62 12
57 88
64 99
1 54
13 92
14 49
71 89
64 87
94 38
96 18
58 3
15 73
79 30
18 17
80 1
15 74
20 36
94 34
33 33
29 96
10 27
50 53
25 21
29 18
63 61
82 27
42 64
28 84
59 10
99 94
31 54
57 42
82 27
79 65
60 95
65 69
59 84
13 85
14 57
7 94
63 16
88 4
51 77
42 100
23 40
76 3
3 67
35 78
40 5
9 21
21 46
40 53
33 10
24 63
43 19
80 62
79 82
49 93
33 99
55 10
100 73
58 87
54 99
51 94
39 2
18 49
94 66
83 83
25 51
27 38
50 83
44 77
10 62
12 1
96 94
48 32
70 79

100 100
82 83
16 38
3 3
78 100
83 40
36 85
2 73
21 93
50 20
32 72
45 100
2 8
89 48
72 83
40 48
85 78
92 84
25 23
1 2
17 80
87 31
45 31
68 91
16 97
29 88
29 25
26 48
96 94
69 56
31 7
12 21
51 68
39 57
2 98
22 73
92 47
29 99
16 8
47 4
82 21
50 15
69 54
95 33
14 18
63 23
73 61
62 13
54 92
49 34
19 98
20 100
26 21
16 94
56 81
67 83
91 35
62 67
74 18
13 14
71 24
16 86
5 62
57 63
8 27
25 18
12 26
32 33
24 29
64 74
74 96
5 58
72 39
86 53
36 23
32 8
72 9
17 4
91 60
43 31
96 79
17 70
19 63
92 16
9 68
65 38
82 30
59 40
25 33
18 69
17 24
13 39
93 71
1 88
51 26
10 96
19 65
52 56
2 66
9 33
10 96

100 100
67 53
16 45
86 8
32 94
42 79
39 91
83 67
58 18
65 69
33 79
2 21
18 89
5 87
47 23
2 83
20 75
66 81
4 78
71 31
5 90
89 77
14 61
69 33
50 48
28 34
69 57
66 73
42 73
20 73
30 47
5 85
11 9
34 96
25 42
19 21
42 56
15 52
19 79
36 45
16 77
97 21
94 40
36 71
62 90
70 15
97 97
40 11
6 62
65 24
30 17
81 50
4 84
67 3
53 63
82 30
71 27
18 32
4 43
67 80
47 69
50 35
7 13
86 28
15 39
66 8
62 21
46 56
50 71
37 28
17 40
81 27
75 22
18 14
39 96
71 3
70 91
41 84
100 86
60 45
48 42
18 81
33 100
34 14
44 82
98 93
60 46
35 6
43 42
26 59
98 47
42 94
67 97
33 77
45 65
33 17
46 4
75 59
51 9
13 45
57 35

100 100
73 2
71 61
18 72
31 84
39 90
19 14
93 88
79 37
6 13
29 71
88 10
57 62
5 15
30 60
92 63
75 33
82 19
100 48
53 60
26 79
40 37
77 5
88 28
73 11
92 70
15 74
88 66
75 81
82 51
62 23
70 4
96 15
77 36
68 35
28 64
10 78
41 17
22 5
74 44
39 81
98 7
99 20
57 89
44 38
96 41
62 37
65 1
20 66
19 79
3 46
83 19
49 17
57 61
33 82
14 39
62 63
47 62
35 43
99 87
33 70
9 93
97 29
34 69
45 34
58 35
55 27
98 33
12 47
99 25
25 43
20 24
19 52
95 62
99 53
100 9
31 28
21 31
47 71
76 82
56 60
39 18
90 5
97 95
34 67
27 80
82 60
55 30
15 43
37 64
98 19
23 35
21 96
41 60
60 44
61 70
30 70
28 15
59 27
17 90
77 64

100 100
14 30
91 87
25 22
84 7
55 6
12 38
51 97
74 93
3 41
89 4
9 8
40 13
14 59
5 89
57 70
50 23
48 9
2 66
83 100
36 30
47 91
31 92
12 60
72 49
28 44
61 84
57 9
89 6
39 5
47 80
42 26
97 80
49 79
68 72
71 74
47 86
85 16
11 47
41 14
25 84
99 62
15 76
81 10
82 10
3 7
58 6
80 16
37 100
7 1
21 34
99 71
78 67
20 14
83 3
100 11
1 68
28 87
47 96
86 62
18 27
86 83
97 36
26 46
80 11
94 43
5 17
74 49
99 12
84 99
67 28
8 62
27 37
5 95
93 96
54 43
51 19
71 36
34 91
56 55
30 78
44 84
29 100
61 39
9 61
60 59
55 91
83 60
98 76
30 83
31 25
61 1
43 79
78 1
37 46
14 68
43 23
28 100
39 30
66 25
66 36

100 100
55 95
91 23
87 89
50 72
28 53
9 75
72 90
12 71
18 48
20 46
74 78
61 1
15 68
48 73
36 37
7 39
86 94
1 46
85 68
29 14
71 45
98 7
96 25
95 52
91 23
32 99
98 36
19 90
62 97
56 14
43 12
40 87
49 74
72 76
32 71
100 68
5 16
24 59
4 85
84 42
3 55
37 36
40 15
68 18
19 69
65 76
9 90
36 84
37 52
57 21
55 88
81 50
44 46
62 72
5 9
85 69
65 100
43 77
79 19
31 83
99 67
29 6
48 84
84 50
27 1
96 95
41 66
24 98
4 72
84 33
19 4
16 49
61 83
82 90
58 73
77 95
86 75
63 26
46 94
82 97
76 5
90 73
15 32
73 55
77 91
37 38
97 62
56 90
5 86
24 62
80 18
26 17
9 5
81 53
99 31
22 87
17 25
9 44
43 57
67 84

100 100
5 63
44 30
75 26
4 85
57 81
47 100
26 65
61 85
93 6
21 49
7 70
77 23
39 12
91 29
66 41
72 3
98 98
28 86
61 17
3 22
80 58
39 21
12 74
44 45
30 49
56 39
44 62
92 54
56 46
40 98
52 58
65 21
33 55
43 41
51 15
87 20
15 37
25 6
4 54
46 32
21 8
17 51
4 95
64 39
84 8
48 75
88 37
35 67
47 70
50 45
46 63
56 97
27 67
50 72
81 5
59 75
71 45
55 31
74 17
13 51
88 95
13 84
1 94
7 39
89 64
1 72
71 57
5 48
32 12
21 39
85 35
11 48
44 44
99 82
56 56
74 73
57 66
75 34
56 9
35 56
92 57
24 90
47 46
22 32
10 16
82 69
7 2
53 12
44 10
48 17
33 42
43 61
88 14
99 74
52 63
61 94
88 12
22 26
87 52
15 19

100 100
77 80
13 59
34 70
76 99
18 82
91 8
79 14
68 32
46 40
18 87
66 27
11 43
98 83
2 39
80 7
34 56
3 74
3 30
65 97
15 16
59 74
45 5
4 80
14 78
75 2
97 31
71 28
72 23
66 57
65 48
91 45
71 29
46 25
11 33
51 87
6 89
16 16
71 57
4 98
58 39
48 85
60 82
75 81
5 76
58 81
39 33
31 62
4 26
9 58
27 22
16 8
81 12
49 82
66 100
63 11
46 50
6 13
91 6
28 92
12 60
78 1
12 84
97 32
32 99
5 16
68 43
80 48
5 77
40 57
46 37
59 85
97 56
10 60
97 68
71 25
4 59
97 76
57 39
19 77
17 74
64 77
71 31
100 97
73 80
65 59
88 66
94 100
76 62
10 47
14 51
26 44
22 70
20 38
50 65
83 70
55 39
23 18
46 83
43 39
30 15

100 100
89 97
11 7
66 3
43 86
9 45
56 43
90 14
60 28
92 60
79 58
13 65
44 10
34 30
73 97
77 25
58 16
8 55
33 58
55 92
17 22
67 60
58 35
57 76
40 86
50 33
29 57
23 32
98 56
83 18
3 29
52 45
22 61
4 51
78 42
31 63
55 3
14 5
27 15
17 42
35 33
59 18
21 27
86 28
37 5
100 50
94 13
25 100
24 4
78 17
58 8
28 70
71 49
87 92
65 37
39 52
14 97
44 60
49 35
15 14
52 29
28 14
91 73
39 48
28 97
88 28
45 16
18 37
90 22
4 57
47 45
57 76
26 10
14 32
43 47
39 27
77 63
62 1
45 98
64 97
24 95
57 23
41 79
85 9
8 12
48 93
3 90
93 93
32 78
56 41
80 2
60 79
63 98
74 88
9 1
83 53
78 91
25 33
19 50
2 85
53 76

100 100
13 58
16 13
42 43
17 91
55 4
40 49
61 84
72 61
3 1
88 51
55 64
78 63
21 75
16 14
37 98
84 64
33 31
16 35
30 18
30 72
93 61
14 14
86 1
57 99
98 44
81 30
37 100
98 65
53 90
11 59
10 5
19 94
54 36
88 16
90 63
48 43
65 7
59 57
49 1
71 91
67 81
28 61
54 74
79 96
28 72
2 24
42 13
65 12
80 90
62 53
40 13
45 8
11 96
50 58
65 70
62 76
11 6
25 91
95 57
96 8
63 1
2 57
93 54
63 31
67 5
59 30
86 30
100 35
39 17
47 25
93 48
89 71
29 27
79 76
48 72
100 13
86 69
99 20
52 78
91 77
66 60
48 28
59 47
52 92
47 98
90 46
8 12
72 5
6 65
81 75
34 51
73 7
86 86
60 46
34 12
70 78
80 77
35 32
9 64
25 97

100 100
9 11
7 28
15 99
53 43
62 89
2 52
15 81
59 3
73 19
95 95
28 30
53 17
84 87
68 86
10 63
100 73
36 60
78 44
96 1
64 93
56 61
62 93
32 63
13 56
73 91
33 18
6 57
18 17
13 60
93 52
4 39
57 27
94 50
9 6
59 21
96 2
65 48
23 36
74 43
65 16
16 54
25 76
65 14
60 56
33 92
17 64
43 10
88 61
28 75
72 47
48 72
98 83
36 49
76 87
27 43
1 10
27 74
70 61
83 28
83 41
80 55
31 87
100 43
39 28
50 60
26 62
28 62
48 54
4 12
62 77
71 4
97 100
52 16
49 98
58 38
88 74
52 42
54 66
69 73
41 19
69 51
34 89
15 77
22 6
52 13
43 81
88 8
87 64
48 16
24 40
77 77
49 6
7 83
4 92
96 72
1 17
91 31
82 94
2 69
58 4

100 100
31 42
91 70
71 69
84 32
88 29
38 26
63 4
26 77
88 34
43 63
57 76
32 20
23 3
45 79
9 9
17 6
40 53
35 51
49 100
44 88
8 6
51 67
18 41
12 5
71 1
55 18
74 31
82 17
48 51
81 20
58 65
55 97
32 97
22 81
63 67
46 59
73 11
56 40
21 49
43 92
9 68
49 44
61 46
48 43
17 100
21 46
77 77
86 17
23 24
10 62
26 96
52 87
9 35
48 77
95 86
58 95
33 34
12 89
91 82
68 30
10 68
68 49
18 54
57 78
16 92
31 20
52 36
95 86
68 44
9 98
88 50
53 78
75 26
9 8
12 77
29 85
61 5
54 44
25 79
17 82
72 22
62 87
58 26
68 45
98 69
6 4
60 7
64 42
81 2
6 11
68 39
68 40
17 38
9 24
100 70
94 84
44 67
7 98
35 34
6 24

100 100
52 46
70 4
16 87
54 20
87 36
56 17
23 76
4 85
28 16
2 34
53 59
24 3
12 56
60 78
31 22
67 75
43 52
38 99
39 42
15 18
54 41
68 49
44 65
12 85
16 39
89 39
52 95
84 52
17 89
17 12
76 13
74 56
28 31
60 20
96 22
78 87
56 81
75 82
29 74
43 2
91 79
6 2
76 75
50 93
42 73
16 94
47 83
92 22
38 39
45 7
39 31
92 3
90 46
63 9
82 8
24 90
88 92
80 53
88 4
76 57
65 64
20 48
4 86
52 96
22 93
48 67
62 92
24 89
70 41
33 92
1 93
76 61
10 69
19 82
56 4
43 8
37 6
41 69
71 77
18 99
3 51
28 72
38 74
33 51
40 87
49 83
13 4
45 10
22 18
3 97
6 60
58 4
73 94
88 85
47 44
33 13
59 34
33 63
15 28
100 36

100 100
83 81
4 73
49 6
55 79
44 30
10 58
41 92
1 99
22 84
14 23
43 55
39 79
6 54
31 99
99 47
72 28
39 11
63 99
100 47
2 90
24 63
27 34
51 15
47 25
6 62
57 16
34 50
22 58
7 32
59 67
70 54
16 61
26 18
84 47
53 50
62 83
84 67
23 12
78 52
85 72
16 4
11 47
66 20
92 68
34 42
40 19
77 67
13 29
32 82
18 68
56 72
80 92
66 57
7 39
29 19
25 73
93 22
91 66
62 57
31 78
49 96
61 57
64 25
33 68
71 82
89 67
95 11
52 68
94 92
35 43
58 40
67 1
67 31
13 5
100 58
10 32
2 86
51 94
63 36
49 19
7 46
16 58
53 28
28 55
77 12
69 85
85 23
40 76
39 59
80 68
85 39
31 57
47 62
96 48
17 92
61 97
39 77
66 93
34 34
71 40

100 100
6 56
72 83
58 62
33 51
51 43
63 33
26 46
37 74
91 79
96 1
14 8
55 84
43 92
26 70
76 73
98 6
9 58
44 65
75 72
5 2
21 5
87 72
83 16
64 96
82 88
7 64
87 89
41 29
12 79
31 9
80 43
81 83
60 79
8 17
38 85
99 2
16 75
46 50
11 1
46 2
46 52
42 43
18 75
7 18
11 19
69 34
83 71
18 43
49 19
63 95
61 79
60 85
12 86
86 55
84 56
32 61
16 79
74 31
46 43
92 52
21 97
6 40
66 39
71 43
60 75
48 72
80 84
38 73
48 3
18 61
81 48
24 73
56 17
7 65
48 28
48 29
60 94
24 66
61 42
29 16
83 94
46 59
97 88
62 41
42 80
43 76
44 42
93 13
74 18
32 18
76 41
99 79
61 65
13 61
55 18
9 52
64 43
16 18
93 10
72 41

100 100
25 88
32 92
89 61
3 72
71 58
94 22
35 40
91 43
40 26
100 2
3 94
28 69
65 91
67 54
41 81
20 100
21 49
27 79
81 2
74 100
82 9
12 69
57 16
11 97
40 33
73 48
83 12
61 6
8 77
6 88
49 49
25 72
34 22
41 43
58 58
65 79
15 69
73 87
93 43
78 87
43 12
62 51
95 40
89 46
74 5
61 48
3 36
4 96
68 65
1 8
82 64
31 68
59 9
31 29
72 8
52 29
71 54
80 50
59 33
99 54
95 78
8 51
47 95
42 62
37 74
68 86
83 94
16 25
2 41
45 25
26 43
77 52
11 74
81 72
84 12
48 26
40 95
6 55
4 23
50 79
95 95
64 57
2 19
67 4
39 62
63 46
86 16
67 46
7 38
66 11
49 9
6 70
57 90
66 74
5 68
87 18
39 74
83 31
99 38
68 13

100 100
18 99
75 97
83 56
86 23
78 8
96 33
4 72
31 14
21 47
50 70
43 86
88 32
57 7
67 84
84 44
31 20
78 33
36 3
64 49
38 15
62 2
64 90
61 7
47 17
33 52
76 98
11 63
54 26
47 65
25 36
5 43
42 48
4 38
4 70
49 57
30 56
68 65
95 72
63 31
8 24
3 2
78 48
17 2
22 19
36 84
32 66
1 11
4 49
81 91
84 63
92 9
33 58
10 37
40 15
88 7
34 57
43 13
97 65
21 80
14 28
37 99
78 34
79 22
24 87
2 60
50 89
85 32
7 87
34 67
25 80
75 54
46 16
51 52
83 41
66 71
39 35
12 12
77 53
21 33
43 61
64 20
80 73
17 76
62 44
59 77
17 41
15 9
24 34
60 60
31 98
16 3
72 25
92 3
94 48
50 73
47 75
6 85
81 17
62 17
85 96

100 100
16 83
34 64
94 52
13 7
27 41
37 62
6 57
16 46
71 78
62 70
59 36
2 10
49 54
81 73
87 79
91 9
96 95
6 47
49 41
12 8
27 64
15 87
46 19
11 10
1 24
49 89
32 54
96 62
65 12
70 29
32 79
34 76
86 68
41 42
60 89
71 24
37 65
40 1
90 85
25 91
44 39
46 2
44 13
1 98
84 26
30 42
69 68
22 70
20 36
10 2
50 8
63 58
13 32
25 74
98 2
35 94
54 50
4 11
34 24
89 74
1 95
15 32
8 67
41 32
49 93
66 94
11 41
36 53
72 59
12 20
79 80
19 46
68 79
90 29
92 32
65 56
95 96
82 60
61 85
37 88
45 32
94 21
87 87
40 3
22 31
51 48
87 49
28 36
75 18
31 81
58 32
66 9
33 18
50 60
85 28
92 9
8 72
40 14
36 24
72 91

100 100
23 18
92 37
33 73
55 63
56 26
28 65
35 47
98 9
49 94
4 5
2 92
22 9
8 55
37 90
28 100
62 50
67 72
36 5
11 96
44 19
10 74
76 92
56 58
62 83
3 7
43 44
69 98
24 9
5 18
59 3
87 15
67 65
95 23
13 47
31 69
5 10
99 6
94 90
72 45
13 57
6 50
4 31
76 80
96 49
43 59
57 58
85 31
38 16
36 91
1 84
21 64
28 86
66 17
35 40
19 48
11 52
12 77
42 64
28 1
45 67
36 67
32 41
57 83
30 28
18 39
20 54
19 3
9 97
51 56
45 41
84 42
71 6
66 83
80 90
54 12
74 86
4 100
21 24
53 30
90 61
23 3
52 85
5 3
91 91
10 100
45 78
63 78
41 85
54 37
31 84
76 13
96 22
77 35
11 58
16 81
23 70
21 91
88 88
83 79
87 90

100 100
12 41
16 84
100 86
86 1
39 19
82 99
80 48
75 57
79 32
98 53
97 77
83 96
92 42
19 31
35 87
28 8
70 67
65 30
18 85
32 50
23 75
11 90
24 94
92 60
25 99
51 4
34 48
21 18
92 80
17 1
4 41
25 82
80 66
31 33
14 40
51 61
66 90
2 55
92 22
48 9
66 7
31 46
8 6
73 79
81 93
31 70
94 30
75 48
72 31
10 27
84 30
97 100
41 72
70 47
25 86
74 28
70 57
18 73
85 8
59 82
83 68
50 55
93 15
56 72
4 97
68 9
4 14
84 21
71 97
78 30
70 85
57 30
86 45
100 95
33 33
64 60
82 60
30 59
22 20
61 24
39 48
61 67
16 64
90 15
63 95
94 48
82 91
11 41
2 4
14 88
42 95
59 97
81 82
22 68
67 48
41 44
59 81
70 100
31 22
73 70

100 100
4 7
16 1
63 34
84 22
96 96
66 60
71 90
7 74
38 65
95 12
88 63
17 5
34 27
95 93
36 69
7 25
86 96
36 77
43 5
57 56
26 35
57 39
40 84
31 57
16 12
30 63
15 75
37 58
9 1
65 31
86 80
51 50
30 46
60 54
18 79
4 78
32 17
11 94
81 75
71 77
90 22
86 78
90 60
6 66
23 49
98 96
91 63
92 23
62 77
8 28
23 29
95 5
90 56
31 87
68 3
31 58
95 17
49 14
65 54
66 31
37 84
82 14
78 41
60 36
52 27
10 92
85 95
94 3
62 94
60 59
16 80
69 97
25 80
7 72
90 87
67 99
20 62
36 8
75 54
19 28
24 5
94 15
51 31
35 66
72 78
6 45
56 32
65 91
96 64
28 77
15 38
81 49
66 88
25 56
17 61
34 36
48 43
28 85
35 76
22 87

100 100
9 58
23 53
87 54
30 93
63 18
28 46
99 87
56 78
58 86
93 15
40 92
98 99
12 25
36 52
23 80
4 81
63 35
90 34
29 4
95 44
88 20
15 50
15 80
28 47
98 72
11 100
53 84
68 26
10 82
79 74
52 89
32 87
16 59
7 73
9 45
68 46
45 86
33 57
83 70
61 7
100 6
34 97
63 70
17 52
21 10
27 27
34 44
95 68
8 41
18 40
26 68
67 94
81 1
38 80
37 67
37 48
1 61
76 68
82 53
79 23
69 70
47 40
90 71
68 73
93 17
12 87
94 41
17 46
70 20
49 59
69 93
58 86
34 57
17 69
70 58
91 75
65 5
22 6
88 14
63 75
32 84
31 46
40 16
63 37
53 97
2 50
31 27
93 51
36 76
25 58
96 25
44 61
51 79
27 94
82 77
48 53
64 50
8 55
88 90
91 99

100 100
27 54
73 62
34 26
4 40
86 90
95 41
95 45
64 14
8 64
33 84
73 40
29 71
29 47
2 8
81 31
77 30
59 88
22 83
1 62
76 30
48 9
57 66
7 72
27 87
89 21
63 47
11 91
4 86
21 45
31 86
57 11
17 47
18 47
34 24
51 1
88 95
89 67
21 78
9 41
20 23
33 95
4 14
73 52
19 36
79 48
63 6
99 73
91 26
99 58
88 52
74 44
99 34
89 19
18 61
32 82
52 42
11 93
88 45
86 90
25 88
13 80
40 16
16 12
98 82
39 25
88 68
9 8
77 72
76 40
34 76
58 56
28 45
27 91
10 49
52 56
92 23
4 55
70 32
60 30
80 53
72 55
32 94
27 26
22 18
73 56
63 16
70 91
94 79
5 90
15 44
76 17
41 13
30 62
1 58
21 47
33 92
71 16
94 80
36 16
93 51

100 100
40 21
13 100
50 12
30 86
52 29
71 12
89 72
94 87
88 65
16 42
79 59
95 75
59 80
66 4
6 6
8 81
33 79
64 9
62 96
52 8
3 62
33 53
86 63
59 55
19 70
92 46
38 20
53 7
89 18
10 21
66 14
53 56
69 54
64 20
31 6
10 48
63 95
55 57
61 70
100 52
52 35
56 49
89 72
32 29
93 60
48 19
46 70
88 36
60 7
4 12
18 41
40 37
67 71
32 26
88 66
60 64
88 99
80 98
20 87
68 56
19 5
47 11
20 52
41 65
31 21
60 89
57 11
79 9
60 11
76 27
73 57
5 3
1 18
18 24
97 72
97 94
32 83
30 11
100 72
47 58
16 76
45 99
82 45
64 11
97 23
58 97
15 90
28 25
13 34
1 89
98 38
44 5
60 17
49 60
30 86
4 53
97 27
80 63
35 83
19 64

100 100
10 80
32 13
24 52
97 41
14 49
85 78
97 96
96 36
94 81
58 73
72 29
32 69
36 38
41 19
7 99
19 61
54 31
60 27
40 30
70 31
19 12
44 81
100 14
4 5
58 41
38 79
4 32
59 87
44 43
3 95
17 93
9 10
96 5
54 52
66 27
7 69
48 74
1 2
10 17
55 68
22 84
8 38
86 82
31 9
82 89
48 55
70 100
67 55
27 29
54 85
49 64
27 59
80 45
69 27
26 74
54 98
54 79
88 79
78 19
94 32
82 99
75 29
32 78
20 56
95 21
34 32
53 11
14 1
23 53
90 21
98 5
37 89
22 41
30 81
53 19
5 17
55 33
36 59
35 3
14 38
37 42
85 65
69 51
97 52
2 16
62 86
78 63
35 91
50 21
51 13
33 68
31 55
2 13
76 34
1 59
3 91
54 50
38 67
59 4
64 96

100 100
77 65
53 12
37 88
61 32
40 51
66 53
64 90
75 32
30 6
22 51
66 86
55 25
63 91
26 59
99 99
54 55
66 81
26 30
78 35
14 39
38 55
35 92
30 13
26 4
88 7
83 29
49 9
63 49
22 79
30 24
22 70
96 35
50 33
6 72
41 81
20 59
16 100
4 2
64 16
71 99
88 53
28 28
80 32
16 87
5 74
48 98
18 19
100 52
35 95
50 12
18 27
75 33
15 65
41 40
5 17
78 93
85 38
12 63
44 26
3 11
82 12
16 18
18 61
14 38
43 22
5 96
68 35
98 36
85 18
11 71
72 65
66 2
51 20
54 71
7 41
2 96
46 2
24 50
1 38
29 48
54 84
3 47
74 30
49 87
28 42
52 21
69 23
62 2
87 28
2 76
58 8
79 16
24 94
60 43
35 82
33 67
31 80
65 12
61 16
74 80

100 100
39 62
43 61
69 26
9 98
78 62
3 37
29 4
64 43
18 74
35 41
69 73
3 52
2 69
99 95
66 50
36 88
73 13
7 64
66 25
15 93
48 95
61 74
44 5
36 39
77 7
7 20
64 42
50 95
1 98
90 50
41 81
9 6
58 18
20 36
34 16
64 32
67 92
63 54
38 18
48 51
93 89
79 94
7 100
88 18
87 21
63 40
71 90
10 88
16 16
97 80
98 48
34 2
27 68
86 68
80 86
9 81
10 62
33 28
53 68
46 36
84 30
99 45
57 82
25 69
87 40
79 80
57 63
80 96
94 44
82 57
80 75
34 5
24 78
5 15
56 27
42 40
27 14
63 37
69 49
64 92
83 96
29 21
70 10
16 14
7 15
62 45
44 51
3 76
16 21
87 12
97 46
88 40
87 89
80 45
97 26
72 71
2 52
68 86
7 40
62 35

100 100
87 43
21 73
20 32
82 13
99 62
57 100
50 95
71 7
48 2
85 85
85 64
7 77
30 3
53 13
51 19
87 34
7 11
27 85
88 84
8 2
3 25
87 75
88 87
16 35
12 95
95 46
98 67
11 90
93 11
24 77
31 76
23 99
40 7
24 29
90 84
68 84
1 32
21 85
42 5
91 27
27 46
85 74
77 76
26 93
73 15
84 36
7 83
19 34
24 18
8 39
98 98
59 85
34 45
64 1
56 16
31 39
92 51
16 23
65 59
91 36
87 89
69 43
77 16
22 29
92 74
38 55
51 83
67 49
87 65
85 2
12 53
51 6
25 57
64 4
39 75
86 47
6 87
22 97
70 35
75 53
48 11
83 4
15 98
44 46
16 82
24 63
64 48
38 85
100 51
34 53
17 96
6 50
25 47
98 28
19 88
72 94
5 19
3 61
2 77
48 60

100 100
80 83
93 8
62 82
36 95
26 30
12 39
46 84
10 27
46 64
58 96
10 3
2 1
52 58
53 5
37 44
10 25
33 90
21 24
46 20
13 91
43 79
89 35
90 93
89 54
58 71
8 79
43 8
1 17
49 1
5 4
88 3
100 8
81 96
58 86
44 74
74 17
61 58
69 63
50 52
54 17
88 66
77 39
90 25
68 59
83 54
94 65
3 25
41 85
74 57
44 12
12 33
55 10
37 18
86 22
67 44
58 87
96 17
92 3
25 42
10 65
36 60
27 71
94 41
95 84
91 34
78 22
72 30
38 52
84 68
22 76
98 98
51 25
12 31
1 83
81 90
32 89
77 42
36 52
18 31
41 12
93 67
51 19
10 5
28 100
76 41
29 33
23 19
18 73
54 37
91 78
37 70
71 8
4 45
92 17
22 46
9 99
31 42
59 94
43 88
23 96

100 100
30 82
75 36
11 31
82 8
40 59
79 28
29 16
65 14
76 15
1 70
60 28
68 68
4 70
44 42
57 99
16 91
5 30
21 90
97 47
40 59
38 12
73 53
42 76
22 57
71 21
10 59
79 23
46 94
74 19
84 61
63 18
63 4
3 19
14 62
90 22
21 57
76 97
64 32
48 27
67 27
83 97
96 94
92 46
85 39
30 54
62 95
98 27
59 34
18 91
46 43
43 42
91 61
72 3
38 66
30 42
40 10
72 45
70 5
36 8
70 25
56 15
96 98
20 41
63 89
16 43
59 32
87 48
100 43
31 83
91 74
81 20
65 3
42 16
87 49
3 78
48 73
75 41
22 97
50 82
71 43
86 43
59 75
85 47
3 64
46 16
66 90
63 68
52 78
48 88
34 41
45 99
2 75
83 4
10 64
46 23
58 91
19 52
13 71
1 20
56 61

100 100
82 49
3 33
80 69
21 88
53 24
60 30
36 64
9 84
72 100
44 56
59 27
56 20
16 80
48 48
9 17
41 68
11 18
83 23
42 22
87 49
17 13
17 11
19 49
51 17
72 7
34 37
29 51
39 45
13 91
89 69
35 90
30 97
6 93
65 14
51 86
31 82
27 25
36 66
47 78
65 9
56 38
37 87
99 45
84 4
35 48
56 42
31 97
18 10
41 33
78 20
49 55
51 42
36 42
13 8
42 3
71 27
13 29
55 11
55 14
37 74
43 85
32 13
68 91
5 42
46 56
17 90
22 60
31 63
8 15
76 42
83 54
81 15
36 30
12 74
56 3
95 56
76 74
7 91
27 10
60 55
79 36
91 13
47 67
43 5
19 10
94 39
21 18
97 42
33 59
25 66
60 40
30 64
88 82
58 78
48 53
1 47
21 89
33 41
2 82
70 97

100 100
86 44
54 51
28 77
72 40
39 62
90 87
24 76
86 83
54 56
56 61
14 90
4 15
68 22
58 26
4 7
42 57
47 26
2 97
46 58
44 3
20 64
71 56
70 27
42 55
71 33
87 26
76 64
95 81
49 31
51 58
46 43
55 77
32 68
61 23
99 16
89 92
73 36
67 79
59 65
52 23
63 68
90 19
33 58
64 21
44 61
26 12
67 27
51 62
14 65
96 86
50 55
86 96
49 87
24 13
76 42
24 68
27 93
91 21
18 13
60 29
31 97
96 69
13 40
44 82
53 59
80 75
53 64
3 3
92 37
20 35
48 24
10 35
36 31
97 99
32 52
88 12
10 72
62 16
36 47
54 5
44 11
84 33
38 25
79 22
59 8
81 14
100 12
24 31
42 94
86 88
43 76
30 47
84 1
28 50
29 57
81 10
37 10
84 59
11 97
92 59

100 100
62 55
67 97
98 12
96 12
50 86
88 18
99 66
78 77
96 59
5 40
31 9
16 82
77 30
7 54
35 49
96 71
67 30
44 36
54 20
95 92
39 70
41 78
40 20
65 18
81 56
32 86
54 100
44 26
40 48
80 68
23 74
9 16
8 81
49 18
25 19
27 53
53 7
32 81
91 66
62 33
66 90
90 16
42 43
39 33
57 88
86 15
89 52
75 52
95 11
40 93
35 61
49 43
38 28
97 23
83 67
26 73
45 100
90 13
65 30
8 82
39 91
67 20
76 67
58 94
63 38
44 98
96 55
88 34
51 25
3 85
39 1
64 40
90 86
76 46
58 85
43 50
19 82
64 21
8 57
1 51
53 43
15 63
26 79
83 15
75 97
10 42
92 85
12 1
8 36
84 90
87 31
85 22
54 17
67 82
15 78
3 96
61 55
45 22
66 33
58 5

100 100
13 84
84 15
40 72
88 68
27 99
67 84
43 34
37 67
14 43
96 55
85 27
64 22
21 47
77 36
17 28
4 9
34 17
7 65
37 75
87 44
60 99
81 50
59 27
28 3
4 48
93 1
35 99
28 88
8 77
33 59
60 38
64 47
56 70
36 55
23 92
13 45
22 22
7 42
51 77
43 68
34 100
47 25
61 28
19 25
72 4
32 11
99 81
30 28
6 22
96 95
50 8
100 33
68 80
28 38
95 5
79 27
34 53
59 72
47 69
81 7
3 35
79 56
48 34
19 61
89 61
45 22
64 15
77 14
13 62
26 96
41 48
40 78
87 86
96 9
55 9
12 63
5 76
52 87
19 67
2 62
54 41
80 77
57 75
39 82
9 54
92 91
50 87
75 86
74 91
6 80
61 90
36 13
26 15
9 2
69 3
81 7
16 50
18 44
21 5
62 95

100 100
70 48
85 98
85 34
70 80
20 22
72 40
8 99
17 12
89 35
43 66
38 70
90 99
28 59
52 68
19 47
32 47
57 29
35 90
57 46
95 97
46 55
51 87
49 98
70 18
60 11
16 93
7 12
34 19
25 5
64 80
24 35
63 99
50 58
2 3
64 61
69 66
74 46
80 77
27 36
76 19
47 90
45 86
80 14
8 76
12 81
24 21
72 49
95 52
89 87
43 7
27 90
89 35
22 40
18 46
4 57
73 15
66 6
10 93
92 78
27 4
68 59
98 93
41 11
14 87
65 65
28 90
12 19
29 68
66 61
8 17
34 32
69 70
95 69
14 51
60 96
86 39
22 83
53 55
18 3
66 99
27 54
3 44
75 45
81 41
37 21
63 70
39 79
87 6
7 77
56 78
45 12
63 19
38 90
95 99
86 17
58 2
58 77
79 77
19 42
55 66

100 100
75 84
62 81
53 15
59 13
26 51
93 77
53 35
61 64
25 86
97 50
96 5
84 2
40 8
4 74
17 41
58 12
84 92
85 91
44 37
80 76
59 95
24 90
43 76
92 70
79 31
39 94
39 83
74 70
36 42
64 69
53 22
21 64
44 21
48 63
58 13
70 91
28 97
20 23
14 43
69 62
90 81
9 14
63 46
8 57
79 82
74 78
84 35
14 15
7 72
58 61
77 30
27 69
27 50
28 76
71 72
23 15
8 54
53 71
51 67
4 86
30 31
50 36
75 37
100 16
74 43
31 2
40 11
95 8
47 20
8 86
6 87
38 45
57 59
32 76
91 89
82 1
9 59
66 36
51 79
29 68
90 98
98 16
30 35
100 12
75 52
13 16
36 95
72 35
68 36
28 58
68 69
28 20
36 2
55 23
17 26
50 22
54 17
16 97
7 54
96 54

100 100
6 29
32 72
88 35
17 32
57 10
56 82
3 100
72 8
12 85
11 28
79 55
93 84
60 46
11 71
80 73
91 33
83 19
78 98
76 66
19 87
33 46
79 75
79 34
25 97
5 5
20 54
41 70
93 33
55 61
6 55
50 9
66 51
62 16
93 49
18 65
97 11
32 63
76 76
11 92
66 6
6 47
31 1
60 29
15 30
41 82
81 72
25 23
48 53
24 71
67 36
81 69
69 57
70 73
66 67
87 62
14 26
23 86
45 23
53 52
74 73
75 22
82 97
97 37
99 55
94 70
16 25
54 16
10 40
19 67
46 1
71 73
19 70
92 85
81 5
13 31
61 21
63 29
16 47
43 8
21 5
56 94
7 76
57 66
60 84
42 54
11 75
34 74
97 96
28 80
41 62
55 16
93 92
22 47
61 67
55 95
38 16
43 7
24 56
42 14
2 88

100 100
17 36
38 31
1 11
4 47
55 32
84 8
45 7
92 65
14 85
64 35
63 36
43 62
46 5
85 4
82 41
6 30
41 63
40 47
24 90
2 38
1 20
59 27
22 94
16 38
60 2
59 29
80 18
44 90
92 77
66 21
27 83
16 36
68 69
76 7
63 4
64 48
29 97
22 71
36 99
4 41
75 23
38 50
39 19
2 93
49 90
80 77
76 25
50 24
84 37
37 47
8 45
61 21
56 67
6 52
82 73
81 43
40 31
35 95
72 34
19 25
56 25
43 84
83 84
54 3
40 59
69 13
13 67
65 14
43 64
20 57
46 80
35 72
64 1
15 82
16 27
9 31
5 52
6 23
90 94
82 14
75 63
75 38
27 31
61 28
93 37
35 85
19 82
46 26
24 85
64 80
22 60
34 83
32 61
43 79
9 57
51 49
4 14
71 30
54 5
17 67

100 100
27 52
18 67
26 87
26 55
4 53
70 70
72 80
5 91
35 83
57 67
29 31
79 26
29 15
39 74
47 77
51 85
99 36
14 55
10 97
53 45
29 5
95 57
92 11
99 67
86 94
18 84
27 27
33 80
80 16
95 73
62 42
54 49
98 67
34 76
20 46
83 80
87 75
95 73
2 99
41 68
96 9
78 45
47 87
78 31
85 98
95 73
91 11
99 86
18 21
31 30
34 36
7 78
14 15
47 63
95 85
48 70
34 39
54 77
78 71
68 41
56 86
16 76
78 18
86 13
40 60
18 36
23 51
35 73
14 21
87 85
34 2
2 83
80 13
48 92
49 91
51 52
1 30
71 37
21 23
6 71
36 66
43 77
12 23
41 24
57 78
82 42
84 87
4 52
59 69
85 92
26 11
30 80
40 69
68 14
14 74
65 78
28 40
34 11
50 74
92 25

100 100
8 77
32 46
50 66
35 78
3 41
78 31
6 42
84 64
41 17
47 59
27 52
9 33
83 91
80 70
37 21
75 96
87 1
77 62
30 96
6 32
57 95
44 26
24 86
66 39
75 93
60 14
20 84
99 96
42 84
54 26
35 2
46 44
45 58
17 10
95 1
92 8
23 77
1 25
16 71
84 81
89 91
98 32
74 25
30 1
77 87
83 8
51 73
74 15
82 15
46 99
75 51
44 81
51 81
44 62
32 98
29 60
49 97
49 38
50 2
25 12
74 55
48 61
83 90
82 31
1 25
92 74
31 74
83 43
4 72
55 93
67 74
6 58
17 55
29 10
91 87
67 57
51 72
81 96
34 94
71 52
6 25
38 75
37 100
88 84
78 74
32 51
44 14
79 56
30 60
98 24
40 27
40 98
24 95
73 72
34 97
46 62
27 29
35 18
41 61
40 51

100 100
27 31
91 85
26 97
35 25
39 15
33 99
24 27
88 11
50 11
26 31
58 67
80 76
60 58
80 40
54 19
86 52
89 66
64 62
10 83
76 31
32 28
59 4
28 72
18 60
36 10
38 75
30 6
47 25
58 77
42 89
27 7
78 55
60 82
73 27
30 1
90 36
13 9
42 41
3 31
73 12
57 4
17 94
70 98
28 17
75 72
45 81
66 89
58 65
21 5
3 80
94 41
43 17
79 80
56 22
39 19
66 34
22 19
3 73
75 29
19 35
100 35
43 55
33 26
31 41
33 31
88 49
36 44
9 45
37 17
37 43
79 91
59 67
83 23
7 28
66 59
56 68
71 13
58 66
49 73
57 3
29 68
30 88
67 95
91 61
38 93
100 21
48 56
7 62
80 49
72 30
24 27
99 27
82 97
52 48
76 67
51 57
21 25
71 31
73 37
22 6

100 100
34 74
65 22
54 24
97 46
41 49
4 72
42 66
66 43
90 75
32 33
4 6
23 72
53 35
20 10
13 51
80 47
70 24
81 41
83 5
1 79
25 85
79 6
17 72
60 67
62 98
77 13
72 13
25 51
19 69
55 73
9 95
26 64
43 94
4 42
78 70
62 29
81 71
45 45
6 2
71 13
98 68
17 78
85 17
100 54
33 16
62 97
51 48
62 94
28 71
90 54
98 48
20 80
13 27
68 19
24 78
30 100
15 77
45 87
1 38
96 43
92 53
13 40
99 19
62 95
52 57
98 3
30 93
88 31
67 45
67 15
82 100
86 35
13 78
47 50
3 7
51 67
29 48
45 1
30 81
18 53
66 66
88 59
50 36
42 13
77 90
67 61
16 79
54 30
52 96
83 75
86 57
30 44
11 58
64 22
9 30
65 29
98 3
79 88
92 49
60 42

100 100
32 20
78 30
99 93
1 43
43 80
35 98
58 65
31 16
45 4
8 61
65 53
16 97
36 39
14 5
61 14
69 23
94 28
10 21
32 58
92 19
89 8
8 17
43 93
1 21
79 10
37 15
41 37
93 16
25 84
15 60
69 23
62 93
94 51
1 12
75 79
47 67
32 91
100 32
10 61
72 93
85 43
57 36
62 91
57 98
34 87
85 3
19 1
48 62
2 30
86 56
26 30
72 27
26 42
41 100
67 14
60 32
19 32
100 32
67 31
22 57
56 88
15 15
34 29
22 2
59 33
36 64
23 5
74 13
78 40
20 34
47 10
39 11
94 18
62 30
23 12
45 5
57 79
11 77
3 59
28 76
73 34
57 4
20 69
37 77
4 10
81 1
61 11
40 90
6 65
53 54
61 14
30 72
33 86
16 66
51 51
19 9
13 29
60 77
3 99
40 71

100 100
16 96
71 86
84 70
49 35
88 35
71 28
82 96
28 61
18 81
65 20
70 7
62 18
50 38
98 65
57 92
91 44
61 28
65 5
95 37
22 66
91 11
16 72
97 97
22 1
29 47
85 24
5 77
94 38
13 21
76 73
80 80
76 10
3 83
47 42
37 4
18 76
80 84
24 73
94 80
71 19
14 56
75 4
25 94
76 40
9 100
98 59
52 5
99 58
73 31
43 82
60 97
93 80
48 85
83 36
100 78
8 86
80 48
42 13
93 4
99 74
24 25
20 85
77 47
76 55
9 84
21 97
2 51
3 48
26 95
22 43
73 65
30 52
23 94
7 96
33 74
57 90
29 4
51 37
4 3
7 22
71 11
66 84
48 40
75 39
3 97
78 85
58 53
79 50
56 83
80 90
32 23
82 7
54 35
24 32
60 28
67 59
75 20
94 22
44 67
12 56

100 100
62 38
87 66
27 98
100 86
29 33
36 99
84 63
80 65
80 5
65 3
5 83
2 100
28 86
26 43
51 43
82 7
55 20
52 22
26 69
31 33
6 10
16 58
80 22
21 78
63 7
94 88
41 11
46 42
61 65
100 9
27 24
39 79
71 82
26 42
1 61
77 44
52 39
19 59
79 39
69 21
14 54
17 28
68 53
95 97
55 4
17 42
28 44
34 99
57 53
81 56
99 13
93 59
14 24
8 69
19 67
73 97
81 48
24 78
41 95
38 64
97 90
64 17
25 57
28 56
3 95
60 1
17 41
37 72
56 79
91 25
94 74
98 21
94 2
83 77
48 22
95 60
78 89
50 35
96 38
30 78
22 43
9 66
17 5
55 31
38 5
65 9
91 27
17 37
53 5
45 5
2 45
83 70
10 49
40 14
54 44
77 31
54 92
32 62
99 59
15 80

100 100
53 27
34 72
68 68
5 46
77 30
34 29
5 68
39 10
5 81
29 89
69 21
53 56
60 23
25 5
40 48
32 2
41 93
88 73
18 37
40 71
38 42
1 6
26 21
6 97
96 89
43 54
93 69
10 45
73 39
24 97
31 81
20 76
15 88
67 16
42 17
39 53
8 30
58 18
63 68
89 11
98 35
55 22
24 100
32 32
66 1
91 6
73 41
73 63
99 18
48 12
35 84
53 34
25 36
86 56
55 15
55 13
27 31
91 91
9 19
94 65
29 35
94 19
33 10
65 32
48 5
17 51
81 80
39 54
21 82
29 2
45 56
1 44
82 19
21 55
17 10
42 47
58 72
95 92
38 36
97 21
37 3
26 52
82 3
89 99
15 41
60 10
67 92
55 95
42 29
5 66
74 38
81 60
39 31
74 74
44 80
19 6
15 26
43 83
72 94
64 35

100 100
74 61
28 94
55 75
6 39
71 91
72 37
64 88
79 54
44 78
17 17
72 60
54 62
96 92
91 53
58 28
38 23
9 23
38 29
1 65
57 12
17 67
77 82
37 89
37 2
66 55
11 18
85 75
24 38
5 99
62 85
4 61
14 92
84 82
95 56
92 59
29 83
100 81
80 6
31 84
30 75
69 45
51 76
6 15
28 79
3 42
55 80
91 51
86 70
1 52
67 65
79 76
22 37
55 1
11 88
34 87
74 54
89 66
63 87
63 74
2 42
78 9
54 97
22 70
42 26
27 95
36 54
75 2
100 88
72 31
91 77
93 22
71 71
93 73
27 28
86 53
35 68
14 68
26 33
4 24
9 36
19 58
73 13
30 95
45 11
88 6
72 3
60 99
56 42
67 5
36 5
70 8
34 65
28 60
35 88
99 55
91 57
13 75
44 16
37 74
6 94

100 100
53 100
83 77
10 69
54 57
100 78
37 71
73 97
9 4
79 75
39 35
71 39
8 37
79 46
76 76
37 68
75 6
75 18
59 57
81 47
70 64
97 67
59 49
76 44
28 39
97 30
39 76
89 54
23 96
59 58
45 36
55 2
14 74
52 34
67 75
37 71
51 100
37 19
73 100
19 79
50 33
46 50
98 91
12 1
52 89
83 36
49 65
94 87
97 97
36 70
36 20
80 98
29 74
55 20
87 1
97 51
27 46
35 17
93 80
54 4
26 83
13 81
80 90
19 79
7 93
82 21
33 39
46 12
85 50
68 84
21 16
17 14
95 78
84 95
76 56
15 16
37 39
61 64
12 38
9 56
53 65
28 38
90 52
9 21
7 64
77 50
66 28
33 9
24 4
78 82
28 36
49 21
81 29
6 78
98 53
41 4
12 58
38 75
59 9
44 84
46 39

100 100
70 52
93 31
40 50
50 30
73 50
8 11
86 51
51 39
23 54
95 26
4 2
98 52
27 29
19 69
54 40
60 93
51 8
89 50
84 80
63 35
17 90
13 51
32 2
74 73
37 52
68 98
28 73
55 9
88 72
60 27
83 42
67 22
54 24
19 33
34 61
73 62
66 28
62 91
97 55
91 17
88 96
28 89
83 99
84 26
78 58
39 96
56 51
65 22
3 70
11 46
23 74
61 93
41 77
99 38
19 59
64 24
57 26
99 75
1 24
27 15
34 7
14 4
47 21
25 49
23 89
9 4
47 27
18 86
86 46
86 33
91 93
67 66
77 96
57 83
89 95
61 76
47 81
15 28
73 60
90 99
89 45
45 86
65 75
66 24
100 69
33 95
9 50
1 100
12 26
66 84
8 63
26 42
99 3
20 31
58 30
60 100
54 14
7 98
99 77
40 32

100 100
26 38
75 20
46 72
49 26
24 28
46 39
31 48
26 36
69 37
97 1
62 77
30 93
39 74
5 61
79 82
80 9
92 27
77 19
95 79
9 52
60 72
63 50
60 39
13 4
93 24
72 59
38 95
94 36
87 74
62 34
28 1
28 20
36 99
72 83
69 35
50 5
90 43
41 55
7 95
32 24
32 47
12 94
4 65
50 71
9 98
25 85
48 64
45 56
2 73
24 99
69 32
21 76
22 35
11 89
94 11
91 56
82 26
12 95
47 68
73 67
47 84
46 48
5 26
97 21
7 14
17 89
61 44
2 83
96 67
11 9
16 14
54 14
24 90
43 52
36 24
14 36
30 91
18 100
79 26
36 27
66 44
33 68
75 25
71 76
7 59
92 49
48 60
27 1
46 82
55 1
38 35
39 32
28 29
100 2
62 4
86 38
31 59
38 8
2 30
42 62

100 100
24 51
8 59
30 58
79 99
34 57
21 5
85 80
93 43
53 61
49 43
98 27
87 63
50 100
43 49
96 59
12 21
67 65
48 26
55 64
60 32
69 13
15 11
56 74
39 57
81 21
14 93
1 46
42 97
34 92
71 75
79 21
47 76
28 68
65 38
85 62
3 39
82 54
6 71
35 24
3 66
69 93
46 93
22 82
48 21
44 28
55 14
64 29
32 33
97 6
39 46
57 76
95 84
89 28
1 54
22 33
9 44
51 7
67 14
89 96
87 12
58 33
47 63
72 5
69 12
77 87
19 14
92 49
32 35
52 54
99 35
61 33
99 100
10 84
38 30
7 51
15 87
29 12
63 33
22 45
53 40
27 28
45 10
17 6
81 7
89 88
48 43
9 93
34 100
1 10
59 13
2 95
27 30
2 98
55 51
32 98
60 42
8 94
39 35
5 45
12 40

100 100
37 57
63 71
31 19
43 14
57 97
15 87
100 74
61 53
57 6
81 19
10 5
29 16
75 18
38 53
41 71
41 21
23 83
1 13
39 41
31 1
99 23
17 12
51 45
59 69
96 38
97 42
8 64
76 93
45 88
79 40
9 100
16 38
47 68
76 77
21 11
64 53
70 60
58 35
67 70
66 85
15 91
5 59
77 88
83 84
69 67
8 92
13 80
3 12
26 65
52 78
36 100
98 89
6 46
7 53
98 20
32 69
23 83
9 96
79 19
55 31
44 55
72 76
89 31
56 15
57 49
62 18
41 17
10 64
96 10
49 99
9 59
96 38
6 36
12 80
9 53
54 27
5 9
81 92
73 91
29 47
48 68
54 32
69 19
9 67
40 36
30 27
54 56
90 18
42 55
73 15
100 36
69 23
68 72
85 90
51 64
69 98
82 74
27 50
31 97
37 74

100 100
89 18
92 73
92 77
41 43
90 86
47 87
54 88
43 99
66 68
66 98
49 41
14 61
23 82
80 5
51 35
95 59
85 8
30 24
20 39
40 95
54 20
63 59
60 85
63 9
96 91
91 21
14 83
94 24
68 9
17 17
63 76
40 12
40 81
10 52
65 7
98 64
97 21
30 52
23 16
5 77
28 19
71 27
65 5
16 4
70 75
80 99
64 6
83 14
5 87
73 58
21 41
80 24
37 19
76 4
3 64
15 59
71 32
52 77
46 69
23 95
16 99
59 4
64 24
100 4
13 23
2 46
68 17
47 44
77 80
66 63
1 1
73 34
37 92
37 90
98 96
15 28
71 96
11 76
93 28
3 22
38 25
97 71
61 76
7 51
65 59
81 70
64 13
37 19
35 31
93 56
90 10
67 86
9 100
56 38
75 5
38 100
4 99
31 13
46 38
27 56

100 100
2 57
3 100
91 82
79 48
84 97
84 65
54 34
23 26
39 61
1 3
64 9
17 10
86 23
43 53
53 66
39 67
30 38
92 64
95 22
34 66
18 32
24 23
5 100
85 63
61 82
78 28
75 7
84 56
67 82
24 99
87 60
38 3
27 90
95 31
24 83
9 31
96 82
31 90
67 22
35 44
42 3
6 89
50 66
89 20
12 90
16 75
47 8
83 99
89 4
28 12
1 34
42 45
20 56
41 1
21 48
99 77
11 61
35 85
59 87
10 82
62 67
16 24
10 99
49 69
68 47
16 12
82 5
40 15
44 66
46 27
31 47
6 79
13 30
23 97
30 13
2 31
80 32
42 80
97 72
21 65
75 63
19 54
7 54
65 81
76 20
42 25
77 64
51 34
68 64
18 74
34 91
30 28
84 24
2 59
15 6
22 31
85 92
82 11
50 48
87 29

100 100
78 63
28 38
75 100
71 84
81 95
11 82
18 87
12 63
61 67
68 7
10 90
49 18
7 51
32 26
38 49
66 1
18 16
100 58
29 94
14 69
81 30
71 75
13 62
14 59
63 92
96 98
55 32
55 95
89 4
53 40
53 68
95 48
11 20
23 91
68 20
90 9
51 70
80 50
92 71
18 18
71 51
66 26
6 57
56 66
51 34
25 22
21 83
44 24
74 69
96 76
94 67
39 65
95 49
79 3
37 84
43 13
10 94
31 76
5 89
74 81
30 54
58 55
62 31
28 42
30 28
57 20
26 5
76 95
71 12
71 80
94 10
4 25
89 61
46 36
59 77
43 100
44 30
86 5
4 93
42 95
82 71
85 22
37 88
28 43
36 72
14 49
84 56
15 45
48 80
74 63
2 91
29 95
92 43
6 21
36 8
74 71
76 40
18 17
45 27
39 70

100 100
20 70
12 13
61 88
17 18
33 1
20 13
58 50
84 93
66 92
11 10
81 63
23 27
29 50
65 89
25 37
24 60
17 60
14 62
33 23
12 46
58 14
27 43
11 31
99 48
72 29
56 93
56 11
36 73
16 87
92 54
70 63
48 22
60 94
61 91
81 31
8 47
16 54
48 57
44 44
30 25
54 1
33 12
9 37
94 55
65 70
65 49
2 57
1 84
77 50
60 75
56 7
49 66
19 9
89 21
87 56
88 70
71 15
90 16
23 23
38 8
21 24
7 33
63 94
94 93
19 97
80 48
19 99
55 21
25 49
85 23
24 78
42 70
80 4
37 6
27 28
42 56
6 20
29 41
79 89
69 48
77 79
94 24
52 79
81 9
26 7
83 54
54 38
19 79
63 76
13 8
91 43
3 94
73 56
68 3
17 99
67 99
52 13
18 73
84 90
38 50

100 100
83 84
98 38
34 59
82 98
12 76
25 86
38 45
98 9
32 71
1 58
64 42
24 72
26 79
33 17
2 89
39 88
37 91
12 57
12 95
73 80
87 58
44 43
28 90
24 99
55 69
57 92
70 6
32 62
75 32
13 32
98 66
4 10
92 34
46 25
59 13
31 83
14 43
81 73
58 3
32 53
82 57
2 56
81 48
27 44
25 56
83 56
24 32
3 26
27 94
94 59
72 4
88 98
25 33
57 86
74 48
36 54
29 41
41 95
54 59
90 14
85 39
88 64
83 70
75 35
97 99
63 43
57 65
34 74
4 76
48 19
51 78
45 24
68 93
74 1
23 30
79 56
50 77
61 40
29 40
6 33
45 37
61 62
96 85
37 53
46 2
5 87
65 99
84 97
10 16
68 60
50 87
58 4
23 59
55 26
82 29
18 67
28 23
26 38
9 87
81 84

100 100
56 37
41 26
29 54
6 52
92 93
45 80
2 83
30 46
62 52
42 65
79 39
56 6
52 69
95 67
18 12
27 8
9 67
88 99
92 25
8 47
55 28
24 61
62 30
64 10
97 96
57 57
8 82
74 44
66 26
29 55
83 88
44 95
69 14
35 53
63 6
13 23
7 65
96 31
63 65
24 77
12 58
5 16
26 95
36 20
54 72
32 45
74 59
63 9
22 24
86 95
36 40
56 9
20 36
95 6
69 36
37 77
24 3
27 29
4 25
75 78
96 13
2 5
90 48
6 87
21 76
90 41
85 40
53 92
45 58
11 46
65 77
23 31
17 5
36 72
96 57
91 90
90 23
27 46
86 81
42 42
1 4
34 15
18 71
31 4
29 85
42 71
37 74
60 75
21 25
94 31
23 90
4 27
83 91
12 9
7 21
96 92
38 80
71 12
60 21
50 87

100 100
74 85
81 20
95 43
84 60
51 20
70 55
60 3
77 29
34 15
17 39
66 51
18 67
66 68
28 19
42 31
97 16
32 26
28 95
100 14
15 45
98 30
42 22
23 10
71 97
38 100
64 87
63 13
61 42
94 43
92 88
34 30
26 98
75 65
16 40
55 79
46 64
37 70
58 13
23 31
60 100
52 23
94 38
43 52
20 50
56 28
22 42
46 82
33 78
39 62
84 80
16 9
84 91
20 53
6 6
74 95
80 98
83 49
32 19
89 80
87 96
85 98
49 67
41 23
98 91
17 6
49 6
35 66
44 9
47 22
18 94
50 8
66 15
56 91
66 86
60 39
77 39
19 44
26 61
100 99
41 19
78 62
61 33
80 35
12 77
100 55
60 5
75 97
92 38
42 100
72 17
22 63
69 60
9 61
28 7
39 60
72 14
41 75
90 74
4 22
61 74

100 100
15 23
41 77
65 30
4 36
74 8
53 54
26 89
90 57
33 48
95 74
97 90
63 18
13 58
39 99
23 13
92 71
89 57
82 21
34 63
36 34
58 66
28 13
46 5
82 11
79 16
84 35
58 86
33 87
26 12
5 13
52 15
54 33
87 24
54 75
40 43
44 14
37 13
42 20
100 17
43 94
54 44
23 95
83 26
22 85
28 77
43 2
6 29
48 31
62 21
33 31
7 79
7 35
37 37
36 41
77 53
73 2
78 96
84 8
99 43
67 12
57 87
8 95
96 58
33 4
53 33
26 95
49 70
96 81
59 42
35 46
51 79
39 37
24 54
25 21
35 67
96 44
100 47
26 98
56 49
28 85
55 80
45 18
57 6
14 59
100 87
32 3
65 90
12 80
13 15
14 33
99 33
46 10
81 24
35 29
49 93
9 32
4 89
72 64
28 73
5 28

100 100
11 52
11 85
38 4
44 76
40 58
6 87
12 6
91 13
79 84
48 49
21 61
59 33
75 81
86 94
59 37
29 81
58 8
30 78
83 42
43 1
54 57
46 94
93 6
6 48
19 95
1 66
32 74
5 63
43 97
21 70
44 27
43 25
93 30
11 68
41 84
74 79
4 48
25 35
58 30
55 15
24 55
76 53
13 96
51 79
67 36
23 64
3 44
32 89
31 49
86 93
45 15
10 10
28 84
44 18
86 42
54 61
44 79
36 25
30 50
92 60
46 93
25 96
23 85
45 19
39 12
98 92
46 43
63 91
44 75
35 55
67 88
76 73
65 15
8 70
79 19
41 48
9 36
73 57
68 26
57 95
89 100
48 25
23 18
56 60
43 88
20 43
4 83
45 30
92 61
43 13
12 89
39 67
74 25
42 42
61 93
23 51
7 40
77 62
53 57
21 2

100 100
85 45
31 70
61 28
35 58
25 9
33 53
78 34
95 33
84 49
47 74
53 45
61 17
73 11
35 80
97 62
51 31
36 27
45 28
14 92
55 27
54 1
82 13
45 89
24 55
7 22
97 76
11 54
23 43
5 98
52 73
17 4
74 42
58 56
35 47
58 60
17 36
80 12
90 45
49 47
79 41
70 88
5 83
80 41
10 99
65 67
77 72
84 8
69 21
56 22
11 21
81 59
54 33
22 21
13 21
54 48
18 14
29 11
62 66
9 100
21 100
19 68
74 32
48 35
92 6
1 55
100 27
27 90
58 31
64 27
53 89
50 24
9 76
57 25
80 63
99 60
54 6
55 10
48 76
7 20
43 97
84 49
86 50
28 49
41 63
23 40
65 48
37 78
76 58
29 54
81 59
49 60
28 27
55 93
27 14
94 32
38 11
26 16
61 98
33 92
57 100

100 100
83 97
63 48
59 1
22 12
52 46
60 81
88 37
78 48
60 14
71 18
55 52
3 69
48 39
92 66
47 52
17 89
49 34
81 43
88 64
5 31
18 65
16 58
31 73
48 97
66 82
47 73
74 69
86 74
86 93
95 66
25 18
41 47
82 27
15 51
22 84
74 7
76 16
74 8
63 51
95 63
59 7
72 42
20 17
2 98
60 24
6 60
35 55
64 43
67 21
99 92
61 99
45 94
73 53
23 56
27 20
47 82
95 91
100 98
10 11
55 12
97 98
50 61
10 93
67 24
64 26
15 26
94 57
15 24
83 40
100 84
47 95
54 31
72 51
35 95
32 67
35 46
87 1
29 55
20 1
1 70
43 80
47 95
80 6
95 94
23 52
33 33
87 5
70 44
21 16
66 73
42 16
7 60
100 1
95 11
55 95
57 29
47 100
93 75
7 98
32 25

100 100
47 11
33 48
96 43
28 49
92 40
14 87
5 36
33 19
41 79
27 64
62 20
52 19
75 82
47 80
59 18
93 8
96 91
26 46
48 79
11 42
70 96
17 44
92 60
3 27
35 26
64 7
64 27
45 24
62 32
8 9
86 64
41 6
40 32
2 84
4 100
81 43
100 84
90 93
15 19
87 50
67 31
91 10
23 25
32 23
56 22
28 32
64 52
6 98
68 69
40 56
22 51
18 76
8 83
63 15
13 89
44 55
66 26
3 45
96 4
58 46
65 5
13 87
32 86
17 44
26 24
65 8
72 96
27 91
66 100
62 75
42 19
100 89
28 34
65 51
63 42
8 8
28 54
100 26
63 44
45 47
72 58
49 61
89 96
81 55
77 82
69 99
45 44
59 33
94 16
85 28
43 67
78 20
59 71
22 21
49 6
78 23
50 29
73 39
53 44
68 9

100 100
6 85
30 67
88 89
91 5
91 30
95 63
38 13
8 59
16 62
16 41
24 23
53 63
80 24
36 100
25 58
76 74
62 39
1 41
33 16
58 33
32 45
46 31
18 74
74 85
18 28
8 92
59 16
29 20
90 65
21 45
49 63
48 5
87 59
83 49
7 54
71 64
71 76
88 14
53 90
25 52
87 59
41 24
52 36
73 44
90 43
20 9
45 14
37 66
39 35
89 36
57 42
2 86
64 63
40 70
33 8
4 76
27 96
91 86
44 41
27 64
7 92
50 61
85 38
76 46
62 43
27 98
63 64
99 1
17 59
84 76
33 88
82 53
65 100
92 1
19 67
44 62
42 73
85 22
41 8
53 42
22 39
62 70
41 24
32 67
26 30
88 14
56 79
30 15
19 44
86 30
70 70
30 25
93 18
81 68
92 25
74 56
65 62
95 31
88 71
90 38

100 100
43 92
33 98
90 48
5 6
22 22
8 96
43 50
65 40
68 87
42 68
26 3
75 10
81 4
15 56
29 56
36 97
69 70
50 39
17 74
99 1
50 73
52 100
46 41
30 45
63 89
43 22
56 81
32 73
54 69
65 93
31 25
74 43
34 73
54 77
59 23
2 51
60 14
20 97
37 54
85 29
51 10
92 91
49 84
9 75
46 84
74 34
82 81
40 94
64 14
20 63
16 54
66 49
28 79
68 60
55 53
33 29
96 8
34 32
66 87
16 84
40 25
96 92
53 73
32 82
9 66
47 69
83 62
15 26
14 86
41 95
40 68
99 27
62 81
9 62
41 35
64 39
23 90
30 34
38 24
57 80
90 86
57 12
35 15
86 9
62 28
64 35
47 94
2 65
16 42
77 88
71 61
96 82
26 95
29 32
61 25
76 58
89 87
10 82
39 21
82 93

100 100
45 48
70 50
29 76
78 23
33 23
78 97
47 94
49 16
77 86
82 3
8 85
80 4
13 92
72 34
34 5
59 33
12 64
32 59
27 14
99 5
40 2
96 92
86 100
77 23
26 47
71 31
31 5
96 41
53 53
38 18
75 64
94 33
30 57
62 75
44 28
42 75
78 23
6 2
23 32
42 24
1 56
34 21
60 89
80 88
33 77
46 48
94 53
89 47
91 94
74 72
75 94
25 8
31 24
16 28
31 44
1 75
54 68
97 78
53 59
76 38
8 73
50 92
57 37
81 66
19 100
62 48
61 56
74 61
87 19
11 86
4 7
2 44
98 17
53 24
2 31
69 98
68 64
3 42
75 63
21 96
7 54
95 64
37 56
50 55
21 69
50 91
39 44
30 71
30 10
52 77
82 39
89 53
12 67
41 35
45 49
77 5
71 26
59 40
3 85
78 7

100 100
77 62
78 4
17 30
72 73
40 85
80 19
73 87
15 17
92 64
32 73
13 1
19 55
90 34
78 15
100 55
82 61
27 39
33 63
7 65
89 92
70 65
65 85
4 44
36 57
80 88
25 71
90 91
23 4
27 53
20 85
80 68
53 66
69 59
8 43
60 32
48 11
57 100
75 99
61 99
2 81
69 66
57 43
55 55
75 53
6 78
9 23
36 81
16 70
49 57
77 8
83 36
61 47
31 74
32 69
41 68
9 32
27 48
51 87
33 82
32 93
30 39
35 51
8 90
39 3
45 52
54 95
67 70
66 63
66 97
100 98
27 78
15 11
91 90
41 25
83 19
49 35
21 99
64 12
6 38
19 77
31 56
15 81
71 61
34 65
31 11
81 6
18 73
39 48
56 58
62 79
63 93
36 15
64 9
49 13
90 62
42 9
45 82
80 35
93 75
80 80

100 100
44 3
100 21
2 92
26 56
91 37
1 2
8 30
27 96
8 74
53 47
2 79
39 8
56 94
71 26
47 100
57 21
80 85
92 21
44 43
48 34
7 63
28 92
17 69
100 64
54 14
93 57
43 100
83 78
69 98
96 17
6 23
69 2
20 84
59 21
49 84
42 71
61 97
96 4
32 13
10 38
60 41
45 20
82 18
26 8
48 25
13 56
77 64
42 15
31 93
25 23
44 77
99 69
58 3
61 89
83 27
76 85
42 97
96 88
59 97
73 88
75 97
55 72
44 75
93 16
47 82
76 89
7 70
95 83
64 62
97 28
94 95
81 72
20 7
50 8
75 8
94 52
63 42
97 10
97 44
35 19
11 48
89 6
10 82
77 97
74 37
94 32
81 44
58 100
58 100
63 16
51 66
85 63
2 33
2 37
20 10
64 42
21 66
88 35
7 95
62 18

100 100
84 78
50 20
42 95
58 15
76 93
34 4
31 50
30 47
22 76
53 90
64 91
93 91
29 37
87 40
86 5
3 46
66 43
22 31
50 45
51 83
96 46
79 89
33 87
96 63
32 8
61 70
71 49
23 48
85 25
54 26
93 20
75 56
63 19
62 39
8 65
19 70
21 44
92 95
60 49
42 10
93 63
69 10
28 66
27 1
96 97
40 90
6 64
57 33
45 47
75 42
70 27
47 36
97 31
62 60
38 86
80 54
41 2
62 70
94 7
89 98
93 74
44 99
48 54
16 89
18 41
38 32
20 96
96 88
4 75
43 62
7 88
39 29
6 72
18 92
62 84
8 94
46 30
19 82
4 47
74 80
81 65
22 67
3 28
5 34
37 31
5 4
49 21
67 7
73 4
17 98
39 67
94 40
33 34
39 89
62 15
15 38
45 34
52 18
42 80
6 81

100 100
22 55
56 36
98 19
61 65
2 9
10 15
19 45
68 45
83 76
100 63
27 84
66 53
67 47
69 38
39 38
70 52
33 32
21 93
99 92
11 57
58 37
87 75
54 16
61 53
27 19
5 1
100 26
75 48
78 6
39 88
50 64
76 8
11 38
88 64
98 92
43 3
64 42
1 12
65 69
44 86
11 18
91 48
56 61
3 96
86 60
39 44
17 79
24 59
18 29
20 95
23 7
92 39
29 59
30 15
90 82
82 59
66 72
41 47
89 21
6 1
29 60
67 42
89 1
46 48
75 24
97 89
29 51
24 35
45 75
21 90
58 53
17 22
74 73
67 61
51 47
79 29
94 60
80 2
81 79
72 23
79 4
43 19
32 23
76 35
44 86
69 77
79 56
78 88
7 10
99 37
68 68
14 82
47 78
28 15
61 93
74 86
92 13
96 94
32 37
7 32

0