100
100 50
79 86
25 38
94 72
92 14
82 52
82 76
63 12
100 88
56 67
27 48
97 36
90 44
73 68
95 75
57 78
71 74
48 42
65 3
8 60
25 8
91 80
30 56
94 44
68 73
55 28
28 1
80 5
43 14
79 98
98 6
63 49
15 13
65 16
44 58
51 62
14 80
96 81
76 90
8 67
51 7
55 90
20 53
7 3
55 41
3 79
62 45
92 9
50 4
61 38
39 8

100 50
20 70
71 15
83 2
87 40
27 3
19 51
20 9
87 72
88 69
6 33
90 52
11 16
22 86
11 80
45 20
60 20
45 32
82 58
23 55
89 23
79 3
54 44
45 42
7 19
49 33
65 70
14 10
26 70
71 83
73 6
47 76
92 61
35 88
83 86
65 36
91 7
86 79
89 2
10 66
62 59
10 58
16 97
10 69
92 87
79 67
69 76
13 86
32 81
6 14
88 54

100 50
92 39
89 31
52 56
68 64
85 51
66 82
70 6
85 87
93 83
71 60
4 96
2 62
86 91
100 20
77 8
81 43
18 91
37 20
42 28
99 12
6 50
36 49
88 8
3 84
91 72
71 75
7 31
81 87
17 67
81 63
22 30
9 68
69 24
16 4
71 52
55 88
96 10
45 59
57 50
72 83
11 45
99 65
60 38
34 77
80 14
15 62
86 92
58 65
5 60
57 37

100 50
77 31
17 56
82 49
13 4
42 76
69 89
80 77
2 40
5 67
20 92
61 19
79 59
67 96
85 3
84 3
14 21
52 30
52 42
17 9
2 16
39 60
27 9
96 43
92 100
2 10
89 28
9 32
71 74
90 56
87 13
31 100
30 85
91 45
59 43
53 87
91 2
60 82
13 77
74 50
95 30
60 82
83 47
27 8
55 24
57 97
11 97
85 59
19 71
15 1
1 91

100 50
57 19
26 6
13 28
43 67
32 48
40 44
94 25
26 68
2 17
77 18
40 19
77 48
62 48
2 97
4 18
53 85
26 72
71 73
33 59
92 100
17 95
63 10
43 16
24 78
32 55
33 99
97 77
56 60
83 45
95 41
39 54
37 34
82 6
51 45
22 80
51 59
55 89
98 60
82 97
26 58
92 100
70 81
29 42
88 90
62 13
68 56
73 100
42 74
93 94
95 14

100 50
83 98
67 96
7 12
1 6
85 2
16 4
10 8
97 92
49 21
20 36
97 74
99 100
32 95
98 86
79 54
81 13
95 87
18 89
89 21
75 100
28 13
69 79
20 32
59 68
17 40
61 12
16 32
57 33
73 50
18 74
97 12
59 41
96 12
11 51
95 86
14 89
28 47
10 4
82 50
45 77
12 88
27 84
24 38
53 40
31 21
12 8
5 97
9 7
2 35
38 12

100 50
94 23
15 87
68 56
26 42
91 58
80 15
95 34
12 75
39 100
15 43
21 70
78 4
9 7
8 14
56 76
63 65
63 55
90 45
85 20
13 73
49 55
26 9
83 94
51 47
100 90
25 26
85 8
27 97
82 100
75 89
54 31
79 34
86 85
6 76
36 99
50 68
66 88
12 48
80 36
55 51
86 29
46 39
53 66
40 22
66 30
41 65
53 31
78 29
15 2
50 8

100 50
72 37
75 36
88 83
5 12
40 4
23 72
86 86
51 64
25 93
89 41
76 92
68 51
72 91
97 29
99 6
88 71
7 70
47 95
32 58
9 95
19 52
41 42
36 29
55 38
12 29
43 4
34 36
14 58
22 17
24 21
44 99
26 20
90 24
30 25
40 30
93 54
61 16
51 6
41 51
88 29
22 83
42 52
60 87
26 46
73 100
97 21
77 35
24 98
69 38
40 56

100 50
99 61
66 43
18 14
6 37
25 9
2 20
80 95
67 52
17 15
59 89
11 15
53 62
30 17
34 19
82 62
48 94
91 53
88 59
87 60
60 82
53 10
77 44
22 85
6 51
68 45
17 14
28 43
42 66
68 7
88 42
64 33
16 75
69 39
87 67
1 12
51 9
74 40
41 27
73 67
55 83
30 78
68 28
43 74
62 90
83 61
58 92
33 17
85 44
89 53
49 1

100 50
64 64
29 26
36 76
89 99
70 14
2 44
3 97
19 16
27 24
94 94
71 64
19 43
20 54
90 31
89 81
85 69
24 87
39 43
79 1
10 74
29 74
6 62
13 37
96 31
24 51
95 94
46 43
25 53
57 41
45 26
54 86
51 48
96 45
46 84
35 91
44 89
69 31
56 20
96 66
100 12
18 28
97 53
59 1
84 96
81 77
72 57
75 24
46 23
62 71
41 72

100 50
5 98
60 90
60 66
44 5
42 49
53 41
29 93
61 7
75 62
7 57
46 57
87 13
89 74
11 10
6 80
90 20
29 73
38 20
35 7
90 88
29 29
41 49
43 61
100 56
24 52
64 8
19 72
48 77
46 87
61 21
27 4
43 23
33 67
43 8
98 36
85 89
27 20
90 21
65 77
9 44
74 73
17 79
1 69
32 76
7 31
1 52
29 69
90 34
56 90
14 84

100 50
46 54
60 99
8 53
66 86
4 31
81 6
90 2
7 48
38 55
71 95
69 77
58 96
54 20
97 1
91 96
55 33
43 18
7 13
66 46
35 31
41 9
42 84
95 17
23 86
57 63
93 65
35 42
94 11
14 33
93 57
23 84
26 95
87 72
81 5
99 25
85 63
96 71
20 95
9 11
87 46
48 92
40 68
2 66
69 64
15 97
26 15
65 86
68 37
29 68
80 6

100 50
27 14
52 7
67 35
72 5
50 75
27 33
82 40
74 57
71 68
85 89
52 39
98 95
76 15
53 26
30 10
20 90
49 15
77 47
42 49
38 36
28 53
36 33
52 44
15 92
26 46
50 34
10 50
47 55
12 49
59 61
18 85
76 17
22 90
19 51
81 38
49 7
46 90
84 34
19 51
59 70
45 92
99 88
3 50
79 52
5 24
25 91
62 61
40 76
69 69
37 94

100 50
91 50
58 65
85 35
53 17
51 72
12 89
81 89
78 80
59 10
55 50
2 83
23 65
13 38
44 86
59 40
42 44
70 81
53 42
7 17
22 62
27 10
100 53
2 13
7 63
33 38
59 18
63 73
78 76
9 74
49 70
28 28
49 19
14 3
80 88
22 17
32 7
15 62
62 49
21 79
29 97
30 88
15 12
50 87
49 4
58 80
23 11
74 1
43 36
5 94
44 5

100 50
38 82
78 92
35 25
23 99
24 37
69 61
49 85
47 54
92 98
56 47
55 38
53 48
10 27
92 50
30 32
54 80
27 19
96 20
9 71
27 15
66 67
89 37
22 22
26 47
48 87
70 65
98 95
55 31
74 99
27 91
55 86
62 44
75 67
67 65
2 18
71 10
99 62
3 88
28 94
21 28
75 72
62 86
35 97
16 76
93 1
36 55
4 66
37 68
86 52
41 73

100 50
25 47
52 98
18 80
80 29
6 81
67 85
48 52
25 87
17 1
92 74
50 61
19 40
39 38
46 39
95 92
17 76
85 80
98 29
29 14
36 78
43 22
4 45
20 81
3 53
73 95
23 49
85 58
98 29
10 26
11 15
80 12
49 78
2 52
62 71
35 91
75 28
91 42
94 59
99 36
94 33
36 75
88 15
47 19
49 83
99 7
49 49
68 99
93 9
74 78
47 6

100 50
54 34
64 27
43 48
63 11
25 24
100 29
7 76
65 92
98 39
66 4
95 49
8 18
38 10
84 27
42 32
30 33
70 16
24 38
32 71
53 79
68 11
82 75
39 18
42 100
22 13
76 13
18 91
29 61
87 80
40 1
51 52
65 16
16 1
69 44
21 30
78 24
21 65
25 23
47 32
75 58
62 62
3 20
29 70
31 15
19 90
87 26
85 2
49 69
53 75
73 39

100 50
61 32
75 7
95 97
71 51
15 73
32 26
58 93
13 30
42 97
41 9
96 21
90 36
64 61
58 57
59 11
7 9
53 79
65 26
34 96
18 95
28 100
60 49
43 88
7 40
90 35
76 29
89 74
72 57
71 28
23 15
50 11
5 65
79 7
93 71
15 82
56 56
82 54
16 70
56 59
20 59
94 32
47 94
38 80
8 82
13 21
100 61
15 55
100 95
16 63
20 32

100 50
70 17
28 95
58 72
17 94
62 49
63 5
50 44
27 14
88 14
8 61
61 48
20 63
9 38
49 74
89 34
13 19
73 61
4 37
34 35
39 7
14 87
83 2
76 26
9 91
5 97
73 44
93 35
23 80
7 69
70 22
23 85
26 36
51 92
99 46
75 77
36 99
21 3
31 2
94 95
65 77
71 30
59 68
95 49
71 5
60 32
35 86
44 4
37 45
88 92
24 96

100 50
63 69
36 87
69 48
73 45
95 11
7 29
36 20
71 70
70 44
99 13
85 41
93 89
27 25
94 92
7 97
34 7
82 17
55 14
93 65
35 74
42 33
31 98
6 51
81 35
23 57
37 18
93 63
25 3
8 47
83 45
68 64
99 4
10 46
49 15
31 79
60 13
77 91
54 47
16 69
52 52
61 17
46 94
20 34
57 50
89 19
13 46
84 40
74 21
5 73
37 18

100 50
12 28
47 9
44 58
82 48
83 1
5 57
6 35
13 11
92 9
9 35
69 43
4 78
41 75
32 95
34 55
15 72
70 66
57 75
23 22
52 5
15 79
76 82
16 33
17 35
47 20
23 37
82 96
35 1
85 21
53 57
96 100
61 98
56 39
58 2
45 71
50 4
30 20
63 39
58 80
77 96
66 88
35 86
62 24
81 37
77 3
58 23
51 1
35 52
89 16
78 60

100 50
76 7
93 75
43 52
88 100
68 22
81 98
14 88
85 84
69 23
95 68
42 75
95 15
19 77
3 73
82 84
57 75
12 78
95 52
36 54
59 31
89 68
44 23
3 97
48 21
13 76
1 33
66 64
36 5
60 33
94 20
78 84
91 65
75 61
20 39
41 93
41 82
54 39
8 83
43 50
61 85
12 2
36 50
54 81
85 14
36 89
86 89
10 85
88 62
8 25
99 81

100 50
16 78
7 32
9 41
93 96
95 49
79 49
75 31
50 40
26 77
89 40
19 74
77 27
68 99
93 9
16 87
24 74
82 30
92 81
73 89
49 63
54 5
77 74
77 3
11 24
12 1
5 36
65 51
58 42
83 100
95 94
18 19
29 98
96 14
62 86
65 9
69 8
21 42
7 41
33 50
69 38
7 100
2 31
56 21
35 75
81 55
11 75
65 9
87 30
38 59
42 12

100 50
65 89
30 100
32 44
21 46
93 24
27 68
11 29
40 8
45 19
39 80
98 58
22 27
5 32
91 61
71 86
96 17
94 58
34 21
72 62
51 45
1 47
18 63
59 40
65 81
9 40
41 14
81 66
34 89
17 78
34 11
51 75
71 80
47 32
97 92
59 65
23 82
25 47
13 26
41 54
35 48
29 97
68 75
29 98
25 76
29 49
95 11
89 92
77 85
30 13
54 54

100 50
88 96
35 74
83 22
94 31
22 45
16 69
57 99
87 32
32 15
24 96
100 70
11 60
73 80
16 42
20 92
54 81
87 17
65 91
7 24
62 69
97 32
65 80
42 99
58 48
50 24
61 31
9 75
16 13
80 32
76 62
26 53
85 61
36 55
61 47
59 53
87 33
29 51
3 4
15 19
100 89
74 56
75 24
1 2
77 52
84 63
32 60
95 71
41 59
60 46
82 89

100 50
35 82
21 87
85 70
80 31
92 94
67 41
35 37
80 80
51 82
57 31
48 84
70 9
15 5
89 37
100 37
26 71
7 22
61 97
86 28
10 64
5 31
8 96
44 77
66 64
93 57
24 97
29 26
40 69
93 47
100 69
92 21
7 95
68 84
67 59
66 67
23 77
94 68
42 76
98 88
64 89
48 58
76 8
59 48
63 44
90 53
10 40
56 22
14 26
8 80
62 78

100 50
85 65
19 41
12 62
51 31
40 55
90 77
69 90
82 23
46 68
2 42
17 1
11 65
62 53
69 83
93 34
76 17
60 42
44 71
13 59
85 71
18 7
58 63
80 15
79 75
21 79
78 92
77 66
20 21
97 87
13 26
60 94
99 13
92 6
92 4
74 43
75 37
22 58
64 22
79 94
55 19
68 24
75 78
2 60
68 5
57 92
77 16
67 57
15 16
97 12
26 98

100 50
62 44
13 35
97 49
34 12
84 17
32 99
3 68
8 15
50 9
39 23
10 10
85 95
70 66
35 14
61 82
13 80
77 60
21 68
78 90
26 75
52 1
9 10
2 97
96 23
23 61
71 84
12 27
74 27
39 27
22 90
84 10
21 58
70 58
42 34
93 77
78 32
42 56
27 31
53 23
85 11
15 25
21 50
9 50
22 84
68 86
85 27
47 5
87 99
79 18
90 86

100 50
28 3
93 45
39 77
54 84
66 66
73 23
88 57
70 87
29 83
8 16
96 80
90 25
57 50
24 85
43 68
79 56
38 22
33 22
66 80
14 35
63 76
65 33
23 54
38 8
45 76
16 74
53 92
23 60
38 81
44 81
60 58
62 74
90 31
92 59
24 30
37 82
61 68
37 23
33 95
71 8
94 26
87 60
58 16
87 80
8 3
63 85
6 95
80 5
43 11
42 8

100 50
52 43
8 89
50 57
56 44
50 51
33 27
48 50
57 75
10 7
22 74
2 85
4 74
7 44
87 15
99 75
22 58
98 1
79 57
13 10
84 11
57 27
40 70
55 55
59 66
67 89
68 22
47 66
26 29
11 25
77 49
53 9
36 38
71 15
55 76
2 76
100 1
42 37
92 50
8 44
67 10
24 83
30 14
40 69
10 88
59 2
14 65
29 12
82 35
39 30
91 43

100 50
2 65
65 27
41 11
37 25
95 72
8 98
20 70
27 40
78 46
7 69
73 12
37 48
92 79
40 36
62 66
79 24
96 30
97 56
68 70
6 49
26 4
36 53
76 80
100 46
42 16
32 48
37 68
67 62
12 58
87 62
9 54
10 92
67 34
9 82
6 52
73 88
87 27
37 90
32 46
74 64
84 53
21 60
63 65
82 41
22 56
93 84
7 43
91 75
64 50
14 22

100 50
64 35
37 91
8 30
45 80
42 2
21 29
33 76
22 5
96 19
39 87
52 83
80 61
84 50
26 96
48 41
47 84
26 70
99 67
45 84
50 31
67 24
31 85
21 95
29 23
74 6
1 64
78 22
8 58
83 7
62 56
32 2
24 55
56 68
87 24
23 55
56 9
92 68
14 7
53 96
66 34
21 81
72 33
41 17
51 14
24 87
95 5
51 36
52 17
28 53
93 83

100 50
12 31
64 10
83 51
91 16
21 55
72 61
55 68
100 83
96 39
8 83
65 72
59 5
61 8
5 6
53 58
9 82
55 10
81 79
70 23
15 100
30 7
49 21
1 63
36 72
96 74
29 42
86 41
83 69
37 49
8 88
7 48
23 74
40 23
88 21
91 46
12 71
42 4
45 73
44 24
46 5
52 74
64 20
22 30
76 49
74 93
50 67
53 23
66 48
48 59
67 85

100 50
41 81
19 2
84 6
100 64
66 67
63 51
26 59
38 19
11 97
10 86
52 51
29 29
62 58
78 31
87 49
28 83
97 52
80 20
51 14
98 24
57 63
64 94
47 33
77 35
11 12
71 5
75 57
30 30
14 20
44 14
85 85
74 94
85 35
37 17
24 21
80 92
83 63
25 39
9 75
72 21
78 19
84 73
84 13
52 5
11 8
76 60
30 54
5 42
6 42
52 45

100 50
62 88
67 59
5 2
98 28
25 8
87 51
48 99
16 74
35 19
64 81
26 48
42 22
81 50
68 91
85 82
76 89
60 44
37 57
9 33
45 7
40 86
23 42
2 22
72 28
16 15
20 31
4 78
82 64
14 39
6 1
27 69
22 94
88 75
98 44
90 61
12 52
62 38
56 67
96 96
56 12
88 49
48 75
59 78
20 51
16 79
20 27
4 44
76 17
93 33
48 93

100 50
9 23
70 69
67 48
29 93
85 5
51 25
33 82
69 30
74 50
91 50
76 34
16 31
23 8
21 21
5 9
62 34
61 68
72 96
34 16
20 22
38 6
6 45
53 19
5 12
38 75
77 26
1 39
88 53
19 31
1 41
5 53
24 3
26 70
11 38
48 65
57 73
90 46
6 89
39 36
56 12
67 17
74 96
20 75
11 71
20 81
40 7
37 4
5 6
46 60
29 28

100 50
35 41
5 73
43 36
5 81
78 42
43 6
84 35
6 9
73 28
69 92
64 25
84 11
50 76
13 4
65 11
89 72
14 81
11 27
32 24
89 50
27 77
83 90
57 73
65 68
74 72
61 50
28 8
56 97
16 72
52 27
10 23
48 74
99 72
11 47
61 36
83 56
68 39
24 3
88 42
34 72
65 14
33 28
17 56
93 1
38 21
92 38
27 97
49 57
25 87
33 47

100 50
73 22
77 45
60 54
64 59
60 13
31 19
67 50
2 37
3 30
42 54
69 24
10 7
86 37
75 44
83 70
24 57
84 81
80 58
35 79
47 49
77 28
42 64
57 13
15 38
20 99
98 68
88 87
4 14
28 52
45 59
12 41
84 75
90 51
92 27
6 99
40 49
63 41
55 13
5 38
52 35
54 35
98 92
84 37
48 7
93 17
43 70
50 89
7 62
1 54
29 60

100 50
60 51
37 18
48 38
1 3
72 42
71 6
41 5
74 64
67 83
97 91
85 56
66 54
74 30
37 96
8 54
78 30
37 15
19 72
71 9
88 98
59 37
14 6
70 80
46 30
85 67
90 88
50 10
28 78
12 52
98 11
96 8
78 29
29 89
40 64
80 83
4 25
65 86
17 57
60 76
40 28
35 34
60 68
99 80
47 88
96 84
85 8
44 88
60 26
97 7
5 81

100 50
4 77
24 14
93 48
3 48
68 9
52 37
58 90
82 89
63 70
79 67
21 99
75 29
70 70
1 98
5 84
56 34
77 96
74 98
67 93
53 11
29 16
67 21
28 96
30 99
22 47
87 13
37 80
92 12
58 53
95 54
75 98
77 41
79 66
36 46
59 71
70 77
100 41
3 51
9 79
41 63
78 71
59 53
95 54
64 81
97 32
3 22
14 67
18 60
5 19
3 38

100 50
22 26
73 71
40 42
80 63
74 43
96 60
13 53
17 83
60 37
66 20
18 72
31 78
59 59
60 3
86 70
83 58
54 39
48 90
90 13
45 100
36 80
92 33
44 20
86 88
52 33
47 33
92 65
66 96
39 17
87 49
59 51
44 9
80 74
61 20
20 56
47 4
43 41
41 50
24 9
24 64
84 74
99 13
32 49
96 22
64 55
71 85
62 71
91 7
37 91
57 68

100 50
20 85
92 63
74 46
28 33
69 54
48 23
40 7
88 88
6 38
12 21
79 24
26 93
10 95
78 84
40 87
56 28
91 19
46 21
28 55
62 15
63 83
7 5
82 86
2 87
67 99
30 60
74 1
28 49
73 11
100 82
41 27
10 72
9 67
31 16
8 17
78 24
33 37
53 37
55 47
92 42
79 46
22 67
93 24
56 93
49 48
56 58
64 35
56 98
30 52
8 96

100 50
7 52
63 66
61 67
83 31
45 67
4 34
69 58
62 59
2 82
52 35
48 69
10 22
66 1
64 40
27 65
93 13
87 88
95 31
55 11
57 33
59 76
73 69
3 98
81 49
48 73
87 42
54 80
3 38
87 70
19 83
10 22
23 43
58 97
85 67
23 30
72 9
18 66
21 76
55 69
33 83
71 18
77 25
92 90
53 24
28 4
48 17
13 83
71 42
57 34
63 7

100 50
58 48
64 25
73 99
23 57
12 35
12 6
14 90
38 82
48 15
85 15
43 83
67 6
12 3
53 84
43 97
46 4
99 41
14 6
11 99
96 63
88 72
11 14
10 8
49 47
69 37
47 100
30 43
49 40
94 63
40 30
81 62
29 1
61 30
8 30
76 41
83 5
18 25
81 11
63 80
34 58
24 8
29 13
96 90
8 67
52 7
55 94
62 82
11 78
42 41
40 86

100 50
70 38
100 36
34 11
57 89
99 75
95 39
64 32
88 71
20 55
61 98
26 62
90 3
76 33
52 55
43 45
59 58
81 3
43 30
49 85
57 26
57 8
33 85
46 38
68 31
56 41
72 11
94 50
28 98
1 25
46 87
18 31
33 52
78 49
67 40
97 27
64 61
21 73
14 31
84 6
66 70
76 79
24 63
70 6
35 95
89 3
21 36
43 75
34 39
64 2
37 65

100 50
96 46
61 59
57 83
37 21
36 3
32 32
40 57
63 34
3 88
5 70
31 45
81 75
59 6
51 55
63 42
29 85
15 59
62 89
12 45
22 63
90 90
50 9
99 31
74 14
65 16
62 3
35 71
77 30
47 8
33 55
12 55
29 54
13 61
3 48
16 29
57 81
89 89
46 7
78 42
87 24
98 96
36 71
17 79
86 44
99 60
65 79
21 10
38 52
75 5
45 31

100 50
28 81
65 48
99 22
29 41
84 88
80 84
77 31
29 48
68 41
81 25
98 89
62 41
48 43
35 98
87 37
19 30
99 26
50 30
68 2
32 99
83 50
37 13
85 46
2 87
71 83
54 77
100 93
13 79
20 99
45 61
82 86
75 21
86 3
32 25
63 39
69 27
79 21
97 81
99 96
70 73
7 45
95 91
63 25
91 38
68 1
69 34
62 8
28 98
43 78
23 74

100 50
58 36
100 54
17 83
11 41
100 50
77 10
37 51
11 38
94 2
38 77
20 69
82 70
24 66
25 37
85 95
27 64
76 45
81 87
87 18
79 38
24 2
44 3
19 48
65 16
51 95
55 46
29 5
80 69
44 48
85 49
66 25
89 36
65 59
10 89
32 2
6 37
84 25
74 23
80 35
69 13
8 72
55 25
32 48
47 88
68 100
10 46
41 18
79 75
24 87
69 34

100 50
22 20
64 7
75 61
69 37
68 60
93 59
85 77
26 6
20 28
18 99
21 31
60 72
9 90
22 81
70 93
30 14
97 83
62 26
60 89
63 15
73 8
20 99
47 26
92 100
72 99
95 27
11 39
45 2
89 16
6 94
90 63
32 24
100 93
23 45
4 53
4 45
82 32
75 34
90 30
90 57
14 94
79 20
5 31
16 53
89 15
17 32
34 29
94 92
26 62
18 51

100 50
95 57
38 21
52 71
8 33
89 19
81 31
77 97
85 16
93 82
31 45
66 84
63 35
30 50
82 15
65 92
19 81
89 22
75 64
100 41
27 34
21 64
54 63
63 98
97 100
40 18
33 13
13 75
49 68
19 82
50 82
39 79
48 80
22 45
36 35
65 33
38 36
93 30
8 1
37 55
36 65
16 41
94 24
83 64
37 66
14 25
42 80
37 19
57 61
85 42
98 40

100 50
54 57
7 32
8 63
18 55
64 71
72 44
25 91
19 10
52 94
15 29
36 7
41 79
12 79
80 79
7 95
32 78
10 20
10 34
43 56
86 7
47 26
100 41
34 49
99 32
63 7
91 27
77 1
79 50
48 46
44 20
24 33
21 87
78 35
64 99
78 53
95 68
50 59
69 100
36 49
48 65
22 74
44 40
36 55
94 35
81 9
80 9
74 11
4 50
32 67
80 73

100 50
87 86
47 54
7 2
47 59
85 75
73 65
75 53
2 92
79 27
60 94
73 81
69 18
26 48
30 58
97 57
42 8
64 42
45 72
93 83
11 34
12 23
50 48
82 94
94 38
74 58
1 99
88 59
86 82
28 59
45 43
85 9
67 29
99 10
19 15
65 21
23 10
83 36
24 69
21 3
1 90
43 86
4 4
45 11
66 45
85 37
43 3
49 13
23 79
84 77
30 17

100 50
74 70
83 69
51 51
57 41
3 43
63 90
69 55
3 46
51 9
65 8
1 46
78 30
45 99
84 47
58 3
44 52
49 38
99 2
57 57
50 11
54 70
43 79
33 52
7 99
25 99
1 63
100 90
70 25
95 80
10 46
89 98
78 78
97 52
53 29
57 16
83 82
7 45
85 40
47 19
20 44
75 79
100 6
59 48
17 73
28 23
94 6
52 52
65 81
56 20
100 12

100 50
94 82
38 72
52 8
21 97
58 71
14 27
61 64
29 9
67 84
37 50
91 94
83 1
7 50
85 81
53 60
67 15
20 93
77 80
56 57
3 87
31 65
86 30
83 15
36 47
30 42
84 42
69 53
10 40
94 71
77 67
85 47
29 7
36 13
98 20
82 13
63 54
33 37
13 37
92 33
98 40
9 91
77 61
95 17
30 27
15 16
90 20
71 97
86 9
59 69
50 72

100 50
33 12
49 21
64 63
53 84
54 92
30 47
22 93
1 96
6 63
65 41
55 61
54 23
90 89
34 28
89 97
100 94
90 3
50 15
51 23
79 14
94 33
83 47
6 98
95 66
88 93
53 41
2 78
31 72
79 9
22 96
31 45
61 74
39 14
67 59
10 21
70 32
43 70
8 48
18 44
8 99
100 95
32 84
61 95
37 29
89 94
14 50
91 76
86 46
27 19
63 16

100 50
29 35
96 15
5 90
81 48
33 48
18 42
7 49
37 24
64 80
70 63
48 51
22 70
91 62
48 9
51 38
99 83
79 84
80 28
35 76
55 72
38 76
16 46
12 9
16 7
45 63
74 46
41 36
96 62
93 30
29 47
36 75
3 4
12 98
76 61
53 64
65 77
55 20
34 28
51 47
73 14
56 39
71 86
66 79
26 44
58 10
18 46
41 82
85 29
46 12
52 90

100 50
31 40
28 99
49 97
5 65
70 19
70 27
82 46
44 56
45 11
38 35
48 53
49 32
99 21
9 25
27 5
85 62
52 17
15 8
77 29
50 54
99 81
70 13
51 20
32 84
93 86
37 92
40 79
55 83
89 72
98 100
57 18
82 45
27 84
8 80
22 46
17 46
13 94
54 63
27 88
53 62
69 93
35 82
5 2
27 43
92 49
3 84
21 87
46 11
4 51
31 26

100 50
99 79
78 32
32 54
22 81
43 37
4 42
52 66
7 2
5 14
79 27
82 61
75 64
88 10
67 1
47 69
23 82
69 89
70 74
97 48
84 25
36 72
80 11
88 6
22 49
97 36
2 70
29 54
3 11
77 18
18 58
88 36
51 72
55 73
21 92
52 73
85 69
71 89
95 64
70 24
59 7
29 89
25 33
7 18
47 33
82 39
17 32
73 38
48 18
99 13
36 15

100 50
56 31
35 75
58 29
78 24
37 5
26 45
44 97
53 96
35 42
58 73
13 77
43 80
48 46
57 48
9 96
24 58
7 48
97 14
28 56
56 70
9 1
71 8
83 75
3 13
57 32
10 35
93 3
11 75
64 98
48 92
81 99
96 44
61 96
64 67
93 65
99 19
56 42
56 43
58 13
46 68
34 28
38 12
30 63
89 20
60 91
67 66
93 35
51 94
6 4
100 35

100 50
32 49
39 74
8 84
89 58
87 66
17 81
41 12
25 92
46 8
90 30
80 13
37 13
6 94
38 26
18 72
95 11
75 82
78 10
93 13
58 36
4 75
25 2
59 1
64 15
2 30
35 36
70 52
99 95
23 11
46 95
84 36
13 63
46 55
75 71
11 45
6 61
81 49
35 65
23 87
99 31
41 45
32 25
64 29
36 45
74 35
63 34
94 36
71 91
73 47
10 71

100 50
72 74
59 74
70 66
60 27
5 65
34 5
75 51
65 80
5 59
15 40
41 23
1 59
43 80
12 6
46 42
61 26
3 53
13 83
15 62
43 86
95 38
86 29
40 96
79 29
40 78
10 3
46 97
53 81
6 31
25 73
34 13
75 20
96 11
85 65
86 57
38 52
51 48
7 78
80 90
77 74
24 6
42 50
94 15
58 11
40 2
65 85
84 56
51 85
74 67
40 84

100 50
49 5
96 96
80 74
37 80
45 47
88 45
1 59
27 93
70 3
66 87
24 80
66 31
39 27
51 54
32 26
27 60
19 31
19 65
23 70
47 2
15 66
93 31
84 49
68 96
63 18
87 45
73 34
62 76
96 89
45 96
36 46
52 42
52 94
86 67
80 89
59 49
58 64
58 40
85 45
12 92
94 45
76 45
91 74
28 18
7 46
9 49
73 36
61 61
48 75
50 91

100 50
56 39
61 70
2 100
68 24
95 63
24 29
55 63
69 75
73 82
85 77
9 45
54 12
39 53
92 77
44 22
96 37
59 57
22 58
80 63
74 4
28 81
39 33
20 19
8 49
60 72
69 22
6 89
95 74
96 66
63 100
79 2
13 9
36 31
93 19
46 36
86 47
94 88
18 5
47 15
15 69
55 82
98 97
87 22
71 59
90 95
98 23
51 66
45 25
28 58
75 12

100 50
65 70
5 49
77 71
77 18
28 71
7 100
57 92
99 19
94 17
68 21
74 27
97 16
14 57
47 81
65 55
29 60
51 74
78 57
27 54
85 12
20 14
3 67
97 42
90 74
14 85
25 79
56 95
50 3
93 63
26 53
82 30
89 58
47 83
26 54
91 25
79 62
2 29
42 47
54 31
59 46
69 84
94 27
86 75
32 23
22 15
42 7
47 37
5 2
37 98
70 30

100 50
82 39
72 32
59 62
49 33
84 70
54 29
77 53
93 45
39 86
90 41
65 70
100 50
21 2
7 20
48 12
31 18
1 6
38 58
85 69
67 86
71 89
80 80
21 2
39 7
47 19
12 5
67 27
63 80
34 49
75 52
74 53
11 84
67 97
82 21
96 44
84 42
67 61
62 96
17 87
20 94
88 74
23 17
71 96
40 69
85 90
100 84
20 48
79 100
39 74
98 79

100 50
54 88
27 43
46 84
63 72
2 88
57 98
77 25
14 99
43 95
83 22
71 63
53 4
5 7
10 89
94 92
43 65
57 82
4 47
50 99
24 16
60 9
51 30
36 58
10 97
26 47
70 80
87 94
50 30
63 15
29 11
99 37
91 98
84 30
74 81
48 35
63 54
47 55
11 57
49 37
60 98
94 5
86 66
77 61
51 79
56 26
69 4
68 22
93 45
3 21
77 11

100 50
58 18
54 2
3 58
60 43
68 90
64 93
96 38
56 94
74 67
32 11
84 84
83 24
42 34
85 96
46 96
82 77
19 38
65 46
58 3
34 63
84 26
19 64
35 43
69 94
4 33
43 90
2 15
73 85
42 10
40 21
38 97
30 54
90 88
38 76
39 64
57 13
49 68
17 3
52 60
52 45
100 44
61 49
89 78
21 97
98 4
18 85
76 65
30 22
24 3
48 25

100 50
93 86
52 60
3 16
90 100
69 64
17 65
12 42
20 2
67 14
57 47
63 98
45 3
85 50
10 86
4 34
55 3
98 58
91 74
92 94
74 64
60 79
16 76
40 27
14 92
11 43
28 55
34 37
44 46
48 98
6 86
75 99
24 84
84 73
61 78
24 41
74 1
3 55
38 5
24 48
74 46
57 80
69 49
59 51
77 65
79 8
95 34
14 23
38 25
72 43
90 14

100 50
95 64
53 100
83 52
53 78
42 37
10 99
45 86
21 21
43 6
42 29
39 96
37 43
38 16
65 55
99 82
6 50
100 48
8 70
32 8
36 50
9 98
2 21
56 57
6 79
23 73
60 65
100 32
77 35
51 90
63 59
71 25
24 43
99 56
95 3
98 43
94 10
92 55
46 39
28 22
25 31
4 60
98 51
11 5
44 46
84 4
2 28
49 43
46 38
83 2
43 48

100 50
65 26
61 64
30 93
68 99
3 70
17 49
100 32
53 28
46 46
48 73
90 73
88 92
30 87
93 89
93 6
39 5
78 86
81 73
15 3
62 6
63 49
41 58
74 23
42 44
84 40
21 22
28 45
48 74
77 64
9 17
69 87
51 97
57 24
64 13
50 39
34 83
24 52
78 4
38 48
62 37
97 83
40 5
4 39
95 77
61 66
38 37
13 38
5 92
15 62
21 84

100 50
56 97
43 41
7 9
80 30
94 19
18 37
65 94
48 22
59 44
92 49
22 95
91 22
2 80
90 75
6 22
9 11
80 10
25 95
46 51
30 74
24 33
93 8
6 43
25 35
80 49
13 42
77 94
2 33
75 62
95 57
58 35
92 77
5 91
45 54
79 20
97 88
89 43
64 76
74 92
30 76
32 27
91 100
77 17
32 44
100 62
97 14
28 75
28 34
15 18
31 68

100 50
12 98
63 77
25 87
40 77
34 54
64 64
41 48
56 47
92 67
92 22
68 3
65 42
55 88
24 9
44 83
45 2
6 64
13 92
22 22
26 37
61 66
5 61
28 5
96 14
90 79
43 21
73 48
50 36
90 80
38 28
68 88
63 38
1 36
55 63
41 1
50 63
52 29
80 93
32 35
89 82
59 84
80 7
82 77
78 18
33 65
40 71
67 76
75 17
78 20
12 62

100 50
95 35
54 44
41 100
38 79
49 14
74 93
40 14
91 9
5 70
80 67
81 4
15 27
82 41
76 51
98 10
60 97
67 84
41 26
30 28
22 30
65 44
41 73
15 89
10 11
13 42
80 8
17 59
29 47
26 7
38 81
24 4
83 34
10 81
26 97
48 34
7 48
21 37
92 90
42 49
46 52
43 5
56 35
9 37
69 26
82 69
30 8
35 63
23 79
60 55
98 93

100 50
7 34
98 45
21 4
40 57
52 31
40 75
91 36
85 95
57 36
70 96
63 28
28 23
1 46
20 77
69 11
75 92
85 29
3 48
52 75
60 91
15 8
28 2
10 25
88 40
84 5
88 18
54 95
13 90
89 50
22 95
99 57
6 23
81 9
80 92
61 100
6 10
75 7
40 19
39 91
35 46
21 35
32 95
81 54
3 17
31 53
94 65
54 75
88 15
17 53
3 13

100 50
62 97
4 9
38 89
20 79
85 45
65 58
48 20
68 85
97 5
19 7
32 45
30 77
67 44
26 61
45 37
11 32
75 42
52 25
11 75
17 55
19 74
11 42
97 55
53 49
11 38
69 18
31 50
94 28
45 95
55 7
38 100
37 9
33 18
15 70
10 89
40 54
88 75
25 84
29 20
40 6
55 74
62 17
88 17
100 39
18 4
16 62
56 36
75 71
93 87
81 85

100 50
36 6
70 25
97 8
86 44
11 92
96 49
95 31
83 5
36 7
34 88
85 58
58 88
67 36
79 30
5 70
38 98
33 65
16 51
86 76
54 12
69 73
50 77
62 69
24 9
19 87
12 13
85 23
34 1
39 57
19 55
12 95
12 98
32 14
61 79
16 4
86 41
74 7
66 27
99 81
75 55
69 37
20 31
70 54
80 43
40 3
47 55
79 24
33 58
4 54
76 69

100 50
34 48
32 93
10 72
86 93
1 59
85 86
10 66
74 45
42 42
97 62
78 48
12 48
84 55
95 66
19 21
14 21
41 12
53 1
81 80
64 3
92 90
68 73
59 27
17 4
96 21
52 46
26 89
56 30
45 8
64 96
29 79
3 14
61 44
77 45
61 54
23 10
52 72
69 2
50 84
43 20
44 81
72 95
58 24
53 44
91 52
93 80
54 75
14 61
56 91
4 36

100 50
97 52
68 11
58 34
13 83
62 15
42 78
32 40
62 62
81 49
85 62
25 66
82 66
88 62
83 4
8 17
2 65
81 32
80 60
70 6
78 56
96 2
75 66
4 83
15 67
29 85
84 70
7 64
77 76
95 59
52 4
73 68
54 97
55 48
60 15
35 12
22 42
94 22
82 75
16 21
52 35
33 9
15 94
90 97
51 59
25 81
93 13
89 67
58 68
47 38
26 90

100 50
47 4
46 28
45 25
65 4
75 87
57 95
67 5
38 95
82 96
75 47
58 70
100 57
80 25
47 84
23 68
88 43
71 79
75 52
75 68
76 41
100 56
79 36
91 97
61 58
5 60
29 16
48 46
20 49
76 49
90 8
23 73
12 3
1 71
98 83
34 73
68 31
25 60
81 94
8 73
30 52
63 46
50 35
3 82
58 32
72 89
83 91
24 20
88 84
16 94
30 73

100 50
61 50
68 37
43 54
78 12
100 25
25 58
51 25
12 61
91 66
36 29
50 43
17 68
81 89
36 36
26 91
35 30
26 33
34 25
41 5
13 75
31 37
52 36
16 97
25 56
59 73
15 88
5 90
44 59
27 87
40 67
29 55
82 78
33 41
34 51
56 78
70 95
41 96
38 55
72 85
31 62
98 39
65 85
93 74
28 87
14 2
92 56
80 96
76 91
2 21
15 73

100 50
57 2
31 65
30 88
20 75
39 41
5 80
25 4
45 85
42 62
18 72
48 83
80 97
47 78
48 44
59 16
97 34
99 22
32 38
83 11
98 81
48 10
60 41
79 76
100 55
49 29
17 15
97 11
70 72
85 96
13 60
33 9
13 79
88 12
17 70
15 94
22 66
91 78
12 8
88 85
89 9
48 18
16 39
66 46
67 25
21 76
96 43
45 24
73 21
87 52
60 24

100 50
61 58
36 88
79 47
83 94
100 63
37 9
53 36
94 97
37 16
66 38
9 45
98 78
6 98
83 20
86 86
17 60
76 88
71 30
61 22
34 97
40 1
25 87
63 59
66 68
77 77
37 12
70 46
41 20
31 15
87 5
75 11
37 75
21 79
52 40
55 39
14 44
23 76
98 57
59 74
8 40
12 96
33 87
30 26
28 83
55 80
19 67
93 66
49 52
14 65
68 62

100 50
41 45
60 79
45 57
54 64
79 14
48 12
88 97
89 20
70 51
43 19
49 27
94 16
95 49
31 61
37 20
77 3
79 5
45 83
8 49
53 19
45 75
47 70
75 29
85 53
85 28
54 16
20 99
5 32
83 70
64 2
61 76
73 23
11 34
42 54
42 14
43 62
6 22
79 79
6 71
32 1
43 29
98 100
6 56
17 82
84 45
96 81
60 40
39 43
69 14
34 59

100 50
21 52
34 95
29 51
5 59
90 15
23 97
21 79
88 15
30 37
58 94
51 38
85 19
77 80
94 65
59 100
72 92
36 46
21 45
36 58
42 11
96 18
92 32
86 76
59 9
46 8
61 66
87 18
15 15
39 72
37 55
91 28
12 94
63 89
82 92
26 15
95 75
49 55
88 84
26 73
29 43
70 52
14 15
16 11
36 42
22 58
60 13
42 96
67 94
6 9
94 92

100 50
47 27
78 76
38 59
42 85
82 93
5 80
25 19
97 25
98 40
92 91
9 14
7 71
39 26
77 35
66 8
21 37
51 59
44 29
64 19
85 84
98 79
11 99
54 3
66 30
73 61
50 91
17 64
84 81
90 95
17 61
25 66
94 70
84 70
13 48
23 33
13 89
79 35
7 13
62 9
78 14
20 9
23 37
69 44
34 44
86 98
33 93
71 3
44 43
39 71
37 76

100 50
38 4
94 98
85 57
43 76
16 53
29 43
47 91
85 23
25 83
89 73
98 64
83 13
17 10
57 77
2 6
62 65
74 16
8 31
85 25
57 88
9 26
59 56
6 3
33 36
65 47
12 62
30 49
43 84
73 53
57 43
50 83
77 6
64 7
77 35
54 53
33 46
36 74
79 69
80 32
99 22
7 64
24 78
49 49
79 80
67 44
61 48
69 16
35 30
39 62
42 30

100 50
83 47
34 83
45 51
83 1
44 97
7 44
65 56
96 32
87 49
85 96
33 67
66 99
43 34
73 98
90 63
56 85
58 91
69 16
57 39
89 86
63 66
79 23
81 98
9 95
65 95
10 43
76 87
82 36
27 7
37 62
26 7
90 90
80 11
26 41
60 66
11 98
1 85
94 19
88 99
60 48
23 33
42 12
6 20
25 72
10 12
95 98
75 84
100 92
77 57
97 98

100 50
76 59
2 83
73 41
54 33
34 18
26 43
86 63
67 95
44 73
41 98
86 85
63 30
2 73
31 74
37 93
3 59
22 52
42 39
92 31
88 50
45 20
95 12
29 56
54 49
82 92
32 48
79 100
56 61
81 16
45 96
2 42
56 61
21 39
32 36
47 23
48 90
93 33
34 7
32 78
58 33
99 97
45 64
6 3
72 52
91 80
37 97
8 45
35 47
49 82
24 94

100 50
25 47
85 77
35 13
78 21
3 16
24 53
62 75
33 35
40 67
95 67
41 69
37 6
94 41
63 99
33 53
22 56
17 68
29 58
61 31
32 60
61 44
75 27
72 37
89 85
27 67
43 15
28 94
19 96
36 23
27 85
74 42
77 59
69 54
87 78
50 74
68 33
76 95
19 30
52 27
28 58
90 42
37 76
91 37
37 31
6 28
56 65
100 86
75 22
71 3
81 24

100 50
11 31
79 26
62 14
2 8
29 43
95 57
22 55
23 34
72 11
90 29
91 79
11 95
58 16
27 91
32 55
98 56
44 17
97 40
3 24
48 36
82 69
15 77
65 80
49 56
4 15
88 29
97 55
41 65
47 73
2 77
40 24
33 3
11 69
44 2
81 43
85 6
85 23
13 57
94 13
93 89
31 56
4 20
83 75
60 21
83 8
32 24
40 98
34 2
90 45
44 44

100 50
82 23
39 84
74 43
82 38
32 20
7 9
83 38
75 51
84 31
41 99
69 99
2 17
72 66
48 58
29 65
96 6
27 20
75 6
34 21
69 38
21 2
21 83
5 14
13 79
9 56
84 98
88 12
82 72
16 90
15 27
64 83
24 87
76 84
63 57
4 49
58 60
2 42
44 69
20 77
10 12
85 64
63 53
86 52
54 17
10 68
5 43
15 82
70 30
14 4
53 27

100 50
47 60
75 25
3 64
39 8
69 2
92 5
62 50
35 54
46 86
83 53
20 96
60 5
97 65
80 58
30 82
99 70
77 93
79 48
74 11
31 53
94 28
58 82
62 17
50 37
92 81
33 36
22 45
82 82
22 20
73 65
35 70
34 95
1 5
15 87
71 94
26 30
92 32
1 48
55 89
49 24
39 93
8 49
22 91
25 25
76 8
70 16
89 95
65 5
15 60
79 47

100 50
2 6
32 52
92 3
18 78
54 35
7 71
18 82
50 68
25 14
96 7
64 4
53 11
97 57
82 4
62 80
52 44
55 69
66 22
93 32
79 89
9 86
38 40
44 18
91 47
32 32
74 79
23 85
17 57
95 43
7 41
32 5
66 74
1 45
44 81
98 83
91 30
6 16
30 38
65 29
12 85
14 25
39 85
75 5
25 81
71 5
38 70
96 13
89 92
14 6
29 63

100 50
79 58
16 93
33 53
90 87
83 40
25 7
51 93
37 21
27 14
3 78
54 95
35 55
22 76
36 11
87 33
16 46
26 93
87 91
67 68
83 48
8 65
15 43
77 41
19 67
41 27
92 8
27 8
46 80
26 64
4 5
49 88
18 45
66 10
27 13
66 14
45 31
13 73
89 90
85 92
93 81
18 27
35 25
1 53
1 59
51 97
29 26
33 85
90 96
50 29
26 25

100 50
43 45
63 80
5 26
26 5
33 16
44 71
43 78
81 25
77 4
90 5
61 11
53 64
32 36
37 59
68 94
35 59
60 88
89 33
7 49
38 60
97 91
25 25
46 19
86 50
63 61
69 95
54 26
60 39
22 42
79 40
100 17
26 4
48 17
19 85
12 81
8 19
62 33
6 21
61 40
62 47
41 75
67 19
54 56
68 45
18 68
99 83
26 42
11 20
96 71
29 87

100 50
95 41
14 36
72 50
10 38
10 82
59 3
6 75
28 30
100 11
81 94
65 79
38 47
56 3
26 88
82 76
48 31
23 70
99 40
94 75
8 50
91 51
77 12
12 54
2 4
51 98
5 46
45 70
86 61
74 71
50 96
30 87
61 42
16 93
52 26
38 1
85 89
42 32
70 59
18 13
33 57
14 51
91 59
34 20
70 88
21 90
94 94
12 11
44 64
19 33
54 37

100 50
91 2
36 69
22 93
20 71
31 45
16 41
48 28
16 57
72 67
60 94
90 39
40 13
20 27
80 86
56 49
3 74
99 70
87 59
99 88
88 55
42 61
64 78
55 6
10 60
49 18
1 90
47 7
29 96
17 5
16 55
61 42
9 55
4 79
70 71
65 65
61 100
46 93
24 14
55 47
6 64
59 75
33 30
99 60
75 68
35 51
66 9
6 17
64 66
56 18
80 60

100 50
29 66
49 46
31 6
42 86
18 99
53 51
31 21
20 5
22 31
99 51
65 2
68 28
43 35
14 56
45 42
74 58
74 58
5 26
26 48
43 34
31 9
3 12
65 37
45 36
13 92
26 92
76 96
39 94
79 53
18 26
88 47
78 26
13 43
46 96
88 82
94 75
11 29
91 63
26 98
74 69
24 46
6 29
6 29
74 91
97 31
48 69
84 12
82 1
76 31
38 9

100 50
6 99
80 2
75 31
98 52
40 27
74 76
5 45
95 28
65 5
76 66
72 26
67 38
38 49
85 68
79 29
75 1
46 46
25 30
96 8
93 57
69 21
14 18
16 83
7 73
14 71
51 87
4 68
76 36
16 9
85 5
71 71
62 25
5 44
45 59
58 91
86 48
75 37
23 61
70 22
71 44
67 28
30 78
92 25
42 17
96 83
81 27
98 4
39 58
53 25
78 87

100 50
31 34
24 92
10 26
53 95
82 53
85 70
100 68
19 47
75 95
85 72
94 62
93 63
99 42
19 26
7 57
49 46
79 98
9 55
45 69
14 92
13 29
86 15
27 32
27 57
11 66
44 92
96 53
86 9
66 24
63 13
3 41
66 85
45 32
40 37
8 2
44 36
60 80
84 14
87 45
17 16
79 7
91 93
53 42
11 30
96 44
80 79
14 8
40 62
79 61
69 63

0