100
900 10
841 425
149 102
163 360
428 535
31 760
330 402
679 156
591 316
374 792
651 600

900 10
34 877
658 699
754 5
411 571
399 568
672 453
456 782
709 262
2 641
520 550

900 10
745 478
641 185
508 342
441 524
157 846
603 388
29 798
138 650
399 599
396 390

900 10
180 45
609 857
610 224
397 806
45 402
648 72
827 640
302 427
861 756
672 67

900 10
680 818
153 581
800 687
235 234
333 562
411 253
613 70
156 599
642 79
762 772

900 10
692 709
719 694
881 842
685 509
896 495
43 646
693 860
443 96
552 93
86 109

900 10
727 443
563 391
861 104
675 478
648 826
135 478
492 267
206 622
798 80
237 563

900 10
671 336
605 323
339 671
185 859
748 794
596 376
425 215
131 562
369 21
519 179

900 10
825 449
212 208
27 749
786 769
788 271
377 821
827 892
16 622
508 197
137 467

900 10
21 19
809 99
524 401
285 43
723 419
418 899
100 521
431 118
272 184
380 778

900 10
304 31
513 285
238 479
141 859
784 286
98 726
363 301
860 552
91 56
173 696

900 10
210 408
772 686
113 842
570 403
641 632
476 763
151 887
745 356
397 681
231 322

900 10
20 336
237 424
860 635
483 855
793 183
162 701
634 56
530 253
404 90
125 511

900 10
121 720
13 177
695 689
248 662
506 765
111 76
328 803
808 493
320 496
461 757

900 10
625 198
291 500
64 609
722 489
555 115
442 170
492 409
766 624
480 223
192 737

900 10
410 492
653 214
271 502
221 561
279 423
884 43
611 852
716 672
781 533
723 592

900 10
603 892
547 402
82 37
587 525
323 30
630 251
319 782
460 697
468 736
444 468

900 10
215 416
779 150
584 181
683 112
626 262
559 475
421 499
432 761
722 42
546 685

900 10
68 429
667 144
581 413
342 73
13 15
640 55
58 269
577 3
428 285
189 562

900 10
224 365
508 272
889 151
496 700
877 737
611 380
884 417
500 236
768 13
26 870

900 10
671 44
442 849
789 204
630 662
353 8
625 686
177 587
241 310
879 307
889 325

900 10
690 567
13 679
786 800
350 324
425 472
617 849
241 190
682 259
113 890
38 654

900 10
569 801
29 113
179 852
792 51
115 769
575 125
793 759
350 855
594 184
403 789

900 10
330 114
685 270
195 99
563 595
437 812
591 625
585 73
670 55
789 747
559 220

900 10
842 202
877 827
692 330
766 32
836 877
859 768
278 202
464 185
747 240
143 245

900 10
126 810
840 612
823 292
104 450
643 807
502 164
343 440
781 318
451 884
177 141

900 10
127 4
595 63
22 732
210 875
523 625
98 568
575 509
382 284
380 643
842 551

900 10
885 7
718 383
330 640
344 500
788 797
536 636
310 70
104 282
891 396
388 174

900 10
72 474
894 48
174 441
797 496
26 393
339 162
596 741
404 425
117 747
784 350

900 10
657 874
43 536
225 793
92 432
812 843
186 599
703 800
508 73
673 93
47 16

900 10
891 551
422 431
174 13
407 795
840 853
696 508
275 580
583 9
650 738
882 117

900 10
875 663
849 656
863 317
809 77
520 784
713 18
556 438
516 866
657 353
562 585

900 10
205 299
56 883
366 459
403 61
776 133
406 530
23 799
759 384
385 812
231 663

900 10
301 93
533 692
896 517
528 143
734 470
586 396
701 458
462 339
458 93
491 713

900 10
345 351
268 759
789 216
65 330
175 432
46 6
817 822
604 388
689 488
688 844

900 10
164 307
356 885
763 236
565 143
864 133
106 577
870 419
535 384
594 750
362 459

900 10
381 857
829 440
337 677
440 684
634 218
379 266
450 27
603 702
488 832
397 216

900 10
862 610
287 704
652 505
189 652
395 592
147 672
817 140
536 859
533 292
84 520

900 10
639 138
524 880
314 732
104 1
787 146
133 231
232 562
597 208
157 114
33 219

900 10
855 560
552 723
474 343
714 221
264 877
700 437
343 163
606 455
600 836
201 856

900 10
259 454
532 328
42 459
658 322
374 245
242 121
652 731
303 215
192 639
20 29

900 10
654 561
232 567
241 128
873 313
602 162
679 110
185 573
204 519
509 391
505 247

900 10
13 560
536 717
467 302
472 469
311 894
738 703
895 719
751 384
245 41
729 574

900 10
674 135
468 237
766 120
571 88
114 78
343 266
271 823
335 572
785 533
896 260

900 10
195 96
390 502
817 304
244 525
833 37
396 200
276 438
415 87
777 568
168 511

900 10
371 231
742 495
469 592
300 531
845 608
553 567
435 651
631 456
415 706
96 455

900 10
425 485
391 622
405 45
422 309
313 319
696 231
663 131
149 334
832 614
667 118

900 10
629 236
667 67
553 720
367 749
518 733
703 267
160 711
256 583
124 35
345 10

900 10
516 829
114 106
42 843
190 326
715 273
820 104
39 5
447 763
437 894
802 849

900 10
138 396
158 365
561 360
361 849
837 362
306 283
665 565
452 469
413 40
155 163

900 10
835 611
145 397
472 365
709 822
88 879
800 280
345 165
424 428
45 37
614 371

900 10
622 253
863 637
180 234
725 355
593 599
173 448
331 852
659 233
654 466
800 621

900 10
5 215
268 678
152 196
198 202
729 458
870 818
233 111
520 794
426 76
194 894

900 10
63 477
33 51
257 327
715 356
672 169
802 457
865 233
216 826
719 290
479 352

900 10
380 566
290 348
727 784
179 586
780 550
35 384
536 482
828 270
274 657
783 864

900 10
534 826
277 764
280 779
435 10
555 708
663 173
549 201
685 714
296 613
553 892

900 10
747 402
555 222
445 700
350 540
808 520
162 444
320 501
85 564
842 757
750 144

900 10
118 490
410 546
132 448
728 346
19 255
146 885
441 720
673 341
458 832
781 705

900 10
385 238
484 258
316 778
694 262
364 734
13 149
559 294
648 381
534 34
415 228

900 10
418 167
702 71
612 320
469 150
833 47
291 86
73 690
449 632
384 308
393 291

900 10
557 878
227 72
66 780
786 865
685 418
852 493
838 887
128 284
682 657
431 759

900 10
349 383
151 784
839 99
857 396
297 660
305 767
215 817
279 588
743 863
352 468

900 10
663 804
258 73
866 777
507 598
850 565
356 450
833 256
338 554
412 699
806 691

900 10
491 311
680 399
812 370
898 126
174 592
865 441
583 248
289 642
258 242
407 535

900 10
702 465
693 511
890 894
659 30
161 216
631 763
231 122
613 165
422 439
429 891

900 10
747 428
442 296
531 616
151 571
579 37
319 94
813 835
213 87
809 661
299 577

900 10
420 522
559 94
504 358
512 411
20 399
649 419
370 598
270 619
819 852
733 176

900 10
666 789
689 147
420 264
852 8
870 596
187 267
687 667
594 151
315 466
298 531

900 10
751 58
896 542
37 317
711 193
436 662
756 863
187 529
631 222
424 576
688 700

900 10
350 156
157 513
640 63
839 256
406 309
116 604
283 336
88 637
131 547
569 455

900 10
78 182
788 863
445 604
677 813
722 543
43 878
450 639
742 429
308 674
73 650

900 10
139 555
333 37
445 864
166 515
237 499
568 600
590 624
319 426
432 193
515 720

900 10
401 140
80 684
459 7
876 251
138 479
248 384
212 547
204 218
448 464
161 379

900 10
330 860
759 395
720 275
156 565
60 170
553 665
601 349
592 583
777 27
3 487

900 10
200 765
415 493
563 787
61 659
498 168
147 172
582 381
473 738
600 499
674 678

900 10
327 779
168 779
543 128
862 15
848 84
385 643
66 431
890 859
718 31
327 644

900 10
461 50
564 808
807 125
99 448
95 597
793 401
535 761
151 558
356 610
63 248

900 10
513 336
257 446
106 282
881 428
26 319
502 777
525 733
553 314
402 217
269 284

900 10
197 262
288 101
629 143
502 122
215 262
438 640
409 453
653 419
238 451
631 130

900 10
646 529
230 691
607 217
808 701
586 502
2 61
753 100
2 302
738 872
61 173

900 10
486 886
527 465
450 268
889 488
708 91
269 864
257 392
180 689
550 816
305 843

900 10
252 599
67 348
346 714
656 451
19 769
483 734
256 466
331 416
14 334
425 123

900 10
318 435
173 827
894 667
749 52
107 90
734 353
892 452
462 220
892 629
421 618

900 10
566 176
847 136
583 55
790 750
3 899
224 190
834 736
84 407
741 717
710 406

900 10
740 585
387 215
747 193
157 716
842 707
550 392
607 745
341 814
274 166
209 608

900 10
703 372
714 150
688 295
445 607
188 226
897 416
330 649
133 347
253 579
352 731

900 10
761 845
826 539
817 215
92 213
333 699
780 656
212 697
121 802
105 314
286 201

900 10
405 459
728 61
285 88
499 493
613 610
378 420
545 260
85 450
568 138
244 507

900 10
523 231
512 80
612 451
287 152
565 265
497 431
330 60
465 561
229 723
58 651

900 10
183 790
330 345
388 376
440 437
880 796
676 9
702 666
680 30
817 843
685 731

900 10
897 463
311 431
410 207
14 694
617 575
569 388
844 871
78 480
317 405
835 478

900 10
134 892
130 617
532 662
286 212
653 284
424 361
403 564
423 398
144 627
321 685

900 10
159 832
692 376
863 291
241 635
686 60
362 216
304 494
328 9
852 526
575 60

900 10
825 177
152 809
839 446
227 36
389 755
555 730
475 326
363 389
389 43
460 732

900 10
414 136
606 338
78 214
485 207
691 178
220 866
119 316
88 855
18 678
845 471

900 10
596 308
580 602
60 431
463 111
568 306
34 675
552 869
548 304
164 849
578 85

900 10
221 135
864 111
206 738
218 381
773 124
227 43
338 867
463 569
617 221
332 429

900 10
840 103
603 451
797 500
817 845
592 366
465 13
295 666
257 604
65 573
473 621

900 10
726 179
420 160
766 852
464 383
635 520
673 633
144 263
52 855
7 874
194 677

900 10
463 498
148 235
451 251
339 156
884 39
661 804
200 13
211 674
44 260
398 165

0