100
500 10
174 256
373 278
135 481
33 420
205 243
170 91
26 88
247 395
379 256
206 389

500 10
280 475
78 93
79 12
193 449
133 211
425 134
338 262
160 378
79 160
331 107

500 10
438 498
238 193
435 21
468 131
138 404
173 159
150 307
346 89
162 48
446 366

500 10
452 272
5 34
349 64
307 400
7 44
184 194
129 17
46 372
421 240
319 314

500 10
15 251
398 91
202 214
288 421
458 198
264 459
445 66
117 7
145 391
457 389

500 10
37 241
408 222
365 142
296 215
276 194
454 437
97 92
52 268
86 240
355 260

500 10
50 458
97 468
270 317
448 62
178 315
51 168
131 237
169 157
143 119
236 390

500 10
375 212
268 316
66 272
330 90
111 247
81 362
176 222
186 41
451 354
140 492

500 10
364 355
379 379
20 236
116 146
452 81
448 452
364 433
288 463
393 337
375 486

500 10
211 85
243 480
233 359
487 390
260 29
191 282
427 166
88 138
232 358
273 179

500 10
69 46
147 179
136 423
126 499
159 117
134 400
121 354
475 330
489 82
59 225

500 10
103 293
481 84
10 259
2 168
86 330
377 473
375 291
333 211
182 274
75 3

500 10
470 134
266 120
105 470
295 321
493 47
281 149
288 161
254 33
47 485
396 174

500 10
496 177
59 406
28 223
246 103
182 28
245 243
460 38
497 402
275 314
355 320

500 10
139 400
63 378
369 311
12 476
228 247
157 128
306 215
324 122
334 184
445 84

500 10
8 83
31 337
4 450
98 100
147 359
169 197
187 111
35 124
40 307
191 355

500 10
457 491
334 282
32 310
156 60
207 156
220 477
145 236
229 109
323 221
418 476

500 10
418 148
348 365
431 367
408 463
48 342
284 435
112 239
122 51
55 341
207 4

500 10
193 296
15 92
74 289
497 465
324 35
51 343
411 160
291 364
143 365
424 170

500 10
190 80
27 359
300 467
18 211
401 65
461 309
62 454
194 287
484 290
100 77

500 10
413 196
352 2
17 42
173 163
211 430
14 370
240 144
291 54
461 415
209 46

500 10
497 352
1 157
2 133
254 125
327 309
4 343
257 460
297 200
267 437
296 163

500 10
70 488
211 493
456 460
6 204
6 212
105 123
23 196
170 479
202 238
256 314

500 10
80 263
490 14
184 465
285 177
52 290
323 166
221 243
252 53
374 398
13 204

500 10
249 474
314 337
15 174
50 309
229 152
68 65
38 151
345 21
258 337
306 38

500 10
44 110
113 193
158 264
410 425
230 154
246 202
13 246
111 33
191 388
346 416

500 10
186 202
106 158
195 476
151 5
262 19
35 418
209 318
372 391
111 162
237 249

500 10
232 282
356 317
118 273
305 66
271 263
12 307
202 223
134 379
125 182
4 335

500 10
192 408
324 414
312 106
17 482
132 97
275 254
490 276
133 62
61 485
266 318

500 10
162 25
27 241
213 17
322 219
53 169
364 113
281 13
446 54
24 164
246 329

500 10
170 326
59 84
292 277
247 365
448 59
361 476
423 14
129 196
183 35
298 290

500 10
442 78
4 476
431 125
75 371
448 31
344 344
209 15
219 489
126 119
197 218

500 10
97 134
163 117
235 105
79 11
261 480
360 184
154 469
99 90
175 198
168 406

500 10
170 155
118 182
181 464
393 44
90 153
216 230
260 304
204 132
383 273
462 422

500 10
56 306
460 44
432 482
405 456
126 472
500 443
332 372
185 2
322 465
177 152

500 10
32 157
417 474
112 316
239 374
146 134
341 301
316 395
363 130
423 120
474 267

500 10
273 114
396 289
31 59
451 22
283 349
494 367
41 472
185 202
295 410
49 374

500 10
286 269
67 361
448 318
453 232
309 454
299 324
383 297
423 344
74 275
481 367

500 10
154 54
449 155
165 14
60 190
195 46
178 458
27 472
297 200
63 177
265 427

500 10
452 378
103 305
289 219
389 445
14 138
262 52
376 359
449 499
153 307
149 112

500 10
56 298
52 359
398 31
252 43
499 262
183 91
317 372
315 323
164 497
342 418

500 10
476 42
311 27
149 134
405 261
239 16
418 176
351 277
232 316
176 423
118 98

500 10
267 473
279 277
229 311
275 360
100 148
292 112
379 493
375 116
222 230
270 328

500 10
24 71
92 372
84 407
405 337
486 323
116 290
386 331
268 228
378 476
207 351

500 10
416 174
219 449
414 68
104 467
278 83
101 121
167 434
173 23
499 415
494 262

500 10
338 275
223 176
49 39
159 249
174 190
102 429
162 181
161 94
178 243
405 98

500 10
224 133
49 91
420 335
48 28
384 79
448 68
367 275
172 4
409 238
66 198

500 10
262 79
278 391
470 127
404 305
216 368
134 107
168 108
166 417
201 138
212 485

500 10
377 389
270 81
389 257
109 224
484 173
334 397
85 46
493 285
426 429
265 180

500 10
122 237
395 422
60 233
304 169
71 207
227 70
343 251
414 23
275 373
237 170

500 10
313 228
402 220
431 190
326 370
99 371
225 367
320 146
252 380
38 337
218 13

500 10
63 395
459 353
224 200
226 25
346 456
486 446
246 348
41 452
480 213
91 206

500 10
413 47
172 386
114 7
178 147
433 380
124 340
490 361
378 32
355 200
120 404

500 10
35 183
271 2
230 445
325 473
96 357
289 460
247 188
320 57
24 128
175 44

500 10
331 437
300 62
68 16
2 472
33 486
159 201
500 229
486 231
385 472
150 484

500 10
73 155
25 60
318 438
126 121
238 357
303 481
199 359
491 198
133 399
355 468

500 10
237 190
242 312
283 160
212 105
493 271
220 73
182 305
132 111
377 143
210 69

500 10
324 372
352 342
477 414
403 399
451 185
263 106
205 108
128 237
180 203
141 458

500 10
198 232
388 405
186 285
385 470
313 214
122 261
67 138
347 463
326 220
183 288

500 10
238 355
417 431
174 16
426 272
103 451
382 302
299 426
405 378
236 33
10 473

500 10
371 403
171 357
169 254
306 124
120 8
441 193
284 22
466 333
121 194
464 223

500 10
157 285
274 37
130 409
282 200
56 255
367 101
298 161
307 102
157 464
33 460

500 10
205 264
362 154
201 50
198 206
282 311
60 398
47 112
299 264
216 8
328 202

500 10
107 370
384 186
240 160
192 351
125 384
105 19
86 18
253 484
335 480
447 244

500 10
338 438
58 69
332 113
63 419
257 293
353 154
156 305
196 63
102 86
347 14

500 10
196 275
111 426
326 357
113 414
153 441
162 33
406 286
15 329
245 8
147 112

500 10
201 139
396 176
368 66
115 450
62 496
313 48
163 391
244 470
478 387
496 368

500 10
359 235
286 310
222 156
182 182
266 232
32 42
149 346
429 86
479 239
467 489

500 10
487 499
182 492
424 40
482 362
67 118
434 287
347 476
227 275
374 108
143 39

500 10
331 139
374 87
147 98
219 248
212 396
298 489
195 158
77 266
196 468
56 72

500 10
112 166
110 49
492 179
35 324
306 208
419 318
131 316
255 176
284 106
224 101

500 10
418 313
427 375
419 306
272 96
489 103
112 477
287 351
99 89
80 325
231 437

500 10
413 354
209 129
493 436
213 371
266 156
451 155
492 407
110 127
334 343
398 100

500 10
26 399
201 210
242 415
335 384
162 389
21 98
244 94
243 144
471 413
224 321

500 10
446 286
476 381
489 153
291 375
103 151
5 9
470 153
493 58
44 177
474 85

500 10
37 175
158 381
142 371
272 350
216 129
449 263
426 101
99 61
313 159
198 238

500 10
130 291
355 375
354 173
235 299
75 175
170 300
92 68
460 164
396 196
165 411

500 10
488 151
326 323
23 362
262 471
192 9
47 184
105 335
391 233
96 366
370 142

500 10
203 422
449 472
35 177
423 411
258 276
182 160
45 83
472 123
465 319
357 305

500 10
203 175
260 164
95 357
284 393
53 36
88 382
429 380
149 442
350 469
319 406

500 10
160 169
313 54
272 443
320 236
436 271
16 140
394 132
202 148
396 454
233 253

500 10
42 15
18 443
497 298
406 462
353 256
500 329
317 129
135 198
176 294
51 219

500 10
489 114
156 452
318 376
301 499
227 461
435 411
340 104
217 454
165 62
215 188

500 10
169 318
367 67
251 219
67 378
407 84
23 216
448 196
205 258
306 420
121 41

500 10
243 43
8 41
35 180
435 469
236 497
52 108
323 415
42 484
134 253
78 145

500 10
343 311
72 354
262 462
62 243
482 160
424 380
70 100
219 410
79 100
150 211

500 10
26 410
304 276
411 59
92 222
75 279
246 154
34 391
18 141
229 61
67 239

500 10
82 401
168 307
123 404
292 25
339 87
38 410
37 119
362 73
69 144
334 413

500 10
345 127
279 261
284 231
442 158
460 367
360 440
267 283
128 455
481 308
393 72

500 10
99 178
94 401
108 237
38 260
378 414
124 481
179 458
113 85
294 468
462 401

500 10
316 191
309 480
489 111
347 170
182 174
159 331
491 250
487 469
429 361
496 497

500 10
38 299
130 322
355 164
201 346
470 364
300 114
389 233
296 154
54 418
368 201

500 10
315 226
168 477
490 283
206 266
107 248
190 457
106 446
301 13
493 404
156 496

500 10
430 366
305 400
399 386
296 138
118 247
194 483
232 120
421 26
209 270
138 473

500 10
448 322
476 362
177 222
89 471
123 157
387 183
112 52
16 297
255 401
184 279

500 10
487 320
171 418
10 138
192 195
499 395
263 46
10 298
336 190
349 178
172 103

500 10
19 492
220 297
237 468
225 70
67 199
223 244
169 347
203 248
317 395
49 235

500 10
161 13
46 149
338 91
353 432
131 481
390 481
190 232
213 413
242 233
239 318

500 10
96 245
204 492
88 312
439 6
85 259
385 36
335 96
405 340
173 43
134 339

500 10
42 46
78 282
361 472
445 36
147 381
333 391
490 38
17 186
284 371
301 291

0