100
1100 10
1053 372
742 313
478 707
80 905
1061 500
249 356
360 310
274 70
161 593
813 418

1100 10
796 595
491 373
434 997
928 980
925 208
438 363
960 531
290 943
712 542
461 976

1100 10
361 813
85 250
340 553
257 1076
445 662
980 502
69 868
74 103
545 310
26 1066

1100 10
712 973
5 803
571 27
491 286
92 845
122 99
184 213
862 107
334 902
638 375

1100 10
810 654
326 801
29 1057
378 113
984 861
261 655
496 490
924 724
251 602
922 405

1100 10
638 386
1014 1059
522 837
708 438
164 881
379 29
581 579
768 497
446 13
494 1059

1100 10
44 802
168 100
179 103
200 802
495 973
186 597
62 797
622 451
788 757
433 44

1100 10
1018 1066
16 683
140 459
435 133
172 801
961 174
929 420
551 632
544 169
473 432

1100 10
37 423
899 1012
906 842
102 1059
359 1014
109 1013
977 321
3 619
987 308
93 423

1100 10
58 191
1007 488
593 212
770 955
843 204
140 961
170 408
145 68
790 254
788 34

1100 10
497 1086
195 892
681 21
410 517
985 868
668 326
865 168
371 893
430 880
858 1012

1100 10
342 782
165 826
616 2
993 1026
728 516
678 654
441 808
808 914
14 128
253 884

1100 10
940 304
221 792
1053 646
150 317
101 932
946 515
390 88
378 1060
792 319
205 332

1100 10
238 616
715 668
86 75
268 315
959 29
1044 1034
452 188
375 132
413 235
932 454

1100 10
627 426
14 663
395 618
389 688
983 317
520 255
430 40
61 1023
1100 276
269 625

1100 10
895 994
1095 150
660 606
28 341
90 12
554 654
81 928
1049 833
94 217
589 951

1100 10
782 47
348 651
284 582
762 977
647 756
445 403
622 1053
410 761
871 204
36 959

1100 10
575 396
800 757
616 482
1046 852
623 561
313 474
871 1014
790 807
747 476
921 1045

1100 10
937 605
632 446
478 1098
948 633
847 409
897 529
639 663
229 730
788 623
1092 397

1100 10
500 429
667 666
179 875
658 741
287 1097
1050 1086
105 42
652 274
683 539
780 997

1100 10
85 140
1029 76
1080 855
991 999
982 394
214 770
125 850
364 811
264 31
1091 330

1100 10
347 1069
253 27
548 934
219 936
92 736
221 95
432 958
874 328
228 207
365 455

1100 10
502 165
8 2
817 386
837 230
557 828
857 177
833 159
265 134
843 824
641 741

1100 10
580 545
612 97
374 548
426 205
63 1015
629 181
7 420
846 349
112 384
238 436

1100 10
122 885
35 39
341 585
649 492
169 1
34 752
1039 287
1052 1070
357 892
639 730

1100 10
867 727
98 270
1064 946
304 769
171 852
441 498
295 342
1081 489
146 870
144 242

1100 10
1065 302
909 405
1081 920
497 755
546 913
666 25
789 51
464 637
1043 1098
363 1059

1100 10
916 135
746 123
500 706
56 655
38 17
537 586
70 1061
941 36
361 587
672 907

1100 10
1067 1001
14 579
769 64
784 497
1098 534
468 232
980 841
1000 653
1053 327
437 589

1100 10
1073 162
1094 579
36 942
880 397
633 14
79 329
182 223
96 516
674 333
29 402

1100 10
692 489
651 181
33 855
422 291
509 323
1050 633
591 576
360 629
687 877
708 94

1100 10
418 1028
606 565
394 622
123 810
1097 1079
1030 1062
722 587
764 834
504 628
132 339

1100 10
501 1005
537 555
626 767
578 1080
20 343
486 242
754 848
43 983
100 985
1050 597

1100 10
49 503
703 227
1094 866
1079 593
1094 819
863 1004
653 353
1084 793
138 248
871 847

1100 10
717 721
1025 63
97 898
985 295
64 130
1053 807
45 762
489 890
333 996
177 1052

1100 10
274 355
255 707
207 82
30 791
846 505
340 961
173 359
1083 335
205 338
951 153

1100 10
1069 695
830 635
942 836
273 476
561 363
597 475
92 457
505 411
877 282
495 1097

1100 10
684 1013
533 678
280 955
100 329
879 212
938 991
571 672
920 631
159 317
1000 269

1100 10
697 768
248 359
651 806
76 370
431 815
586 768
1039 828
607 143
506 838
966 1085

1100 10
924 829
818 15
516 184
270 1094
961 807
673 822
543 954
712 482
92 682
439 578

1100 10
527 215
862 1054
329 762
818 447
58 573
31 638
918 1087
903 400
800 487
411 817

1100 10
502 437
61 998
610 684
735 589
185 364
538 427
968 954
848 814
441 799
57 1031

1100 10
919 694
970 29
668 73
819 213
922 901
654 106
168 110
963 616
859 230
852 646

1100 10
481 1093
997 995
372 775
548 746
1064 872
748 530
154 749
468 700
652 1084
961 509

1100 10
680 27
909 544
162 782
256 428
213 775
990 978
1000 287
349 774
44 1002
465 207

1100 10
637 143
516 1072
1094 502
24 2
211 163
1051 562
762 1065
1063 522
623 274
789 919

1100 10
116 1005
594 675
198 107
774 325
453 984
842 966
320 1068
969 692
804 371
611 794

1100 10
301 502
814 230
1058 265
496 772
168 1076
125 120
830 539
684 106
1016 566
791 901

1100 10
105 973
931 716
103 195
440 148
20 852
302 333
754 464
718 315
450 234
873 565

1100 10
722 347
127 775
816 879
549 173
930 430
885 18
517 765
847 26
783 417
221 10

1100 10
545 864
812 26
817 18
330 884
385 806
7 37
8 821
470 258
378 99
90 469

1100 10
229 58
480 518
251 849
573 721
8 483
806 998
529 78
427 527
1077 234
974 386

1100 10
732 616
1045 973
171 674
1022 27
865 303
966 861
905 521
415 725
907 1033
256 143

1100 10
731 612
45 564
956 494
27 888
538 940
261 861
154 89
574 922
54 823
74 157

1100 10
746 56
374 410
381 315
97 939
244 488
71 633
676 321
271 1007
164 532
422 11

1100 10
539 189
361 65
823 910
631 491
134 499
1074 112
225 270
1002 711
654 643
522 43

1100 10
377 592
530 432
229 681
217 508
775 334
114 486
534 127
286 602
723 958
1052 900

1100 10
813 599
901 1024
130 609
498 697
468 344
273 172
435 268
757 804
1077 858
707 1004

1100 10
113 555
327 362
935 827
990 909
113 264
396 996
842 873
285 476
638 1002
696 451

1100 10
534 437
294 863
861 400
734 935
192 431
516 397
392 210
100 360
333 961
331 18

1100 10
419 45
457 64
340 739
1078 876
556 473
426 960
756 10
451 493
690 48
74 97

1100 10
204 64
504 756
60 611
1085 973
1080 421
349 993
417 489
248 83
703 853
935 134

1100 10
988 177
732 284
679 771
18 599
331 348
401 43
57 429
216 521
560 700
633 790

1100 10
599 299
758 686
17 380
252 34
912 1022
1039 811
799 354
1015 117
3 574
57 885

1100 10
537 939
469 480
952 516
681 1003
407 1064
868 115
58 709
94 943
754 924
1097 1004

1100 10
68 612
233 758
759 919
925 225
1083 412
18 119
672 104
579 593
229 698
446 202

1100 10
555 89
69 392
945 388
74 1077
463 868
189 597
642 68
99 712
1080 674
216 319

1100 10
438 969
47 570
466 877
26 351
490 752
472 573
814 883
706 1015
114 681
934 361

1100 10
367 554
862 702
281 10
938 831
474 771
866 791
249 1016
437 667
1017 1002
128 594

1100 10
356 151
939 614
28 614
190 730
810 759
966 600
474 549
321 476
717 421
124 292

1100 10
773 53
232 1082
349 569
516 565
611 111
387 102
413 948
1087 880
766 921
1003 272

1100 10
831 862
365 1042
768 81
22 843
991 402
434 253
909 700
956 55
256 734
143 537

1100 10
137 611
404 794
154 1014
5 1068
91 21
863 667
852 710
97 834
802 1035
1028 286

1100 10
512 888
705 560
402 681
31 664
612 999
934 613
80 335
468 195
891 773
155 100

1100 10
754 158
687 642
520 852
900 628
750 282
978 306
11 576
187 865
461 290
825 456

1100 10
976 1058
773 165
434 838
877 763
32 566
905 819
565 68
1015 537
376 301
778 549

1100 10
452 1045
311 939
1013 364
588 22
39 1075
242 736
534 711
554 697
471 313
713 136

1100 10
818 175
541 891
702 402
210 517
1077 236
475 99
306 744
960 124
480 1040
643 560

1100 10
902 485
462 465
441 449
353 94
1074 740
920 728
89 383
770 446
577 854
1001 750

1100 10
639 1099
63 10
896 960
167 695
878 945
335 198
894 881
901 857
542 40
609 327

1100 10
471 987
643 702
440 292
386 543
161 110
925 1011
840 609
1040 315
1018 934
940 67

1100 10
954 363
40 657
430 929
35 385
174 1075
423 208
906 453
416 468
1047 149
412 549

1100 10
343 89
560 820
10 193
133 387
266 1094
417 202
283 248
1005 985
1060 625
416 694

1100 10
531 693
702 1048
226 80
639 11
1083 471
800 717
1028 1080
189 1080
971 758
562 13

1100 10
663 642
709 175
116 97
683 452
291 240
862 1042
339 621
493 660
835 535
797 665

1100 10
231 902
650 585
786 795
356 993
336 491
634 677
711 95
14 1079
77 309
389 789

1100 10
917 973
781 869
1005 973
267 1082
187 453
696 494
319 167
764 557
210 967
668 179

1100 10
1041 947
777 990
784 322
313 167
432 936
1013 362
539 248
338 484
126 911
1032 550

1100 10
232 66
53 172
600 564
637 190
718 1097
198 568
239 282
652 840
403 852
586 443

1100 10
759 209
877 1016
402 867
989 87
26 949
929 637
322 694
675 369
480 606
549 307

1100 10
1008 469
803 386
295 753
689 785
822 785
1022 391
167 496
258 1082
552 177
1039 619

1100 10
660 765
489 967
814 285
220 797
630 417
908 491
1091 258
738 318
625 988
331 214

1100 10
507 342
150 153
445 485
19 969
715 1007
783 544
28 49
930 427
884 438
879 1020

1100 10
69 578
949 821
135 486
108 266
649 860
915 190
1071 1062
674 536
207 771
1043 587

1100 10
1049 134
835 391
795 655
452 521
888 551
659 559
293 222
340 258
959 546
888 974

1100 10
343 811
899 853
883 459
843 574
739 486
335 1083
133 211
875 774
450 781
622 483

1100 10
383 980
769 271
284 28
617 2
55 921
854 866
403 745
269 442
1051 139
58 691

1100 10
434 97
451 382
532 803
987 664
829 584
1018 398
724 624
152 390
62 576
199 322

1100 10
410 957
1085 194
863 672
506 353
448 262
756 182
1043 1052
333 388
313 275
367 41

1100 10
571 747
453 113
97 659
1051 892
695 101
617 677
791 573
500 748
296 553
1094 135

0