100
100 150
99 3
57 53
29 49
56 79
28 5
85 67
8 69
65 37
56 30
18 19
55 27
14 90
65 80
46 19
58 35
73 89
40 90
55 58
37 71
39 62
41 16
38 57
26 41
67 89
72 29
85 14
89 77
36 77
56 70
33 8
42 54
69 89
44 9
94 62
28 37
8 24
41 39
41 71
89 30
45 88
66 6
69 40
30 25
100 20
81 85
2 1
94 81
80 43
30 80
39 34
42 1
57 22
55 66
29 56
31 23
17 1
58 70
76 96
50 71
57 13
67 13
86 48
26 42
95 15
95 15
73 55
47 6
32 1
17 64
50 59
63 71
20 40
15 21
68 69
99 83
73 22
42 50
87 28
86 76
91 7
94 62
46 16
3 37
84 39
1 98
52 92
82 98
70 52
23 72
10 94
3 52
70 50
18 35
99 64
25 95
6 76
86 77
71 57
61 75
98 17
77 98
85 57
32 77
45 69
11 76
55 85
2 1
85 21
47 79
17 21
38 37
38 31
58 28
64 77
52 96
76 92
18 33
62 48
24 93
1 73
1 98
63 10
23 100
55 7
13 100
43 44
100 55
88 22
10 2
1 88
3 78
1 61
67 30
79 11
42 15
8 71
28 39
54 89
28 45
69 23
92 61
94 49
49 66
35 33
49 59
87 79
100 10
6 29
46 32
53 50

100 150
40 87
92 54
73 33
13 58
56 12
20 25
49 72
68 43
26 62
40 51
53 35
42 3
67 80
12 27
10 3
37 92
92 10
8 57
43 55
34 54
13 70
59 86
28 59
54 12
75 100
37 18
39 65
57 1
28 3
24 50
76 2
24 87
18 14
67 90
89 42
18 61
98 33
76 60
81 55
38 73
58 34
19 83
54 79
58 54
99 99
73 9
30 60
22 91
14 98
40 58
6 84
92 95
77 14
97 55
7 76
36 21
99 98
15 48
61 7
19 56
83 77
2 10
17 40
67 81
62 78
25 59
34 62
63 74
15 45
61 77
26 52
40 59
100 57
31 86
80 14
65 77
72 20
40 19
98 20
38 5
63 8
48 28
40 43
5 70
9 17
37 98
57 1
34 91
1 6
49 94
43 59
13 61
35 39
99 64
77 63
16 64
18 89
24 60
19 47
3 27
22 75
81 35
62 71
39 16
87 88
49 5
76 47
11 85
98 31
9 76
61 75
8 91
13 33
66 39
31 93
50 95
98 13
95 88
74 77
65 1
29 88
3 75
40 18
82 14
74 36
38 100
15 50
40 92
60 81
2 78
32 16
52 69
98 95
53 36
19 79
92 92
81 91
27 77
83 12
19 30
66 80
81 35
64 85
79 47
46 96
54 95
52 27
17 33
82 51
52 23

100 150
41 2
39 52
31 85
19 15
76 97
48 17
12 78
32 60
86 66
10 92
6 60
63 44
11 24
82 74
37 31
79 32
72 92
86 5
12 91
69 90
31 28
60 29
85 45
75 45
61 52
93 77
26 72
47 56
82 2
73 75
23 73
21 17
74 61
99 25
3 32
37 81
61 61
85 85
41 33
22 1
37 9
1 20
12 23
76 17
93 12
88 90
42 9
33 41
22 58
1 76
53 57
62 15
40 51
9 9
98 73
68 24
76 4
87 70
7 7
77 28
98 54
36 54
12 89
34 58
44 70
39 57
37 81
43 75
28 64
32 14
13 96
5 23
60 68
26 29
87 7
55 12
36 27
74 63
71 98
9 57
37 71
93 13
43 43
76 47
23 79
61 91
98 12
32 72
65 88
56 9
42 54
46 46
37 46
92 23
30 98
92 4
7 95
90 82
3 77
73 48
57 11
49 63
51 89
62 49
98 30
54 89
24 79
84 8
45 96
13 56
43 62
78 27
97 62
72 68
14 4
45 26
32 69
99 77
53 62
41 82
56 24
39 40
1 33
78 1
49 22
100 84
43 15
64 25
89 90
50 18
88 31
89 12
87 42
58 64
62 10
50 30
34 48
34 98
31 87
95 27
60 79
83 48
44 61
70 54
65 99
28 30
95 28
48 15
27 59
25 16

100 150
63 97
64 37
54 75
92 81
77 78
44 11
5 21
72 24
68 59
49 85
62 40
73 4
78 60
99 51
29 12
27 76
76 5
93 71
90 80
7 3
53 10
96 39
76 40
26 5
36 52
63 70
82 30
14 81
34 12
34 99
68 24
77 80
19 20
85 50
94 39
93 37
54 87
12 99
81 36
1 63
40 17
55 64
35 68
6 90
45 2
97 48
71 53
69 19
39 96
40 49
59 18
95 17
8 64
94 1
90 19
13 68
93 94
80 56
12 96
95 95
27 59
37 53
34 75
94 2
80 73
8 60
27 91
79 22
19 9
47 78
91 68
15 75
84 78
51 14
35 29
54 48
100 10
17 3
97 5
53 30
62 79
10 81
99 22
98 48
90 46
20 96
34 12
22 75
50 95
72 37
10 87
99 89
19 26
74 37
91 93
29 15
61 78
53 26
62 60
20 69
82 82
27 70
43 75
9 10
30 80
87 87
84 26
90 25
56 72
81 67
92 93
1 79
74 34
77 52
66 29
16 36
75 38
64 51
99 41
69 28
12 54
95 14
80 53
15 56
33 75
13 66
90 7
62 72
1 18
46 51
74 70
35 73
62 55
97 77
23 38
93 21
63 45
68 95
62 12
15 20
98 9
87 95
74 74
46 70
96 75
17 4
41 51
87 67
11 6
14 8

100 150
54 82
84 49
16 55
7 15
12 86
34 53
23 42
85 49
59 37
29 58
81 97
38 87
37 30
51 90
58 98
37 49
48 41
28 4
60 83
46 93
5 13
50 31
85 58
44 97
80 77
54 41
17 6
90 7
22 77
31 50
45 12
98 38
35 33
58 50
29 55
58 1
29 31
84 55
38 99
73 19
70 66
88 26
39 50
30 64
78 69
74 86
46 72
33 63
51 54
73 52
19 86
4 13
88 39
24 75
33 49
63 40
66 12
35 70
43 64
29 15
80 28
61 50
64 98
56 71
83 32
65 26
54 22
60 63
5 19
62 61
62 47
25 83
46 11
96 31
50 75
37 93
14 24
78 70
73 14
39 82
40 17
66 59
82 89
14 75
27 46
75 68
55 46
83 97
86 86
22 96
52 41
78 20
36 10
43 98
70 87
12 34
32 48
97 17
64 63
27 16
56 13
11 78
67 10
25 77
1 16
87 4
89 5
51 8
28 54
28 1
36 21
54 7
87 24
17 46
52 46
87 30
90 19
11 55
57 12
75 1
86 86
79 85
45 16
91 77
17 75
41 69
55 85
87 74
3 53
20 20
41 61
10 51
59 53
18 76
50 30
99 72
65 82
72 52
72 87
46 52
31 87
75 41
25 70
80 66
88 90
32 20
57 23
56 93
80 100
30 28

100 150
91 8
42 28
39 79
2 90
75 27
91 41
87 77
49 2
60 37
78 36
51 59
21 40
76 20
96 15
22 57
77 73
25 92
73 55
95 85
97 10
38 74
39 26
72 25
94 71
7 8
40 86
52 19
76 82
97 99
25 47
8 43
80 81
71 60
17 28
26 53
69 30
66 32
75 9
52 33
42 85
1 81
27 52
47 35
18 2
93 55
93 45
32 51
34 45
62 20
15 29
50 43
4 33
93 4
56 17
42 98
98 17
37 9
32 33
98 28
30 12
28 81
100 94
4 87
97 91
61 99
4 34
57 56
85 36
42 73
4 9
86 8
75 27
37 47
75 81
96 96
59 45
22 19
48 39
98 53
90 19
87 6
47 84
57 36
99 48
13 23
93 84
84 27
67 84
21 23
29 35
84 52
28 8
87 37
71 33
59 69
85 77
17 93
57 65
32 67
100 87
81 93
32 1
47 53
29 3
60 14
32 69
30 13
17 20
23 92
71 62
43 2
79 41
35 47
49 2
42 61
99 92
80 34
43 14
44 66
57 5
76 58
21 75
76 41
60 32
59 23
80 57
6 14
83 27
39 86
71 39
50 28
55 34
83 96
57 66
51 38
85 55
100 74
98 45
71 79
70 33
27 48
25 84
41 55
48 47
62 44
54 52
3 84
66 33
80 89
46 30

100 150
96 81
77 88
90 74
30 7
20 88
60 14
89 49
56 13
48 16
43 80
97 3
28 3
34 36
96 94
57 14
11 16
70 14
37 80
80 12
58 6
31 14
23 13
96 62
45 40
90 100
51 37
1 3
34 8
87 61
54 76
76 13
84 76
16 96
16 62
7 18
3 41
13 39
55 61
98 16
78 68
7 89
38 91
50 75
89 30
52 19
15 44
28 72
42 40
72 42
57 90
43 86
56 83
25 10
7 78
48 62
44 54
9 60
24 69
57 41
40 12
97 46
41 72
93 64
93 32
86 30
38 39
74 93
15 76
39 50
94 57
16 1
54 37
42 37
18 87
62 39
72 17
82 19
55 27
64 82
76 46
38 1
68 54
77 80
88 29
43 73
88 3
21 71
30 72
10 29
38 100
43 77
44 55
55 18
41 2
18 29
42 45
15 21
63 54
80 97
11 22
26 21
54 16
92 46
81 89
60 36
23 53
2 75
17 52
46 84
84 93
62 79
29 27
68 92
72 90
91 40
44 89
1 93
47 12
78 66
77 26
18 64
75 4
22 57
41 72
10 18
23 82
70 3
87 93
88 19
10 93
70 61
23 6
76 99
67 15
85 26
90 84
100 97
70 36
71 55
34 81
99 70
34 85
20 87
42 31
82 72
7 30
97 95
91 20
70 78
64 62

100 150
11 9
23 74
62 18
65 91
85 16
91 47
91 23
8 57
71 88
7 64
97 5
23 83
26 12
15 21
53 41
31 42
76 28
55 47
97 78
3 11
6 42
10 54
35 65
16 32
28 52
46 60
28 56
70 47
49 95
86 23
38 29
50 21
26 99
31 80
40 81
77 39
51 72
44 97
56 76
62 72
90 2
14 16
93 40
69 89
54 48
25 74
73 100
86 38
60 59
51 3
25 99
14 22
57 61
61 48
39 6
46 63
19 9
98 53
38 96
11 11
48 14
52 32
31 2
24 55
39 53
37 49
63 65
93 45
94 64
17 31
53 8
10 46
30 77
46 23
77 54
77 58
19 25
80 94
58 45
24 22
94 24
97 85
66 33
38 88
24 40
14 76
10 29
18 37
89 82
35 72
47 34
93 83
33 46
94 92
75 14
59 10
61 19
41 17
66 8
3 22
54 10
25 80
18 79
88 29
59 87
1 56
73 79
34 4
48 97
18 96
38 65
17 72
63 35
14 34
51 89
54 27
70 26
12 45
53 53
65 100
13 79
80 33
26 77
69 32
53 54
44 35
45 60
44 43
13 85
10 30
35 40
65 40
57 70
55 43
60 12
41 37
81 78
52 16
82 18
64 63
59 76
45 10
51 23
73 70
55 88
26 86
60 45
52 41
47 7
11 64

100 150
51 66
8 50
68 36
3 39
94 46
94 19
45 5
42 3
98 76
47 82
77 34
50 42
60 50
2 37
74 7
41 91
91 40
48 33
36 13
83 82
77 44
57 74
83 100
94 11
18 15
35 79
36 15
47 94
50 96
81 44
45 77
16 89
90 54
39 86
66 68
12 16
90 17
47 42
93 29
85 63
69 74
97 9
3 67
16 31
24 27
54 48
16 48
22 49
72 31
43 29
4 26
33 79
36 17
78 86
58 1
42 15
51 97
53 31
24 25
51 70
18 12
98 89
33 96
91 27
99 76
85 36
48 62
60 16
47 13
95 58
84 7
69 39
86 36
81 37
95 99
23 64
41 87
34 17
63 92
63 90
70 69
23 89
48 1
88 56
88 21
74 23
55 68
42 92
22 15
31 17
82 3
93 22
56 66
4 100
37 8
32 99
4 31
80 40
7 77
100 57
93 92
11 48
32 40
100 89
18 19
21 99
42 1
28 95
57 32
44 87
67 85
53 9
70 96
14 38
1 15
72 87
16 78
48 76
77 66
62 75
81 90
15 67
5 19
34 57
15 32
81 89
40 39
29 18
29 72
84 98
12 23
28 41
39 91
93 72
32 18
74 45
50 75
90 75
38 48
28 94
69 40
16 95
90 46
85 9
50 15
98 26
52 61
42 29
26 65
100 80

100 150
52 100
3 3
79 98
81 89
7 55
35 16
50 51
20 68
75 51
49 70
92 90
54 24
35 46
96 30
57 46
90 42
11 52
90 27
5 29
79 16
25 79
47 84
55 27
72 11
84 85
34 71
82 69
69 76
20 40
75 54
18 30
53 73
90 36
8 68
54 37
12 27
57 6
35 69
85 60
82 98
34 76
72 93
17 6
72 72
1 57
55 41
2 46
52 100
72 12
78 5
14 96
8 22
37 46
27 3
29 67
47 91
1 58
91 75
34 79
98 44
58 32
32 51
94 50
28 49
85 60
18 81
95 57
13 97
27 19
85 85
81 39
3 86
63 4
50 35
36 95
50 86
45 64
7 24
37 11
97 40
90 28
39 3
54 19
34 99
70 90
91 67
44 4
61 82
41 70
17 31
73 33
55 80
57 29
42 88
43 19
40 87
51 67
70 13
80 88
41 75
35 81
26 88
37 9
42 33
48 83
74 69
21 72
61 26
42 79
65 91
38 2
57 20
98 46
1 17
93 78
11 82
41 88
6 94
24 96
62 23
49 54
97 31
86 70
80 12
59 78
92 67
33 61
35 53
85 99
76 61
9 44
29 16
31 68
98 65
41 58
45 80
38 76
96 17
38 73
28 66
9 13
57 98
32 90
57 39
27 23
23 18
64 48
24 69
79 22
29 81

100 150
60 36
98 31
27 1
50 100
55 45
9 40
28 56
45 96
13 91
67 18
35 63
99 34
35 68
6 55
33 57
69 59
52 3
82 57
13 77
70 37
86 87
68 40
30 63
74 72
68 38
29 67
77 4
39 79
56 60
95 77
74 82
35 30
46 63
51 47
24 62
47 5
16 91
38 64
95 70
86 51
38 99
38 36
25 49
35 68
43 4
83 54
47 54
38 16
79 33
26 29
85 61
99 66
50 79
21 55
49 85
53 14
55 52
40 16
69 17
21 53
42 88
37 87
36 32
94 75
51 95
68 11
14 1
96 35
40 92
43 61
81 1
34 41
72 80
26 72
43 44
61 85
85 14
4 44
15 30
68 39
11 33
67 17
12 76
21 45
12 38
69 12
94 69
61 62
17 2
86 35
24 22
12 22
80 60
61 51
12 51
97 98
12 96
46 56
86 25
78 65
40 12
35 25
94 61
55 49
2 51
85 64
8 4
29 33
94 25
63 6
99 46
6 50
42 71
75 24
82 6
97 14
25 47
59 54
59 12
15 24
23 71
78 41
97 44
2 100
92 24
59 46
26 48
10 3
98 62
61 15
64 31
83 60
1 14
16 99
90 3
64 94
82 37
66 58
99 10
5 76
82 90
13 42
65 81
16 69
60 8
88 34
67 88
81 95
78 5
64 6

100 150
23 32
36 67
85 86
69 46
72 76
53 70
83 70
76 16
28 9
5 99
54 91
57 85
24 99
29 82
54 11
77 7
70 26
64 21
74 59
83 48
77 1
22 46
13 29
23 3
10 83
1 26
43 100
53 44
15 41
56 72
5 47
1 58
97 77
74 87
92 9
18 70
35 40
84 97
41 52
96 41
50 66
41 88
78 71
79 10
69 47
50 43
15 68
11 58
17 61
4 10
97 69
21 37
17 54
37 88
62 4
55 43
76 58
13 58
55 71
43 40
82 81
28 5
52 35
27 59
34 63
75 35
75 77
76 37
58 83
61 92
90 41
18 87
56 72
7 13
84 100
62 16
40 94
32 11
26 91
35 100
15 64
53 66
82 62
93 4
71 90
1 82
81 79
47 62
70 50
50 40
12 73
30 29
85 32
65 66
64 55
20 80
85 68
53 92
89 40
22 50
26 15
73 35
1 38
39 90
40 53
91 74
25 83
48 40
94 99
97 51
3 2
95 81
22 17
62 2
44 61
90 89
39 48
75 20
97 79
62 34
57 4
19 53
51 26
45 21
9 38
27 76
20 53
85 67
93 76
55 45
63 79
14 9
11 45
14 85
81 20
75 8
58 72
70 76
87 44
94 1
69 49
78 91
2 83
15 14
27 91
43 3
87 47
38 90
21 20
92 26

100 150
63 63
48 57
80 30
5 50
41 100
100 45
30 51
57 33
30 21
42 49
80 26
8 61
84 81
81 12
47 42
51 25
21 71
50 43
99 2
82 62
19 70
42 11
69 35
87 81
12 19
54 46
8 37
65 30
67 33
58 28
55 82
25 90
41 96
90 48
74 99
21 54
47 84
75 67
2 62
39 96
83 8
30 65
72 63
9 7
9 93
84 42
37 13
60 16
83 55
6 40
25 27
85 74
30 83
18 29
45 82
88 100
75 89
73 74
63 31
36 100
46 30
28 52
76 93
99 81
21 3
71 5
85 83
99 84
25 79
29 35
50 93
49 53
72 69
39 13
64 67
14 9
64 60
40 63
21 51
10 91
78 90
41 77
91 70
80 88
86 96
22 25
13 55
58 2
26 73
2 28
94 94
49 94
27 46
39 39
17 98
29 49
25 84
24 9
10 60
97 68
61 52
99 30
41 52
87 48
40 92
58 71
60 57
75 55
40 42
70 89
34 92
24 44
14 58
32 16
20 60
42 16
15 89
60 82
19 34
46 95
31 13
24 87
78 3
99 78
76 64
68 13
37 51
64 70
75 91
35 69
85 47
24 27
71 73
80 67
83 85
16 15
10 19
94 87
97 71
95 44
75 49
38 59
36 77
23 17
51 48
70 49
9 7
29 30
53 1
29 82

100 150
98 32
98 47
30 79
80 17
11 44
1 89
16 26
76 53
90 44
32 8
3 35
17 18
53 11
82 87
52 87
63 50
56 52
21 14
69 6
5 77
76 83
9 69
46 26
65 2
83 65
67 100
21 9
7 85
13 32
66 71
49 7
20 41
20 89
38 17
32 12
35 25
33 6
70 17
84 85
38 73
21 47
75 37
29 53
8 16
38 31
98 18
16 23
46 74
65 32
14 84
62 51
59 46
85 72
19 62
26 24
69 55
72 80
64 15
8 85
93 11
52 64
78 4
27 42
60 76
58 59
26 4
59 43
13 28
17 5
9 68
96 61
72 96
61 95
53 53
74 96
4 91
7 75
54 66
20 70
53 71
94 77
61 82
51 56
64 7
83 74
40 63
60 22
94 77
61 100
83 46
97 48
13 39
35 30
78 12
27 71
44 48
46 27
13 11
96 92
61 45
14 73
67 69
94 10
5 72
50 86
20 67
36 93
73 35
42 89
82 82
57 93
16 72
75 5
90 90
63 66
58 40
51 35
84 2
84 11
28 68
34 63
99 25
74 83
89 71
87 9
48 95
14 12
62 60
14 53
2 24
2 21
88 39
87 71
17 75
74 4
76 95
56 15
86 89
88 37
59 38
77 67
99 38
98 64
55 5
97 19
2 30
50 62
67 83
100 85
58 30

100 150
12 84
75 91
75 66
52 18
55 29
91 73
10 16
50 67
15 98
82 77
77 20
7 52
6 54
40 41
70 33
49 71
4 94
64 94
70 20
57 80
44 99
41 9
69 11
89 52
12 24
42 90
79 50
3 11
84 66
23 60
34 95
86 41
45 11
1 62
12 92
19 9
72 92
51 4
77 87
36 20
70 38
7 45
85 51
17 67
30 82
92 59
17 46
79 89
42 75
77 69
98 36
19 20
38 79
58 58
55 28
100 50
60 78
70 18
26 88
65 91
72 95
76 9
97 21
94 26
28 81
40 65
83 11
36 83
48 31
2 95
71 50
73 18
14 59
8 9
45 71
68 25
60 12
30 67
30 15
89 80
8 75
20 9
62 9
3 78
44 44
77 39
62 90
45 8
64 52
49 66
3 3
46 38
67 79
7 20
85 76
33 66
92 100
83 29
82 77
33 76
94 54
88 85
13 23
55 32
82 49
70 58
73 7
76 98
21 63
9 50
56 49
89 66
37 81
31 51
17 95
70 92
14 1
79 84
20 49
10 51
40 15
83 83
70 3
34 100
43 95
39 22
79 82
73 44
33 23
61 98
64 66
62 85
64 91
61 3
11 19
36 18
79 98
91 57
22 88
37 1
47 60
98 18
5 99
70 93
27 73
63 91
46 8
54 93
50 54
99 62

100 150
62 20
90 100
58 39
79 62
81 13
70 72
42 39
7 65
71 71
89 36
73 97
94 77
57 2
78 16
74 2
44 4
76 36
29 57
78 91
30 46
64 62
85 6
39 61
30 57
35 99
60 13
56 74
76 35
2 92
62 92
82 37
36 49
31 84
70 78
91 43
55 80
17 22
37 62
47 30
95 63
2 80
7 94
75 46
98 97
47 50
36 31
71 17
64 72
93 92
52 4
74 42
36 2
86 43
33 99
66 72
3 40
56 2
20 22
53 98
21 65
29 37
30 31
90 68
26 87
53 15
97 6
53 82
14 45
41 63
40 44
67 92
79 87
66 87
54 36
63 5
51 71
2 94
81 66
74 24
29 35
60 27
17 76
4 69
72 78
45 73
6 24
99 72
64 86
25 70
17 13
37 58
93 38
44 59
63 11
79 23
74 44
93 2
95 84
23 79
63 24
31 46
73 58
29 45
69 7
52 20
15 98
37 45
30 81
16 15
40 32
100 17
41 11
48 6
62 45
71 100
87 62
58 9
65 99
34 56
79 40
71 96
23 2
73 65
43 25
88 60
45 100
20 78
68 13
100 85
42 6
32 34
11 24
83 44
43 11
78 83
29 79
73 92
22 81
20 17
98 53
79 21
30 9
35 91
6 32
50 42
28 8
92 84
88 61
44 11
48 91

100 150
95 39
11 57
11 6
59 91
67 45
7 50
33 52
21 56
54 63
90 39
98 65
70 12
46 46
67 94
69 95
75 16
23 80
73 97
19 95
1 17
90 24
24 96
68 92
31 39
42 76
26 3
90 64
90 28
44 52
79 45
99 73
54 13
80 66
68 39
71 35
5 60
3 91
22 32
9 10
7 51
27 60
97 77
74 76
47 21
70 73
61 59
71 44
82 3
81 6
40 17
84 1
62 55
82 90
16 29
91 57
42 97
49 67
70 94
11 48
52 70
48 56
22 18
34 27
90 78
6 97
49 88
64 16
59 15
48 94
56 91
9 51
92 43
10 19
69 37
38 93
68 38
58 66
18 33
83 36
41 84
29 18
60 61
23 31
31 22
48 43
58 95
69 80
82 44
29 11
82 67
99 68
8 39
87 54
86 40
1 51
55 53
14 59
36 83
36 61
100 69
19 3
1 66
77 98
31 79
14 58
19 81
81 35
59 35
37 3
100 84
82 11
52 97
31 50
18 62
20 85
63 17
52 25
62 82
77 12
87 5
36 48
58 87
41 44
88 68
87 36
62 97
71 70
63 49
71 87
75 51
36 46
30 41
99 56
73 97
44 81
32 81
44 33
78 55
19 41
100 70
32 99
87 19
52 99
11 73
70 97
11 9
1 40
48 15
71 99
21 17

100 150
41 31
2 66
73 25
9 32
5 57
11 47
39 48
33 41
95 83
27 89
84 42
15 98
76 17
25 55
71 21
54 63
99 93
54 18
27 37
59 28
72 32
76 90
55 29
73 88
82 44
73 61
91 98
20 29
23 5
56 88
84 31
16 19
54 21
46 11
21 58
12 49
74 41
28 49
81 38
69 23
65 83
6 11
11 7
12 84
43 70
6 5
6 87
71 18
90 27
47 89
97 70
80 29
24 92
52 84
100 52
70 98
64 58
71 18
18 46
89 18
8 40
24 59
79 12
21 45
7 82
21 17
24 43
69 82
90 73
12 9
18 50
58 70
89 62
44 30
18 21
79 47
17 98
21 71
92 92
1 24
65 52
98 86
77 60
88 66
53 71
71 20
34 82
20 24
68 14
96 35
71 97
83 19
14 86
43 80
45 89
53 3
9 15
30 14
56 77
31 33
42 6
99 95
46 85
25 55
88 16
78 48
74 6
73 52
12 54
50 82
100 33
19 68
93 7
21 23
43 15
62 85
4 49
55 68
84 56
67 90
4 82
54 67
49 80
48 33
30 10
53 53
59 80
75 52
6 58
34 51
76 68
24 66
10 43
100 4
21 24
54 26
39 79
81 97
55 83
75 24
76 3
78 43
3 100
61 43
18 91
15 2
94 81
4 96
80 48
81 41

100 150
95 45
30 78
5 40
30 88
25 50
3 13
27 96
26 75
49 25
64 7
3 11
9 65
58 2
75 48
22 14
20 6
5 46
70 83
23 19
38 35
55 29
97 34
13 59
99 29
22 29
15 28
13 86
76 33
77 59
17 41
85 15
66 2
39 38
69 88
8 36
38 60
50 77
6 18
57 18
10 32
17 30
87 83
58 80
26 6
69 9
77 73
66 57
5 43
74 14
95 97
60 8
77 45
75 44
83 87
30 38
81 33
55 31
87 77
41 96
10 88
79 81
52 79
75 36
7 67
16 98
9 98
85 78
9 99
34 17
4 92
85 100
76 46
88 63
3 19
45 49
67 66
1 91
86 70
26 44
86 77
50 67
15 95
4 79
6 84
41 36
94 42
59 68
4 68
26 51
4 21
44 50
1 75
30 7
80 69
77 91
43 71
75 51
49 79
51 32
10 4
69 26
87 17
73 94
28 25
85 19
35 73
60 99
82 45
85 98
29 56
13 100
42 22
1 65
22 19
75 11
33 42
75 90
66 51
38 50
86 17
13 49
28 94
32 3
82 53
49 4
76 42
56 58
68 86
74 10
80 79
58 56
49 27
9 22
18 68
37 44
27 45
64 53
87 8
45 84
33 12
51 62
38 93
82 92
8 2
46 41
33 72
79 5
23 100
13 82
43 83

100 150
66 98
37 22
5 94
35 99
9 31
64 41
13 26
24 93
12 69
100 86
93 72
12 68
39 81
3 51
23 86
90 10
72 21
25 20
26 76
87 75
76 9
18 5
35 28
90 57
92 23
76 25
51 11
73 66
86 73
44 3
35 93
80 50
92 23
54 27
55 83
69 65
63 2
95 87
97 60
100 9
18 53
45 3
88 35
54 71
35 45
17 28
44 83
10 25
62 67
75 58
91 67
35 86
25 76
28 18
41 20
75 31
99 62
27 16
90 44
62 1
91 47
15 22
62 31
27 84
82 60
4 33
75 57
38 16
8 3
49 27
30 76
54 67
91 85
65 6
45 60
41 18
44 58
29 23
25 22
61 5
45 80
27 21
64 95
77 70
52 43
47 61
23 46
91 86
99 99
19 36
44 2
88 88
11 6
62 70
13 10
78 7
24 36
40 32
44 89
54 78
5 95
77 3
49 10
77 26
98 79
58 44
92 57
90 27
61 66
34 6
41 12
20 61
75 72
29 60
8 14
83 29
69 51
36 63
47 57
71 68
19 96
94 35
75 89
59 38
7 32
36 7
53 77
58 41
79 86
93 25
41 76
50 92
12 93
6 78
67 18
38 88
44 40
42 80
70 23
41 96
79 97
65 87
61 3
11 72
59 85
26 24
70 20
1 62
93 31
60 25

100 150
10 75
74 48
43 36
88 42
19 83
95 76
52 80
45 93
20 96
53 20
24 85
23 14
94 71
45 27
98 27
4 95
67 12
34 21
8 91
69 37
21 100
60 43
44 62
39 97
79 79
64 49
18 8
28 35
24 85
97 41
66 95
62 82
70 45
85 70
15 57
14 5
39 6
75 86
38 95
31 62
80 76
32 86
39 47
100 93
18 75
51 7
21 81
62 26
14 11
86 41
38 82
90 58
61 25
16 64
70 24
38 64
34 44
74 38
96 30
24 71
53 5
81 73
50 100
24 28
46 39
5 2
2 31
46 57
1 41
81 6
100 16
11 100
11 95
23 93
60 76
48 97
78 66
70 29
21 76
74 23
91 29
3 88
26 32
18 7
16 20
73 93
42 46
91 28
85 55
5 65
21 14
56 22
78 48
62 37
95 3
65 79
98 50
9 61
63 63
89 54
69 55
23 52
83 31
69 9
12 32
74 53
8 77
26 4
8 90
2 81
22 1
32 41
90 17
13 75
42 35
26 88
83 35
7 86
66 3
100 69
50 4
70 58
29 97
33 81
27 3
53 11
81 1
15 75
75 47
81 49
30 84
40 93
34 70
87 75
5 99
97 40
72 17
15 90
28 91
46 59
80 16
99 5
3 64
13 93
100 86
23 88
51 85
11 97
69 83
84 64

100 150
89 6
7 87
61 46
79 73
21 73
31 25
59 94
1 14
88 27
42 17
24 53
6 87
34 32
44 29
64 13
58 45
85 31
14 23
96 21
81 33
11 1
13 78
57 100
73 19
19 80
56 10
55 10
21 88
38 78
81 19
9 78
71 43
78 21
20 41
48 4
71 37
46 7
5 15
1 89
29 61
54 30
74 33
19 5
20 59
100 46
17 72
47 31
26 20
60 96
38 29
47 87
88 5
25 18
10 64
18 76
79 82
74 15
31 33
88 7
61 21
74 94
61 79
55 45
38 68
54 79
9 14
63 76
59 77
97 43
89 19
81 67
65 7
1 89
26 10
78 97
64 92
95 48
24 81
64 19
24 71
50 11
17 11
100 37
77 20
17 58
43 39
52 17
77 33
36 49
88 83
28 78
56 4
73 58
38 64
14 27
33 25
63 22
22 6
90 80
16 62
61 86
44 26
88 70
42 96
42 90
100 73
44 31
78 41
81 52
76 47
23 54
85 34
27 64
28 76
99 23
39 28
59 88
7 26
53 57
48 49
9 11
99 11
68 77
84 42
64 1
15 38
30 42
48 99
39 100
61 84
95 52
88 12
50 68
27 64
28 5
40 30
15 68
56 47
30 49
6 51
2 77
18 47
78 36
94 44
88 42
67 82
23 57
47 91
37 1
93 44

100 150
19 37
28 66
76 33
1 5
8 47
46 16
49 22
79 86
91 19
73 82
42 69
94 41
79 68
81 87
92 68
55 87
51 13
77 75
23 9
12 23
2 79
41 7
42 49
32 88
91 12
50 50
74 86
93 28
18 37
61 59
98 33
97 53
9 38
5 90
94 88
22 12
69 82
78 12
30 4
97 79
76 45
16 18
77 31
10 61
13 28
22 65
41 94
21 100
3 22
80 67
16 93
28 100
14 57
46 48
78 80
55 28
64 79
78 88
15 44
7 43
96 99
10 4
31 52
26 97
77 69
34 23
37 80
78 92
84 31
58 80
32 27
67 96
99 86
46 9
97 45
6 39
54 7
23 65
21 76
3 84
1 90
73 9
49 25
35 87
59 82
100 59
27 1
51 42
30 33
34 36
10 27
67 51
56 40
99 88
77 63
98 43
2 37
7 86
40 69
8 82
89 91
7 14
47 47
7 60
28 11
95 94
78 66
2 10
23 30
79 58
56 17
34 96
90 5
67 14
62 36
39 100
27 14
80 86
3 44
42 13
48 35
77 68
15 76
74 80
85 91
14 37
47 48
89 42
39 29
13 11
31 33
57 60
35 43
91 60
76 97
16 41
16 21
73 6
51 40
73 36
82 11
99 54
13 44
90 43
69 15
90 69
37 42
25 60
94 48
12 56

100 150
35 68
61 57
28 27
7 70
38 87
52 6
90 54
85 8
36 36
13 44
41 58
77 34
37 67
91 86
56 71
32 85
89 3
8 49
59 86
17 62
17 12
96 60
51 39
57 10
80 34
73 76
76 85
26 48
9 80
2 10
89 37
50 50
46 20
98 31
78 53
94 78
55 57
35 76
63 78
50 56
60 98
31 30
83 19
4 39
75 32
29 21
2 25
6 66
35 55
70 26
89 14
65 71
8 83
17 2
29 13
27 19
7 11
36 71
83 68
8 23
12 95
63 91
46 1
24 78
23 77
84 71
16 23
47 18
6 12
46 89
17 63
32 42
87 5
62 14
35 35
35 90
11 75
34 4
64 1
53 55
78 84
78 39
2 36
29 17
53 67
93 72
2 5
4 27
81 69
57 46
19 51
30 64
75 7
34 79
43 80
4 32
15 49
34 22
14 18
71 24
15 86
35 78
97 75
52 76
24 44
6 77
48 6
19 48
41 19
35 39
38 36
51 66
76 70
41 22
63 30
63 39
43 56
38 40
87 39
61 31
88 39
95 24
71 23
5 21
13 83
7 33
68 87
13 90
30 84
92 83
2 24
100 40
93 20
76 12
36 50
99 38
6 96
43 94
5 50
14 76
91 18
52 98
20 33
57 32
80 68
74 84
87 30
42 41
11 13
75 71

100 150
81 69
53 51
90 92
60 64
78 37
38 61
9 41
37 90
85 21
76 1
42 31
36 36
30 72
80 1
74 54
41 42
76 32
14 41
13 10
68 74
66 61
29 43
87 4
48 60
60 52
62 49
82 57
31 99
27 90
61 9
42 22
7 16
68 55
81 41
65 50
78 87
2 83
80 41
21 24
99 54
42 35
22 100
1 68
78 48
35 57
85 63
87 99
55 33
44 38
7 19
64 36
37 78
68 41
67 73
88 27
53 41
64 14
92 92
31 95
22 38
60 25
37 31
65 41
64 40
3 4
29 21
65 29
32 62
58 65
93 7
77 73
99 28
46 92
29 95
37 58
78 8
38 37
92 24
96 92
17 76
20 29
65 35
59 63
17 31
31 71
65 61
40 32
90 72
84 22
31 49
64 23
66 1
49 58
42 68
99 61
11 24
49 83
50 95
98 97
53 11
65 91
3 69
16 62
46 60
86 74
99 57
17 48
87 8
11 17
21 61
49 42
27 9
83 100
27 41
81 52
10 66
43 1
22 89
10 48
50 93
90 1
11 69
7 26
69 72
72 86
64 72
58 87
72 94
49 16
92 80
34 3
47 67
2 58
68 82
38 17
28 31
78 84
93 66
25 83
19 46
64 6
7 92
93 17
43 28
81 63
75 27
44 83
71 10
91 1
89 20

100 150
4 73
64 38
81 80
85 81
55 100
39 77
55 25
64 57
57 76
20 5
72 3
20 90
26 14
70 70
75 42
98 54
100 6
51 73
46 82
93 48
55 9
73 31
60 81
68 41
9 64
97 5
61 40
50 9
17 5
28 6
97 50
87 86
64 17
6 33
24 44
89 21
66 2
18 42
42 25
73 52
11 13
39 66
76 19
82 18
87 98
18 21
90 48
24 29
42 13
89 84
44 35
46 8
69 61
5 6
62 89
37 89
51 58
32 33
94 38
14 50
63 39
71 65
56 9
95 91
22 84
98 43
16 16
91 6
89 100
31 89
1 6
27 42
22 73
7 55
83 45
18 43
87 36
53 9
39 52
89 30
54 46
5 99
56 8
56 90
75 25
4 80
75 61
62 30
28 20
63 80
36 56
53 100
82 9
94 19
13 53
77 18
55 58
62 1
75 20
21 78
38 82
7 22
18 52
52 60
50 19
36 93
69 51
95 94
15 1
56 49
46 45
36 52
73 34
70 72
29 82
51 37
91 59
33 27
9 32
32 19
89 60
76 50
18 7
80 48
63 49
77 56
99 84
42 75
38 29
47 95
32 7
11 16
39 48
99 43
90 37
46 85
33 92
5 91
75 39
96 38
38 82
7 20
27 5
80 27
94 58
48 4
10 35
18 21
60 15
57 29

100 150
27 71
80 9
63 32
18 70
18 23
24 66
11 99
62 31
80 60
89 67
85 7
34 49
55 58
36 72
29 41
23 45
29 12
77 73
91 21
7 75
55 84
25 16
58 47
44 13
90 5
31 72
40 83
28 29
65 16
55 78
44 37
84 75
56 69
16 96
57 19
17 6
31 35
23 1
74 49
73 36
84 9
60 94
44 1
89 95
1 84
100 100
19 6
70 84
38 78
9 72
76 40
85 53
18 73
64 18
42 21
9 79
5 75
33 40
78 97
72 35
30 94
12 53
72 69
19 55
72 63
69 78
30 65
17 34
20 39
8 93
85 66
98 30
48 25
74 94
46 60
86 46
99 54
14 97
41 6
38 74
98 34
10 57
68 97
94 14
28 6
47 87
38 4
91 87
3 9
1 39
22 29
86 98
63 100
97 90
79 83
16 92
70 50
97 40
58 76
45 27
47 48
39 58
28 6
81 49
7 89
22 3
57 59
61 46
55 25
23 2
71 99
63 6
30 58
15 80
76 66
65 96
97 4
72 3
43 70
50 93
14 55
60 40
71 63
41 62
48 98
59 46
6 66
69 27
83 95
52 7
36 60
66 38
72 52
20 68
44 39
93 38
84 100
65 28
99 95
14 45
15 48
61 36
57 65
18 92
60 34
39 84
40 54
20 38
40 85
22 83

100 150
49 61
41 50
27 100
24 87
36 91
41 97
63 26
7 31
3 86
28 54
45 23
81 10
85 14
100 20
52 82
11 62
22 18
19 19
14 74
31 37
25 90
38 97
51 36
52 74
40 29
46 38
26 64
15 51
54 17
45 31
57 91
94 89
48 21
39 41
23 35
17 88
3 47
7 33
76 96
90 11
19 96
44 85
97 16
60 72
15 43
91 14
33 95
48 72
83 61
52 10
72 57
36 58
71 80
27 5
8 96
26 59
49 29
95 71
6 26
81 31
75 35
46 85
14 78
82 53
23 71
43 61
20 98
19 55
44 25
83 68
61 23
26 91
64 19
16 63
75 50
87 46
42 88
49 75
85 63
99 81
36 91
81 69
26 80
9 25
22 71
18 98
25 96
55 68
74 45
88 93
84 90
41 73
5 76
71 79
64 49
95 20
68 47
65 87
37 80
90 30
26 14
89 42
17 59
20 65
89 33
35 48
80 78
64 96
55 39
19 14
27 2
16 63
34 20
76 36
11 62
42 80
35 40
75 7
42 11
55 31
58 27
58 66
35 49
54 88
43 49
58 80
24 94
40 83
8 17
73 7
75 8
63 16
51 67
26 16
73 98
42 44
96 44
11 30
37 29
80 23
66 3
49 10
54 55
20 96
69 69
72 1
73 33
36 72
53 75
18 26

100 150
3 58
26 49
77 76
49 24
38 99
90 33
95 8
36 24
86 91
83 73
58 46
63 56
22 25
85 69
13 70
4 11
76 43
13 89
44 54
97 23
55 23
34 98
89 9
7 42
24 53
95 27
80 89
44 92
92 74
21 71
23 76
30 57
76 63
13 99
8 13
40 53
33 22
21 65
78 5
3 91
15 5
10 31
67 47
71 10
19 74
54 92
12 83
78 83
60 60
57 41
16 63
12 92
72 70
75 78
16 49
30 6
9 57
35 91
57 53
65 6
42 33
30 82
5 28
64 39
71 45
80 100
50 11
15 58
42 10
45 70
62 75
23 17
87 79
46 24
1 56
67 48
64 98
56 8
81 92
6 65
86 56
79 37
70 93
8 43
96 50
66 31
15 18
100 74
65 88
23 14
66 65
72 18
7 52
41 40
6 64
46 98
41 33
41 48
88 87
64 56
65 61
15 88
15 30
71 21
94 61
70 96
9 33
25 97
28 19
25 7
32 93
35 90
9 1
63 7
60 62
6 92
70 8
38 23
9 38
91 28
24 89
72 86
70 38
24 70
36 70
8 38
50 14
31 75
100 30
63 80
65 8
56 89
3 96
95 39
64 25
39 69
17 97
4 82
70 27
27 59
25 6
86 15
21 70
66 100
14 96
74 12
53 45
45 71
79 79
67 47

100 150
63 16
38 72
23 16
55 76
98 87
45 87
64 61
18 55
22 49
72 39
27 41
86 21
70 16
6 16
25 81
84 65
89 38
88 74
53 10
65 38
41 60
7 67
34 89
58 35
72 4
36 81
44 37
39 66
90 11
52 93
61 38
90 95
17 96
24 71
88 49
78 10
47 99
40 59
19 59
52 60
37 94
66 19
11 8
72 22
64 11
52 92
16 29
63 56
58 26
97 83
77 71
13 27
11 88
6 44
90 70
25 68
95 14
26 27
95 35
49 52
25 54
7 12
99 11
94 98
59 74
73 29
98 59
15 72
94 13
67 47
46 86
15 100
90 55
3 15
86 12
6 1
75 97
19 37
13 30
43 23
66 55
8 91
93 68
43 45
45 85
18 4
90 89
53 75
26 54
100 44
100 85
75 35
21 66
82 82
97 32
97 53
4 50
28 58
27 46
84 93
19 51
74 73
45 90
26 46
48 69
64 13
7 7
63 25
73 59
77 79
23 53
52 94
47 2
1 92
91 1
11 97
64 43
28 95
16 47
84 49
40 42
19 15
67 99
45 48
45 74
93 51
36 40
76 31
90 73
35 92
52 64
92 45
25 64
64 6
20 6
33 58
62 86
53 54
36 95
85 65
73 27
79 60
70 60
61 58
58 80
10 90
91 37
99 70
25 35
38 37

100 150
44 29
14 99
64 5
97 44
78 55
79 52
3 86
15 12
90 70
57 38
85 82
12 4
21 91
96 65
70 83
84 1
8 53
40 91
45 12
89 91
15 36
13 71
21 15
38 76
96 22
9 58
67 39
85 57
85 95
97 52
11 78
49 32
65 65
64 44
41 11
61 96
48 96
39 86
52 75
51 38
11 19
98 7
42 22
92 35
19 67
82 97
85 4
86 21
99 85
42 5
46 18
66 27
88 65
44 20
95 64
73 30
55 85
95 97
65 34
41 90
23 48
28 57
100 33
1 55
69 82
2 2
78 20
15 45
79 72
35 79
47 40
98 1
71 27
80 45
79 90
8 24
31 92
85 64
95 15
65 21
41 33
35 33
61 63
48 14
54 92
41 78
63 88
61 92
59 74
14 9
15 100
62 85
88 73
15 11
38 100
92 90
56 82
79 58
69 77
89 28
89 75
25 69
55 45
9 77
43 10
83 41
12 82
28 43
50 68
40 95
83 97
50 26
63 24
2 43
34 55
3 4
72 28
70 43
44 25
75 15
99 38
59 19
87 48
90 19
78 27
45 51
63 22
20 26
1 7
5 74
32 36
4 58
21 24
100 20
29 85
5 30
83 61
43 69
91 41
98 91
28 46
64 71
43 42
86 53
59 58
55 63
16 80
19 5
62 20
71 62

100 150
37 67
40 85
56 37
5 32
5 70
16 85
71 36
56 1
11 16
18 13
42 64
29 89
7 52
64 90
28 55
65 63
83 1
66 81
44 28
59 88
18 49
43 94
97 84
72 39
6 83
60 57
13 10
71 75
29 94
95 24
99 83
36 30
94 85
41 97
7 7
82 37
34 94
35 62
69 40
20 76
50 22
34 45
24 91
66 74
67 61
100 65
38 33
19 74
98 77
51 7
28 94
90 17
12 75
69 80
77 1
30 75
22 41
65 38
100 95
57 63
26 2
46 36
42 24
36 6
45 100
33 10
56 97
91 49
67 34
42 84
69 49
58 85
30 100
46 53
63 2
90 43
79 72
41 60
76 75
78 71
93 42
9 80
7 54
84 39
43 22
61 72
93 58
43 28
82 70
18 7
35 44
41 61
55 24
49 38
87 34
65 78
85 88
9 8
95 58
63 11
9 43
52 66
100 8
92 10
97 48
68 33
79 27
74 73
99 91
9 2
62 66
70 68
91 32
27 2
14 24
86 24
55 94
92 47
48 94
81 24
64 43
65 43
16 34
79 31
10 93
61 37
24 45
42 11
40 7
48 96
52 65
89 85
35 21
91 32
93 55
27 20
2 93
6 75
35 87
45 11
67 22
44 43
5 3
75 91
20 38
73 100
20 12
31 80
59 92
10 66

100 150
9 41
94 23
28 21
73 22
98 27
78 12
68 47
66 77
59 24
100 69
2 14
55 39
49 74
57 89
44 67
47 18
54 73
23 38
7 76
79 52
91 92
70 8
62 37
92 99
47 17
6 69
36 57
36 57
47 10
57 21
46 44
72 90
8 29
58 38
81 85
97 76
72 63
25 99
53 56
62 23
80 50
50 69
59 75
5 83
92 55
48 38
24 12
60 87
87 56
73 22
78 86
98 40
2 88
99 9
83 80
86 79
70 32
98 16
94 32
1 16
94 97
90 17
33 17
20 91
21 45
97 41
79 86
9 46
78 65
89 80
9 30
75 100
88 56
9 62
12 23
54 58
93 76
84 79
14 24
100 78
82 77
61 70
6 98
10 52
2 38
73 25
98 36
90 2
28 42
19 55
76 80
61 98
20 22
86 55
53 91
61 61
85 66
74 1
14 65
73 72
46 20
6 95
78 68
21 46
56 49
55 20
78 76
16 47
54 42
11 40
9 65
75 96
17 64
40 39
4 91
35 41
100 55
44 89
40 94
88 25
35 79
6 15
66 84
58 36
34 4
84 35
40 1
100 92
4 86
66 10
61 63
97 12
70 71
27 15
41 49
2 40
85 37
12 6
34 64
64 67
34 31
66 66
46 92
49 22
43 100
43 26
45 31
47 52
22 84
10 1

100 150
81 61
28 90
56 53
33 16
46 33
29 86
54 39
82 25
39 10
48 61
48 37
79 6
5 17
5 29
59 24
50 11
18 63
66 25
94 82
94 86
78 50
27 88
87 80
84 85
34 86
60 69
4 69
11 34
46 19
39 16
71 62
29 7
87 78
80 91
62 52
58 88
82 13
54 33
71 7
53 16
93 98
86 99
13 40
3 60
92 13
59 43
10 3
77 100
71 87
43 70
99 47
90 63
18 68
42 29
75 49
49 4
5 3
53 97
24 5
20 81
82 23
3 45
42 32
68 26
83 5
88 75
18 76
78 97
80 38
48 55
31 67
48 13
100 74
77 93
83 96
21 45
18 35
45 77
45 34
79 79
96 14
15 4
73 44
19 95
40 76
34 14
40 65
75 64
10 90
18 58
69 67
22 34
95 47
1 20
66 6
46 76
83 68
80 67
59 17
94 3
65 59
82 34
60 46
44 2
9 82
91 47
47 97
31 19
1 84
20 70
23 38
14 64
5 54
75 3
50 74
54 42
61 67
22 31
36 65
66 34
13 29
82 10
75 3
57 90
97 92
76 21
82 37
89 94
81 41
10 74
76 82
71 59
31 79
67 93
94 24
20 27
87 77
74 19
32 23
20 42
2 52
49 14
95 73
53 14
37 34
85 91
87 70
69 9
59 19
89 13

100 150
57 87
12 80
97 2
77 17
24 65
41 28
91 9
88 88
85 36
72 53
27 44
30 82
48 79
22 48
77 1
70 51
52 36
40 45
74 56
4 47
73 37
41 4
72 26
73 92
72 12
99 25
26 15
32 76
39 15
6 64
17 99
64 35
9 45
87 53
58 54
51 6
40 40
87 45
75 91
66 86
92 80
67 41
69 59
3 24
18 84
41 25
24 13
51 95
38 90
88 15
11 100
35 41
51 73
69 17
96 87
67 90
12 51
2 27
2 61
76 52
6 66
22 53
15 71
40 95
41 30
1 61
53 50
20 81
89 97
91 94
42 43
35 18
21 93
84 98
64 21
20 13
46 71
22 65
62 13
70 62
27 37
98 57
70 70
32 100
22 34
61 14
92 95
21 23
83 37
95 26
53 30
76 59
18 5
94 68
16 95
97 16
44 48
1 95
4 79
49 17
62 38
44 77
39 38
63 52
11 17
45 66
60 92
98 93
68 61
98 41
21 36
66 75
80 99
83 65
61 73
62 26
70 93
98 38
30 83
69 54
60 100
37 32
6 75
30 54
85 7
10 4
42 22
72 99
42 53
75 68
66 72
29 88
79 72
3 98
7 8
8 42
83 33
83 24
89 21
27 70
58 9
72 87
24 37
83 21
59 74
2 91
70 28
78 22
5 48
93 29

100 150
5 28
77 40
84 57
88 78
38 1
66 72
96 24
60 79
46 31
59 44
80 4
78 14
32 35
84 7
65 84
99 56
39 60
45 67
74 5
62 18
96 36
24 20
74 47
67 13
55 68
26 83
19 60
31 53
80 73
51 18
17 92
87 74
85 97
45 17
51 7
93 67
32 30
29 22
69 19
35 91
24 97
56 72
16 29
4 58
35 14
7 12
44 97
2 81
13 89
23 50
23 32
14 28
78 99
66 33
3 61
67 99
2 54
32 92
6 71
49 89
94 25
11 89
49 1
46 33
97 66
29 18
38 50
24 20
10 33
40 40
3 24
68 94
24 72
59 24
53 91
31 46
18 18
47 6
7 33
31 39
9 10
40 27
82 16
55 74
26 16
79 47
77 48
79 28
19 71
57 35
46 57
63 8
90 93
32 39
18 95
73 56
86 23
84 2
53 33
34 68
26 27
73 80
87 86
82 12
33 55
74 37
25 44
22 51
80 80
23 27
21 21
48 5
86 43
78 92
31 39
90 31
88 29
96 10
41 72
83 57
51 37
34 27
73 44
68 12
84 84
57 85
40 71
76 5
99 93
12 62
87 63
50 20
5 3
89 74
46 47
84 61
51 67
13 28
99 78
25 90
42 77
43 51
75 36
50 55
44 41
82 1
47 4
73 82
27 47
24 43

100 150
93 26
80 89
26 91
19 17
86 2
42 56
54 2
27 93
12 66
30 43
49 11
26 77
49 42
69 86
58 82
98 43
9 95
18 41
70 45
93 37
94 34
42 34
66 96
51 32
82 13
29 8
80 77
72 51
21 99
38 54
86 73
24 28
47 25
3 80
2 57
32 74
46 37
93 68
35 14
45 84
47 100
46 35
8 98
69 4
84 37
12 58
93 59
49 6
8 48
36 7
24 76
63 81
2 98
10 51
57 7
21 87
57 67
75 64
12 61
60 24
67 42
22 58
40 68
93 4
19 46
20 69
63 64
57 63
67 51
49 52
89 83
70 20
61 99
62 52
13 74
35 80
29 39
49 27
27 73
94 73
38 93
21 34
76 32
46 41
42 77
4 57
37 48
14 53
25 71
90 91
9 77
53 66
9 59
58 32
75 34
58 55
85 1
89 51
11 78
55 48
22 56
91 23
25 98
65 71
3 65
63 5
31 6
84 31
44 8
1 42
30 93
58 79
1 89
37 57
14 72
97 6
67 7
55 59
80 20
87 19
33 81
5 46
44 46
35 91
60 79
10 31
45 2
95 62
62 70
93 23
64 35
43 36
5 55
93 98
18 59
78 11
88 66
64 1
19 96
94 9
97 29
43 82
30 87
24 26
11 87
92 20
76 51
70 41
95 84
69 64

100 150
13 54
65 1
61 39
34 44
78 25
59 28
69 82
86 69
35 65
21 89
35 82
93 85
87 80
60 4
55 87
13 34
79 27
49 8
84 92
27 11
41 41
97 85
95 86
4 64
100 65
18 3
63 46
41 16
52 60
46 36
21 33
82 40
11 36
13 33
46 27
27 75
13 52
28 89
44 55
25 26
6 67
6 78
20 88
19 51
86 78
84 46
48 26
100 20
34 56
77 73
1 70
40 68
88 59
54 47
92 68
39 76
41 16
4 78
77 51
95 44
79 32
52 44
100 1
73 64
44 51
20 29
49 1
7 60
83 23
68 5
18 21
35 18
1 15
17 45
17 16
40 73
4 22
57 74
90 36
79 28
46 97
72 59
58 41
92 4
8 16
35 8
50 67
96 97
83 66
94 66
92 46
93 87
100 14
23 43
25 42
26 59
23 44
13 35
75 5
30 58
9 55
87 15
82 81
2 75
28 39
91 17
91 38
29 72
43 19
4 87
81 68
65 62
38 90
2 88
100 98
16 37
86 47
11 49
21 6
37 17
97 10
46 39
68 39
82 20
5 22
88 47
29 29
16 40
75 83
31 35
63 5
24 96
96 76
49 3
42 57
47 40
81 79
11 97
64 14
53 87
24 83
89 57
73 32
16 46
23 66
31 23
97 19
11 38
45 83
91 59

100 150
67 32
28 20
51 59
98 4
97 65
13 84
84 36
23 69
34 41
31 71
43 45
67 73
17 9
88 30
24 28
50 66
46 63
50 38
18 11
94 95
12 96
8 32
53 63
1 3
15 16
87 30
81 99
36 71
22 69
1 15
48 73
33 72
42 52
100 66
43 27
58 81
52 73
25 98
40 11
39 60
30 68
18 52
3 50
40 63
20 16
3 23
100 93
99 48
49 63
1 26
12 36
15 64
60 53
92 68
100 78
94 83
40 27
19 54
6 42
77 90
7 80
77 47
55 66
29 86
87 50
3 64
17 93
95 99
57 95
27 10
37 9
74 47
98 28
42 21
89 8
23 45
28 30
2 75
3 30
35 76
60 22
8 86
28 86
88 2
34 9
13 32
16 66
45 54
47 33
91 66
73 19
18 27
73 84
57 81
53 45
41 28
52 74
41 46
27 67
61 71
14 10
23 69
13 11
56 88
94 1
64 61
30 99
39 80
64 15
70 63
36 67
26 4
92 78
53 16
33 5
24 23
100 33
43 26
38 40
39 8
59 69
59 1
7 40
8 13
21 57
97 2
100 26
57 17
30 51
65 97
43 22
86 47
13 31
57 93
89 43
94 77
42 25
81 10
73 38
48 91
49 100
15 90
14 56
90 78
21 36
6 78
53 22
30 57
56 4
23 17

100 150
12 19
95 1
71 100
77 4
82 84
79 17
28 39
94 53
95 28
9 8
57 75
17 79
90 29
80 11
11 99
91 23
31 47
57 23
29 32
98 72
41 47
57 13
50 50
56 63
6 30
20 90
3 70
21 89
30 66
74 64
60 4
31 59
73 72
80 10
86 99
38 93
87 36
6 86
45 83
34 86
38 17
78 7
88 49
24 13
55 10
37 39
89 34
8 3
91 98
69 35
52 4
92 78
18 64
63 33
81 27
74 85
13 22
60 83
43 78
42 78
70 16
60 14
22 40
97 88
80 38
75 38
41 35
56 32
86 91
7 82
47 54
63 56
78 29
1 83
7 86
73 25
24 41
17 11
77 77
23 67
35 44
69 90
17 93
55 84
34 27
83 84
17 60
73 21
77 58
17 87
75 64
30 21
11 45
31 100
12 54
66 60
61 40
64 81
48 51
66 38
72 43
56 42
36 29
95 93
30 18
77 71
93 76
20 90
3 25
99 29
66 31
24 24
27 35
15 96
12 43
24 89
16 32
62 38
59 13
23 70
59 62
56 81
8 8
13 67
29 70
20 32
71 87
47 58
82 2
39 89
60 97
90 92
12 20
96 60
40 69
16 20
94 11
79 81
52 64
16 86
85 96
69 77
37 24
26 39
83 28
68 6
8 5
19 100
94 15
27 62

100 150
2 49
57 100
81 59
40 70
45 77
67 94
62 25
27 48
51 25
91 99
40 70
31 21
52 44
70 20
17 41
58 66
93 74
63 45
14 92
64 48
70 85
79 76
26 78
12 55
44 60
96 4
96 34
100 54
77 43
61 82
87 40
92 23
61 17
12 25
70 81
98 20
40 67
73 94
89 98
11 20
12 35
69 98
14 47
35 46
81 58
43 42
13 22
30 96
64 100
52 38
40 36
29 46
6 17
5 40
60 52
2 92
55 55
66 9
83 43
69 26
13 77
86 61
48 58
84 75
75 77
2 61
19 21
88 13
15 30
82 5
74 42
13 92
93 67
82 36
88 91
57 41
50 3
83 1
27 40
87 9
98 40
77 61
48 49
80 9
83 48
20 73
98 45
7 16
36 25
51 60
68 32
82 82
65 34
64 82
38 59
50 27
53 94
22 5
82 40
95 51
62 63
80 49
68 97
78 46
33 37
41 83
48 64
6 78
24 15
90 61
99 7
54 12
19 24
93 98
11 98
70 35
11 64
34 100
98 72
20 63
18 94
17 63
32 61
76 14
27 30
5 2
36 83
31 57
66 4
15 90
41 19
83 9
39 12
19 80
92 16
40 6
88 13
51 68
88 43
89 91
65 16
66 72
56 52
55 34
48 73
83 78
7 68
96 72
75 100
86 100

100 150
75 66
6 97
23 96
87 71
11 93
71 72
45 50
55 62
36 76
37 35
77 78
90 39
64 41
5 19
4 83
57 63
33 80
77 61
66 54
54 100
37 2
75 72
51 92
15 1
74 100
34 64
77 78
55 65
54 97
98 3
1 79
38 60
96 33
2 84
78 31
14 88
58 81
98 14
87 53
57 45
58 87
1 97
6 69
41 20
2 80
19 99
74 29
14 38
30 69
88 73
91 85
92 30
86 83
63 32
99 88
55 97
41 91
95 38
73 24
48 9
8 60
84 3
1 24
64 50
25 67
50 89
24 52
78 47
18 16
54 14
70 66
60 70
49 62
53 33
35 45
38 53
70 67
85 24
56 38
13 55
54 31
98 5
14 73
42 21
6 98
72 78
94 6
37 10
24 2
34 9
80 63
85 9
96 10
69 23
67 1
17 15
22 53
84 15
28 2
57 20
77 57
1 79
86 70
13 78
79 75
79 52
80 5
12 72
58 21
2 6
32 41
70 75
86 38
93 87
3 6
43 25
61 85
58 72
38 91
5 14
82 14
82 12
89 85
5 93
78 51
86 15
34 52
41 21
85 34
19 8
37 51
100 18
72 53
15 5
39 43
29 58
1 85
34 63
47 81
23 18
47 58
83 81
7 97
81 96
55 37
94 47
52 43
21 2
70 24
4 78

100 150
76 31
60 5
62 82
41 19
73 39
20 50
69 50
57 79
1 63
100 7
62 26
73 45
72 30
33 16
91 72
47 44
100 4
93 32
90 42
99 40
34 93
11 14
28 84
94 97
70 68
81 38
62 50
90 90
83 6
67 47
9 67
74 14
69 26
53 76
78 83
48 28
63 44
61 30
2 91
60 22
34 97
1 76
21 23
48 76
47 72
78 17
47 7
59 58
90 7
47 33
22 32
39 50
5 23
25 7
93 60
19 28
48 7
59 18
72 5
17 32
85 63
5 32
73 46
39 74
76 38
70 40
23 80
20 52
40 53
88 30
17 64
37 50
54 17
46 60
82 75
5 50
64 52
27 17
1 42
75 97
47 37
56 49
96 99
69 83
57 47
24 95
92 36
47 49
64 35
21 55
64 59
44 17
65 58
54 18
20 31
24 45
17 28
6 71
11 54
80 25
64 72
20 61
64 96
38 37
42 19
15 39
52 80
81 58
47 56
56 5
92 6
81 24
24 95
40 90
82 66
50 40
19 16
83 24
93 79
50 4
46 23
49 46
53 19
2 20
7 17
26 88
97 73
21 55
81 35
18 2
22 99
49 46
16 54
20 45
32 28
5 35
35 72
84 55
93 20
35 41
41 10
90 55
30 71
100 78
81 36
43 42
72 92
19 3
79 63
98 81

100 150
88 9
87 59
13 8
85 16
57 28
4 72
94 36
94 3
26 35
75 79
75 43
45 48
14 23
8 30
6 83
33 83
63 4
40 56
41 89
18 46
42 3
30 9
34 19
13 18
45 1
56 80
5 96
17 46
32 71
66 65
72 1
12 36
35 87
62 31
84 64
80 15
49 35
27 18
7 8
73 31
3 74
3 83
51 79
55 66
1 94
90 97
13 59
91 77
25 95
40 64
16 72
33 64
28 26
71 49
29 34
71 43
81 86
98 57
84 94
24 71
80 66
44 33
55 19
9 17
68 88
59 94
4 47
28 61
19 32
47 19
66 18
9 14
31 31
82 20
12 79
59 53
84 4
63 67
43 27
49 8
98 16
62 95
76 65
14 14
32 98
83 43
93 92
14 15
22 78
64 25
85 57
37 69
6 89
28 71
61 18
71 10
76 53
35 13
87 65
52 31
6 23
89 84
51 95
6 29
15 19
96 44
36 11
69 37
25 48
11 10
77 13
89 16
34 2
17 68
60 65
64 45
18 86
77 44
53 58
46 44
16 32
69 81
46 30
99 1
5 77
82 36
34 95
65 55
93 48
25 31
68 70
38 84
84 88
32 10
3 55
81 50
72 39
99 48
29 17
61 83
28 28
59 26
35 62
97 31
5 7
41 94
33 22
4 60
12 73
55 17

100 150
9 6
62 15
30 68
86 25
84 37
19 25
4 49
56 82
84 10
80 53
24 91
3 96
9 83
45 97
42 1
42 93
14 93
66 95
1 47
82 31
41 33
68 52
3 41
64 47
4 5
79 23
5 40
30 15
70 51
12 86
78 27
30 87
20 72
23 44
54 30
51 60
32 32
18 38
56 51
4 100
100 96
39 64
70 37
80 6
17 44
77 95
43 46
57 99
23 2
50 36
11 23
71 78
56 34
52 67
76 42
37 77
64 12
85 65
84 14
16 21
19 85
68 4
63 98
21 41
28 39
13 75
31 53
68 6
53 92
71 24
70 30
4 88
56 63
62 98
5 12
24 67
21 54
100 71
38 8
26 14
23 49
86 90
95 23
95 43
52 34
67 1
36 12
73 27
70 25
32 21
8 80
86 56
38 1
80 37
29 81
86 76
31 67
13 40
22 48
20 60
81 73
9 70
70 29
7 53
68 81
48 22
38 62
2 68
74 10
96 93
27 32
4 98
4 63
36 11
25 80
44 19
85 50
43 22
85 16
31 23
65 7
81 16
45 96
61 75
48 94
76 91
62 29
97 35
73 51
97 36
25 99
22 97
21 52
14 34
93 11
42 13
91 84
60 62
6 95
84 47
37 82
17 21
56 35
51 61
54 69
75 69
46 53
85 50
95 83
40 54

100 150
32 83
69 12
70 21
28 47
27 33
86 59
10 81
53 33
34 9
17 20
81 22
54 11
42 42
46 11
47 74
3 7
36 92
2 21
92 37
1 11
86 23
13 28
75 36
54 58
14 40
19 10
46 8
85 8
61 26
71 68
69 86
82 12
61 30
84 49
90 96
91 55
57 74
77 33
2 53
71 77
70 38
50 2
13 2
1 56
38 48
27 97
59 31
48 6
46 57
3 31
91 27
24 1
44 3
61 65
38 40
39 85
8 91
97 86
89 5
10 62
83 24
73 5
3 21
31 90
57 3
35 84
8 65
41 29
1 51
29 61
5 25
1 82
100 91
81 26
27 20
77 32
69 55
62 73
96 94
10 69
100 59
50 47
77 23
31 83
71 20
26 16
18 26
23 30
90 61
28 77
5 66
1 52
48 69
90 87
25 12
43 61
22 7
49 26
68 20
34 8
3 55
61 61
16 85
17 50
75 8
93 31
45 66
76 40
39 35
19 29
6 15
47 43
53 96
72 67
84 46
14 13
54 93
94 87
91 91
100 84
35 85
26 7
3 36
51 26
91 19
45 64
40 10
29 41
30 64
92 48
32 95
3 7
26 84
51 42
61 38
91 66
41 44
94 69
65 86
4 47
62 50
93 83
42 85
22 77
10 1
42 87
54 52
58 16
39 78
12 33

100 150
28 33
25 24
51 94
6 28
47 13
5 78
37 71
21 19
82 28
26 56
39 41
42 97
61 68
61 69
62 15
39 9
53 58
3 41
1 56
36 71
29 20
26 14
56 59
98 98
54 61
57 68
33 54
5 1
60 37
84 59
52 44
44 43
10 65
52 43
65 80
24 35
12 13
90 58
19 68
100 49
36 70
8 44
77 56
53 7
62 86
77 93
68 56
60 14
46 58
45 69
53 65
58 55
49 76
83 5
48 28
27 81
95 87
36 88
88 13
69 1
95 84
85 24
44 40
30 56
84 4
96 38
46 48
55 72
37 34
22 94
34 8
86 15
95 72
15 57
3 60
23 14
84 36
83 78
69 11
22 80
81 10
75 81
63 89
98 23
41 52
95 8
31 19
68 35
20 81
70 31
11 55
15 80
9 86
78 43
38 26
4 25
24 22
65 97
86 22
85 42
20 98
65 60
95 58
70 66
63 54
94 99
81 29
41 76
15 4
1 71
19 83
65 19
76 30
66 23
47 29
89 71
54 61
47 82
46 91
23 5
84 21
31 49
48 82
37 56
70 96
53 54
85 53
19 1
85 32
7 85
31 10
41 22
44 24
89 7
23 35
42 17
43 17
22 80
56 63
55 53
87 91
75 17
5 95
51 55
10 31
86 75
19 15
49 63
37 55
18 68

100 150
15 36
26 98
72 1
18 19
38 36
28 66
67 3
16 90
19 74
21 27
48 90
6 24
12 42
100 52
90 65
32 60
38 18
96 50
19 19
57 48
5 7
53 19
52 17
56 30
85 13
70 74
72 18
8 21
96 31
23 49
26 83
82 85
37 81
25 66
18 78
5 69
37 7
88 61
64 56
22 27
19 53
34 71
43 3
67 32
37 98
95 34
84 40
100 78
33 29
99 2
91 26
26 89
75 69
13 34
26 58
88 5
22 22
99 77
87 40
87 18
25 78
67 31
55 93
3 39
13 58
46 91
94 89
56 15
3 26
51 6
39 39
7 1
23 63
77 74
98 39
12 20
1 96
78 10
89 50
17 51
53 29
36 80
80 31
60 44
97 18
25 91
31 60
19 54
14 82
35 84
91 14
91 100
54 17
8 100
13 90
93 64
30 90
11 22
25 14
43 38
51 89
24 70
17 5
46 76
42 78
43 48
53 34
94 85
14 71
21 66
20 2
53 12
8 89
60 49
47 95
7 2
95 65
87 95
58 66
70 42
50 86
15 78
94 25
24 35
24 11
68 80
10 16
54 99
74 1
66 98
67 85
3 26
23 31
67 59
93 28
57 2
66 47
17 21
88 61
61 48
88 11
78 62
81 8
18 49
6 57
16 76
87 61
4 89
33 96
46 89

100 150
89 87
70 57
71 86
38 69
36 23
96 79
86 25
43 94
70 69
83 96
28 36
82 88
26 15
67 17
59 20
48 38
55 28
52 89
99 12
76 72
89 36
29 7
78 88
14 79
86 99
13 4
62 45
99 58
22 39
98 88
61 100
43 39
11 3
45 88
90 28
41 40
39 100
31 69
77 73
4 7
34 67
12 34
70 31
45 81
11 21
65 2
68 23
14 76
24 59
1 61
87 71
93 72
26 27
39 51
77 93
3 89
65 6
77 7
70 18
3 21
16 65
74 61
92 99
43 83
42 25
27 39
18 94
77 85
1 11
70 40
58 58
87 95
7 79
30 50
97 35
52 27
65 65
18 50
17 68
98 53
87 56
88 6
23 3
84 75
1 31
23 5
64 47
48 86
100 62
2 43
16 72
9 98
88 27
21 89
71 81
6 64
67 37
9 13
79 10
43 74
30 42
29 49
19 75
17 15
69 51
76 32
82 70
15 68
78 2
23 87
7 78
11 10
14 21
92 37
59 66
32 33
88 38
29 3
29 35
34 45
76 2
38 86
52 47
37 43
87 24
56 62
22 81
63 15
46 36
46 18
50 80
21 82
79 44
66 69
37 60
42 52
45 34
67 58
36 2
2 23
97 57
57 22
55 29
38 95
81 15
46 60
62 13
96 11
40 12
16 29

100 150
16 88
98 96
46 58
79 1
4 73
34 15
19 23
91 57
36 59
46 82
73 56
92 65
22 86
67 78
32 44
68 18
37 52
69 58
62 14
60 36
27 51
57 7
62 89
39 25
90 39
40 53
85 77
5 35
94 44
31 86
68 61
65 28
43 14
86 37
97 21
89 73
56 22
36 41
59 93
5 49
36 19
13 45
45 4
50 78
77 27
16 14
93 10
98 73
64 78
94 55
85 48
22 69
19 90
47 83
34 33
84 64
89 88
33 35
61 24
37 56
10 67
92 76
69 6
39 31
64 97
49 14
23 41
23 12
55 55
18 94
24 58
30 5
15 85
97 18
31 73
47 7
84 10
64 63
87 83
8 18
84 31
83 14
68 77
13 22
91 63
85 78
26 56
96 7
15 40
19 53
88 17
57 5
93 37
88 35
33 29
9 45
70 20
28 31
32 71
27 98
4 85
9 53
23 13
98 60
31 77
68 96
31 42
73 25
16 43
52 30
11 17
52 22
84 81
34 70
19 62
64 22
39 38
4 68
45 3
46 16
91 74
21 67
67 8
12 49
98 44
7 93
45 12
89 55
50 61
97 89
50 41
8 37
92 42
90 8
9 86
33 32
91 30
97 68
21 88
35 12
37 91
80 95
83 92
31 63
32 94
74 64
8 86
19 34
63 85
99 60

100 150
100 90
44 38
16 22
36 8
18 35
42 63
58 87
46 71
70 91
72 10
75 54
99 69
66 52
54 63
53 85
99 80
1 70
45 72
70 80
55 27
40 86
73 50
99 53
56 17
80 78
4 28
57 44
3 86
4 40
2 33
53 65
64 59
79 60
45 52
65 48
92 15
48 69
93 96
56 62
19 38
22 3
85 46
7 16
93 29
47 73
64 80
14 65
34 54
5 43
57 24
28 22
50 78
97 94
57 55
77 7
91 57
39 42
39 42
24 54
89 52
43 26
54 64
8 85
36 100
87 4
90 41
16 89
8 48
44 75
40 22
64 40
31 49
89 65
74 41
42 41
70 23
18 84
44 74
17 80
63 20
53 45
3 18
40 64
88 23
19 37
23 96
79 54
27 33
92 2
42 58
82 14
71 24
36 22
70 73
40 30
65 1
68 31
32 32
28 48
69 5
42 15
46 66
5 87
54 18
81 95
85 54
100 51
3 10
53 51
59 6
96 58
41 2
92 73
60 65
98 88
46 57
80 65
90 16
41 99
31 50
60 67
93 44
38 67
91 49
29 18
32 75
33 81
63 77
38 34
53 27
64 57
95 51
87 56
38 18
8 48
80 7
4 28
88 94
73 66
89 57
35 60
7 95
4 60
4 87
47 27
86 90
28 77
68 31
50 93
53 25

100 150
49 53
26 31
99 2
72 7
84 57
52 49
7 4
59 15
12 84
45 75
58 81
24 24
64 44
81 80
18 22
9 11
71 55
73 98
55 60
24 90
40 61
18 52
74 73
95 48
33 66
70 92
57 71
84 67
29 50
19 17
62 77
83 11
18 44
22 44
2 11
4 72
49 45
96 66
83 74
5 96
67 100
9 65
40 4
13 18
100 95
85 86
11 54
75 45
62 69
65 6
37 12
46 40
97 12
55 2
79 80
47 52
67 22
20 56
5 37
13 69
62 88
20 70
91 4
74 70
5 9
36 8
59 29
24 35
37 18
21 94
72 64
40 5
66 38
86 58
36 3
14 73
3 39
9 30
20 32
7 46
26 27
26 40
23 8
32 96
58 76
54 61
10 85
52 30
11 66
86 76
3 40
78 25
47 57
37 73
60 72
75 96
4 37
23 51
21 84
88 59
78 67
31 11
97 24
37 98
98 4
76 64
67 53
63 32
82 99
56 27
81 15
82 83
13 4
15 78
97 59
89 63
24 63
98 94
99 95
19 27
70 62
34 82
1 88
23 34
77 32
60 18
36 41
8 18
92 64
74 86
80 14
98 71
82 36
47 60
63 30
84 46
41 88
48 84
5 4
60 49
11 100
13 46
7 21
81 78
87 45
19 87
73 61
46 63
47 7
75 11

100 150
87 36
38 67
75 11
96 37
70 22
50 5
97 32
12 36
75 8
31 35
74 86
13 53
84 15
36 70
62 43
52 94
79 30
85 7
62 67
5 12
22 60
75 67
6 7
69 34
28 17
82 43
37 96
68 41
28 39
4 78
57 57
22 77
73 72
75 5
10 21
3 78
81 53
57 15
10 45
32 14
3 79
65 4
49 67
23 46
13 46
9 98
38 42
75 24
93 16
96 22
2 34
3 68
62 4
60 80
81 80
80 32
95 69
59 10
4 34
52 72
79 40
98 25
69 82
20 72
91 97
76 8
1 87
60 56
7 68
9 77
7 40
69 42
87 37
46 16
65 53
77 40
91 44
32 32
75 21
90 89
58 88
57 60
84 30
20 86
12 56
82 34
90 24
73 3
61 43
83 53
93 91
76 5
39 51
74 62
97 86
36 72
2 32
82 61
74 62
3 66
40 69
90 29
69 52
69 45
11 97
16 64
85 92
100 84
16 77
52 40
97 73
91 78
4 39
83 72
89 8
17 64
95 88
33 78
83 66
98 87
38 72
63 25
54 74
57 46
49 92
66 69
60 12
35 74
22 18
6 40
90 92
61 7
15 79
30 36
74 24
16 13
92 93
74 90
11 73
43 53
5 93
58 9
35 99
18 61
100 53
32 68
8 33
12 84
93 79
53 37

100 150
11 77
55 14
15 64
63 36
69 96
67 79
47 35
43 19
7 38
68 21
89 89
42 59
37 19
51 13
79 38
49 72
1 19
5 36
70 92
40 97
27 73
36 96
40 43
27 51
55 2
87 69
4 44
61 57
13 35
65 68
42 27
13 6
13 16
78 22
82 85
51 98
91 79
81 68
18 1
96 92
25 56
71 54
63 11
82 17
97 15
12 50
38 79
32 39
16 70
20 35
57 59
55 81
9 73
79 37
57 60
23 34
11 9
49 6
32 54
96 40
86 10
8 1
30 27
73 12
26 82
16 75
66 50
83 89
38 99
44 57
84 54
81 31
88 31
28 72
10 1
17 45
59 13
96 37
67 27
41 81
11 94
49 82
2 69
4 72
48 26
8 69
52 45
43 52
85 49
58 84
36 77
1 65
68 24
24 21
60 69
52 8
2 1
25 30
86 61
81 56
85 39
9 64
25 33
93 43
98 80
35 65
1 62
81 51
38 39
25 18
2 100
49 68
56 25
67 23
65 65
47 62
88 47
64 16
8 76
7 61
78 37
26 70
25 9
27 52
29 64
26 99
15 32
3 76
48 75
66 86
42 25
20 32
99 52
60 21
50 49
99 66
96 66
27 9
55 73
91 34
45 6
100 51
62 59
52 99
95 70
86 46
68 75
91 3
7 10
25 66

100 150
8 77
52 88
61 3
99 73
75 25
15 17
29 78
38 85
18 97
28 94
45 89
8 26
92 10
58 40
1 38
27 56
91 16
46 93
35 31
44 14
74 35
3 15
35 23
70 57
68 36
12 95
30 34
56 46
86 65
24 40
63 13
78 84
73 90
48 27
52 87
100 57
93 89
19 93
1 50
71 100
35 37
68 100
49 54
12 74
68 92
66 20
61 14
87 32
43 87
3 84
9 38
47 68
24 76
46 78
40 10
76 17
92 11
7 71
68 18
1 65
74 38
55 45
17 18
18 60
25 28
48 69
54 63
64 11
11 26
92 60
64 98
15 87
78 83
7 12
46 41
1 68
62 39
42 35
67 99
83 68
80 3
100 29
68 68
1 35
33 51
47 22
62 30
57 96
96 14
91 80
44 85
4 30
5 35
27 71
28 23
54 10
35 10
56 90
79 21
98 37
39 45
84 84
57 64
68 91
34 45
45 32
91 39
14 70
35 69
63 34
19 67
69 86
27 87
84 25
69 98
72 24
58 55
82 77
17 44
50 31
46 63
54 68
68 83
6 71
16 38
60 33
88 32
40 69
20 81
14 62
46 96
66 7
18 85
51 88
30 9
1 23
100 46
28 22
22 10
6 74
17 7
96 97
96 12
63 6
42 43
55 77
82 22
51 20
90 18
76 2

100 150
57 65
78 38
91 25
43 59
89 19
63 20
26 89
67 6
72 91
46 31
87 91
15 9
77 82
69 94
89 48
8 75
78 88
73 99
8 84
41 37
52 12
32 68
21 34
76 8
12 38
95 34
8 16
79 31
92 41
81 93
40 71
33 68
21 42
35 28
86 73
17 64
23 32
11 24
24 80
80 34
70 72
17 23
16 94
2 79
80 16
8 22
94 45
54 82
26 88
13 30
62 17
57 63
69 79
50 71
57 59
4 98
70 24
51 100
90 32
84 3
14 13
11 78
9 46
22 66
70 66
3 69
57 11
79 31
68 60
97 8
63 95
11 2
89 69
75 83
7 86
11 50
11 66
43 69
28 90
77 90
54 26
7 41
21 4
94 62
59 73
8 24
65 38
85 32
8 39
23 6
63 12
78 90
31 75
43 87
12 74
82 53
53 23
11 39
52 33
80 51
25 44
91 82
84 48
21 87
90 62
85 67
90 53
49 45
29 39
74 16
10 82
21 28
17 4
100 71
94 3
29 82
8 34
61 55
1 43
4 63
69 70
16 13
24 54
84 25
87 60
33 15
100 6
18 45
42 33
73 27
12 52
100 11
73 37
63 45
40 6
65 2
4 67
31 27
41 40
83 14
73 34
81 22
62 69
53 68
56 22
60 91
23 3
9 92
27 52
12 16

100 150
88 16
85 80
35 20
49 51
89 11
35 16
2 76
57 10
60 12
77 69
100 74
46 48
29 69
47 67
71 9
20 21
73 94
9 6
70 76
4 60
76 8
68 50
79 44
51 41
2 31
9 18
92 3
52 61
11 93
87 66
28 3
46 83
91 57
29 44
83 19
10 49
88 26
45 95
74 89
36 97
67 87
80 30
47 77
82 62
1 85
95 13
21 90
14 56
9 7
98 17
1 73
24 19
33 92
25 65
24 22
26 35
58 33
85 70
76 61
34 87
58 81
48 99
3 79
75 83
65 3
52 52
7 95
15 75
15 45
66 58
74 17
85 43
9 41
66 66
39 52
29 79
80 59
25 52
15 88
28 2
9 35
99 83
61 78
88 17
67 55
37 55
69 94
70 32
7 50
53 29
20 95
41 45
31 39
46 74
46 39
22 36
33 38
42 26
19 60
30 17
72 63
58 4
54 41
8 72
55 15
31 74
71 92
27 60
73 92
14 4
45 58
21 68
14 69
31 39
35 25
30 16
15 15
87 97
100 28
53 91
39 38
39 11
15 51
88 48
68 85
10 79
62 49
36 46
26 71
48 53
38 23
84 52
87 59
43 42
81 45
7 20
56 48
81 67
72 89
44 58
32 41
93 59
55 25
74 99
56 27
10 87
31 70
91 64
70 30
30 22

100 150
52 66
68 23
46 35
69 61
90 29
18 52
53 83
71 10
48 86
35 16
9 24
100 100
48 97
87 57
27 44
85 38
79 69
96 39
10 5
26 36
88 18
87 22
43 37
73 8
74 88
69 31
87 21
7 4
28 44
36 32
29 96
3 89
11 5
27 26
61 62
59 46
1 80
95 33
21 69
40 45
92 18
45 81
55 63
8 29
32 33
46 70
29 36
5 40
81 26
87 84
4 43
70 88
31 85
44 25
81 6
44 89
24 21
55 45
8 78
57 23
32 32
90 32
17 16
60 10
83 59
1 76
91 24
38 65
73 24
50 8
88 90
84 30
30 24
51 69
30 76
70 15
94 44
57 78
68 25
56 29
46 54
78 59
21 99
50 21
100 2
13 8
44 74
6 7
44 92
98 87
48 62
31 16
51 56
72 28
62 56
73 46
10 41
18 64
62 13
42 38
26 98
27 47
10 96
30 25
73 68
17 92
54 80
57 91
42 21
70 99
29 47
28 62
52 97
15 84
17 6
52 55
100 1
29 37
43 6
48 77
22 18
15 89
48 48
97 78
81 22
60 2
33 21
51 94
80 40
83 21
66 51
12 39
23 74
87 53
86 61
25 76
50 84
11 98
48 85
51 9
61 9
32 65
12 17
53 29
28 90
31 35
32 3
72 4
12 85
18 23

100 150
15 79
26 34
9 61
85 33
11 26
64 26
8 4
68 66
70 31
46 63
75 4
28 19
68 60
44 87
87 45
1 96
39 94
13 72
30 89
1 64
13 46
26 85
5 53
64 47
60 60
95 71
54 84
100 44
27 10
72 94
73 24
9 87
84 23
20 94
96 65
33 99
57 17
31 12
67 97
50 76
56 9
95 8
83 50
63 63
39 92
90 43
35 34
22 53
33 41
82 11
3 31
53 3
56 72
13 86
83 20
21 36
60 65
34 72
94 16
92 1
16 81
82 23
21 91
5 23
78 90
34 5
28 19
52 55
78 100
47 86
65 86
73 13
95 68
52 64
70 3
93 61
80 77
6 47
87 23
4 62
59 24
51 21
82 28
43 70
24 15
20 80
78 90
88 56
5 85
72 35
80 34
62 74
18 12
48 49
34 9
84 54
30 32
61 69
96 33
9 47
6 69
46 70
72 23
7 19
5 9
14 5
34 26
31 52
91 68
34 39
72 95
77 57
41 81
18 84
55 23
18 63
3 60
11 73
67 47
62 93
79 64
86 5
8 100
37 62
98 97
55 14
84 94
79 94
6 79
54 79
90 43
68 38
52 53
83 22
14 43
83 76
5 17
76 24
69 95
11 77
42 6
36 52
45 43
12 99
75 6
44 85
20 29
14 78
60 13
2 80

100 150
84 40
54 47
23 10
16 52
68 24
56 72
81 83
75 34
56 16
32 50
98 12
42 4
33 8
74 11
45 92
47 77
57 87
24 44
40 7
63 60
87 73
78 5
42 82
45 13
18 20
75 52
76 10
1 31
62 55
27 13
20 7
61 60
2 10
47 7
88 37
23 100
27 14
2 2
21 47
81 36
84 55
94 81
69 34
95 16
31 66
45 12
49 88
40 16
59 75
87 50
59 24
64 69
4 60
96 33
80 52
72 3
84 52
39 92
32 68
11 2
62 17
84 45
2 100
3 62
35 24
21 91
23 47
86 59
100 85
99 11
15 2
53 92
30 15
24 91
70 69
82 54
13 31
74 64
67 80
29 69
94 46
99 37
59 31
59 57
10 94
50 13
42 70
68 10
41 83
69 94
9 47
66 63
93 82
66 2
36 75
15 5
38 14
97 16
12 46
13 23
65 27
94 92
67 10
36 94
87 57
73 22
29 65
12 5
84 10
24 23
66 55
13 70
40 48
85 67
9 39
56 48
19 3
61 37
53 54
66 11
23 54
87 29
29 23
57 56
39 97
18 55
93 67
32 7
39 57
48 45
75 97
53 55
21 44
39 33
95 89
75 40
88 53
29 39
35 1
55 39
31 25
41 3
70 51
11 49
87 90
93 50
54 15
49 64
20 85
36 87

100 150
38 58
44 3
34 64
32 58
36 41
36 48
69 4
92 85
54 12
66 32
3 81
81 2
35 38
41 25
90 97
92 84
100 14
29 77
86 43
15 85
18 69
1 31
44 66
15 27
78 18
8 81
97 65
59 59
46 64
47 43
98 90
42 10
93 53
78 21
5 24
71 18
51 40
2 44
42 17
32 18
42 9
58 81
20 38
34 46
29 94
9 86
8 81
69 31
39 6
35 71
99 8
99 87
16 87
52 95
50 57
57 71
35 4
85 10
42 14
75 39
53 62
1 41
73 4
90 55
51 57
48 30
4 52
18 5
75 8
4 10
89 27
73 49
25 92
87 84
5 54
98 59
90 71
63 69
42 9
8 1
50 42
15 10
20 67
44 100
15 30
24 48
43 11
63 82
97 77
12 64
70 40
100 49
54 48
18 89
81 25
6 48
61 64
19 34
83 75
85 89
95 10
61 17
46 61
55 38
81 35
77 93
6 46
47 73
52 94
17 37
36 5
71 95
30 83
44 94
1 5
100 53
88 6
37 5
32 41
67 6
28 27
58 81
27 27
48 56
18 34
80 21
68 5
42 58
86 71
7 49
16 79
51 88
47 14
29 2
90 77
21 72
75 29
59 79
69 10
76 29
50 11
2 73
66 20
14 7
36 65
96 95
34 2
89 77
86 77
78 28

100 150
61 6
20 19
34 68
54 87
96 81
30 62
3 87
31 62
71 92
55 59
28 75
5 22
82 12
78 49
82 36
69 14
91 54
40 69
18 40
29 31
95 83
62 39
22 38
23 1
53 75
96 93
14 3
52 11
57 79
45 28
20 81
3 85
41 96
98 37
40 3
71 59
20 76
27 72
72 27
27 21
91 11
87 84
4 84
67 17
38 72
19 41
3 66
15 29
7 31
20 99
55 18
80 29
35 82
79 41
5 51
69 54
78 89
98 71
65 38
90 70
85 21
50 15
96 8
8 66
52 67
67 64
55 9
69 13
67 61
79 28
38 87
3 39
56 47
15 93
85 71
76 66
69 10
82 18
68 4
30 66
49 58
84 52
35 78
15 44
94 6
20 34
91 35
87 17
4 35
78 6
6 46
94 91
54 11
82 33
100 75
69 37
34 33
90 36
2 61
28 20
35 75
73 83
31 79
65 89
75 74
31 19
42 4
97 4
12 13
34 16
100 51
67 9
79 80
49 45
34 14
33 65
78 71
30 61
93 1
84 40
5 66
30 48
48 38
11 82
84 49
97 85
5 52
24 67
89 85
90 92
4 67
33 82
21 6
41 5
49 9
37 61
12 94
83 26
25 65
83 3
27 17
67 1
95 20
18 18
94 20
99 55
39 68
73 70
19 17
3 21

100 150
37 92
13 42
6 12
26 35
8 6
1 79
64 82
42 54
63 96
49 89
17 49
22 5
45 20
94 94
78 79
34 76
30 44
19 36
95 62
13 48
89 27
15 43
61 92
41 62
41 91
18 100
31 51
40 39
29 27
46 28
33 43
21 20
83 14
8 98
26 8
18 30
9 78
17 92
40 76
49 42
43 57
19 90
11 37
42 85
27 26
50 74
98 55
34 33
3 94
33 82
34 55
100 50
38 38
74 9
73 91
16 50
18 31
27 34
54 79
64 31
20 86
96 64
45 78
82 83
15 98
71 62
17 28
13 67
64 41
16 49
14 10
91 83
75 8
75 30
42 54
73 46
10 23
54 17
24 58
13 32
55 43
2 6
89 41
98 10
40 87
81 5
11 60
34 36
40 16
3 29
100 69
74 66
56 14
65 22
38 8
37 54
8 4
41 65
82 78
89 52
91 54
38 56
22 11
57 56
27 28
28 38
96 26
48 46
81 77
14 82
74 9
87 6
91 28
6 49
31 64
41 11
10 47
53 37
62 79
8 71
57 61
88 47
37 63
9 39
24 83
4 49
46 58
27 97
50 1
13 7
99 80
58 32
16 49
71 65
70 7
37 47
6 85
20 57
15 60
29 94
40 30
9 8
100 44
29 24
82 83
22 59
10 50
86 11
47 1
97 79

100 150
39 4
49 94
30 58
14 91
27 37
52 9
3 8
27 95
11 8
97 55
12 17
34 72
39 59
4 6
97 51
18 37
27 91
40 83
65 55
10 72
53 30
91 92
18 42
73 65
59 52
55 18
46 36
34 83
95 5
17 92
46 7
72 24
17 78
17 68
68 82
46 7
24 23
17 70
15 25
77 38
72 26
25 87
17 4
100 28
46 50
82 16
63 28
16 67
72 51
89 80
67 62
18 50
12 71
93 60
75 34
98 32
95 19
50 99
97 100
52 34
10 34
93 21
68 89
95 5
30 42
58 87
80 12
22 60
30 23
21 49
29 64
46 60
17 77
95 20
58 69
83 80
46 64
38 50
64 66
86 73
87 36
30 4
84 51
36 17
23 64
56 81
40 40
82 79
6 66
82 81
66 39
27 50
86 52
77 10
36 63
63 84
42 81
4 16
65 99
63 1
19 17
100 91
41 25
50 19
14 5
99 1
88 75
91 85
81 42
44 87
44 31
42 81
60 72
46 23
51 65
45 76
69 18
13 90
65 6
43 34
15 18
18 61
4 62
36 93
3 49
79 39
31 72
16 60
42 58
59 13
13 93
30 6
53 25
96 100
26 92
20 22
73 46
73 33
24 71
28 48
76 70
85 47
6 89
78 15
88 94
44 60
29 45
54 73
41 50
47 94

100 150
90 53
90 5
79 75
69 21
58 85
20 75
9 56
2 88
100 31
95 12
90 16
95 35
15 54
52 40
97 93
39 39
27 72
2 94
93 71
47 6
75 67
11 35
54 18
2 32
71 16
17 65
22 27
9 67
90 49
50 69
36 82
34 91
18 34
66 83
95 86
40 89
8 14
23 14
28 69
68 26
26 20
22 36
68 84
92 64
78 81
87 49
63 76
78 83
80 91
64 11
36 65
54 77
90 27
88 54
44 52
2 12
93 36
32 53
12 68
100 95
83 7
68 56
12 55
19 84
63 54
71 15
30 6
90 5
63 14
54 78
96 92
74 62
77 61
93 32
10 41
7 83
58 67
47 65
85 62
21 50
45 34
92 22
69 32
99 47
58 21
79 78
26 66
74 17
93 92
78 47
37 67
31 82
30 49
6 6
11 63
14 92
39 61
43 82
94 49
82 80
73 100
8 74
82 56
38 15
50 39
80 18
56 41
26 10
13 97
16 87
65 76
54 48
70 79
92 4
47 20
95 1
11 45
14 71
16 28
45 47
84 19
79 12
81 89
68 92
86 43
59 67
97 11
56 76
91 12
56 71
9 71
61 1
5 42
17 34
53 53
65 68
42 15
30 90
25 77
60 14
9 82
69 42
19 51
30 60
95 37
38 30
50 7
86 87
83 51
56 25

100 150
15 37
99 90
25 40
15 37
34 70
19 44
61 41
18 2
47 18
48 8
28 8
77 91
33 96
73 87
69 95
81 86
93 88
23 77
5 96
79 41
84 44
70 87
82 74
18 39
5 22
66 64
41 20
51 65
52 1
81 91
28 76
3 21
49 8
73 46
37 42
49 39
33 45
1 9
11 5
3 81
64 15
100 12
52 59
80 47
85 93
66 73
15 74
35 42
92 62
68 63
34 2
83 21
93 11
90 18
66 43
19 40
90 63
65 6
45 83
82 93
75 68
82 6
84 46
1 18
59 97
24 48
18 95
58 48
54 31
6 42
61 79
81 38
59 43
61 83
1 56
100 50
15 45
7 8
44 8
76 28
34 51
80 52
25 65
16 19
64 13
70 37
88 74
81 2
18 46
37 74
24 57
62 56
64 64
49 38
52 62
75 44
16 29
49 67
94 84
49 82
44 35
89 89
77 85
78 60
71 27
99 82
12 61
91 9
70 60
72 32
64 25
93 5
34 53
42 95
25 55
99 14
71 88
44 22
39 64
98 43
96 12
68 55
11 88
29 36
87 14
19 36
20 64
46 90
80 59
62 6
92 38
64 55
24 47
2 29
3 66
59 56
24 69
14 17
34 18
46 49
32 63
6 84
90 30
18 82
10 1
56 89
96 93
65 11
69 63
89 79

100 150
86 42
21 47
53 64
54 41
62 16
70 44
90 73
45 67
82 83
55 3
47 67
21 3
73 69
34 76
61 87
39 67
80 13
33 36
56 13
86 33
55 63
84 47
70 90
63 61
13 77
34 90
77 48
27 42
7 80
96 36
65 59
24 68
19 16
51 45
2 62
75 79
43 60
51 97
92 91
55 38
8 14
82 66
87 73
77 59
99 41
21 81
66 44
68 22
74 45
19 2
89 92
86 45
19 53
86 66
73 47
100 60
3 67
85 69
41 64
92 65
60 42
75 95
65 58
1 19
33 51
66 24
56 43
32 60
98 15
98 45
53 64
2 45
40 91
46 14
87 86
43 88
72 4
22 82
82 66
69 30
84 90
2 92
94 67
99 11
52 83
51 88
93 11
2 35
12 57
5 81
12 27
22 21
92 81
49 45
72 51
35 63
24 26
6 39
36 7
78 59
43 15
79 85
36 27
22 59
19 30
98 82
76 27
51 64
42 67
28 12
89 27
45 36
97 25
2 57
81 26
5 24
50 65
27 13
63 86
39 86
91 5
26 90
88 75
36 64
5 37
87 79
47 63
21 28
37 90
55 63
84 46
76 50
90 73
20 87
38 96
22 71
99 23
43 53
13 71
31 25
23 49
38 8
77 73
45 60
54 73
89 36
34 57
45 10
67 76
91 96

100 150
36 74
13 1
68 34
10 89
71 48
72 16
87 12
13 74
47 77
18 78
66 62
91 88
6 58
93 28
25 31
47 3
83 19
13 6
7 18
78 4
35 42
89 75
99 92
83 52
25 54
41 11
90 46
33 72
3 26
14 41
35 51
82 28
92 44
70 66
55 72
23 93
40 82
11 34
47 66
77 10
67 37
26 66
77 100
72 14
95 84
15 22
100 33
51 1
1 60
55 31
2 35
66 88
92 76
25 61
45 44
42 40
60 32
91 51
96 45
90 74
28 23
30 58
82 69
18 28
34 69
98 32
99 2
70 10
80 92
14 50
85 22
80 39
35 35
84 85
12 95
63 1
87 98
49 56
23 80
88 81
68 3
26 91
65 10
20 41
45 38
49 60
20 59
64 15
25 90
33 71
35 21
57 33
7 46
62 58
31 5
47 54
84 51
96 67
26 96
24 56
67 65
81 38
74 4
71 52
54 19
36 27
70 10
10 63
10 97
94 5
32 65
54 86
30 46
6 12
28 48
79 55
17 66
47 11
27 14
39 65
94 37
97 70
75 76
50 34
51 61
89 64
76 50
68 33
89 23
24 44
1 52
96 27
69 89
87 17
6 2
37 46
56 24
16 73
51 5
51 43
49 33
65 9
99 22
91 54
35 54
81 96
17 47
52 48
69 63
29 10

100 150
78 19
9 68
13 78
56 28
39 72
6 77
83 9
20 5
10 5
59 63
63 22
93 100
12 60
79 38
45 43
56 13
85 86
37 13
27 69
25 18
60 30
58 66
29 89
82 70
86 10
62 53
67 71
90 22
77 28
95 19
15 36
10 36
54 23
68 81
71 38
7 74
79 48
43 25
25 83
11 26
21 56
31 28
3 27
81 1
47 68
79 90
50 56
48 99
100 8
4 84
96 52
35 100
76 67
52 82
17 29
67 48
66 79
25 39
51 72
61 48
50 99
13 95
79 31
35 84
69 31
28 5
83 9
76 57
30 99
66 11
38 72
8 79
70 58
42 23
8 21
41 98
25 77
59 78
5 38
96 43
43 81
29 97
81 8
39 68
19 19
56 19
16 58
75 29
81 72
28 27
80 14
12 71
31 77
25 74
73 18
72 87
52 77
52 91
31 61
66 25
96 27
75 92
89 1
21 84
15 54
78 75
87 34
6 77
74 52
65 95
66 73
24 46
29 2
51 84
92 47
34 84
15 69
79 6
94 35
80 41
56 25
1 20
11 91
30 43
74 66
15 86
57 73
12 5
96 32
94 30
30 31
64 77
95 100
54 31
28 2
41 74
83 89
85 65
27 37
67 93
67 68
94 44
84 70
98 61
37 45
16 25
19 12
56 94
78 23
21 3

100 150
63 96
88 79
79 63
34 15
59 44
29 76
34 81
26 54
95 66
79 90
61 50
71 51
14 51
49 58
45 52
55 82
53 8
41 33
35 41
13 45
21 91
10 35
84 37
80 7
15 14
84 20
42 43
52 5
50 96
50 57
52 15
38 70
82 44
67 81
96 46
50 88
10 47
27 12
75 19
32 100
76 24
51 4
79 3
74 77
94 93
5 78
90 44
42 9
36 22
32 46
98 29
51 100
38 31
70 34
54 13
50 6
9 61
45 38
12 86
99 54
79 75
65 44
88 5
97 85
37 55
40 14
8 15
88 19
34 64
19 33
68 33
76 62
48 74
96 18
34 19
1 88
63 49
51 22
59 23
19 27
53 11
10 74
60 77
7 20
10 62
66 57
87 73
28 73
59 36
31 88
60 7
99 52
38 22
61 61
62 83
91 58
32 12
88 16
30 1
34 88
35 25
79 86
34 96
24 47
53 67
51 38
52 29
35 28
3 85
16 20
63 96
69 33
75 69
20 92
86 33
76 26
88 51
43 48
72 10
59 60
56 73
40 39
47 23
31 25
40 59
74 45
46 46
36 97
29 46
67 97
11 74
98 94
74 33
42 97
59 40
38 5
84 21
32 48
2 90
40 32
68 4
55 52
27 76
72 59
35 33
21 83
68 19
78 88
2 72
13 34

100 150
11 68
100 70
17 8
72 23
26 82
11 61
82 80
64 72
61 18
50 35
25 33
11 55
74 18
79 65
24 15
21 18
26 10
82 80
95 92
35 19
39 55
72 71
25 90
22 24
47 17
32 85
57 35
15 28
22 72
71 95
4 59
68 82
75 43
50 1
45 89
37 79
40 54
1 70
23 30
31 90
52 87
80 28
50 15
12 1
7 89
63 80
59 3
56 39
98 23
64 34
80 39
28 15
55 100
58 84
67 54
6 71
42 36
93 14
42 41
76 37
45 2
11 64
6 23
62 83
60 76
13 16
25 18
24 71
40 95
42 21
89 65
7 22
66 2
85 69
60 28
95 50
4 53
27 91
74 49
11 68
11 11
74 65
3 55
26 21
70 85
2 78
52 58
85 55
74 22
76 24
13 35
30 53
30 17
90 23
73 60
59 77
86 71
30 75
10 13
29 71
53 66
74 12
34 41
33 42
49 79
37 52
87 50
50 73
78 98
52 68
88 12
69 10
10 77
16 58
49 85
8 52
72 77
24 12
3 6
20 88
93 65
52 68
74 70
94 95
41 35
61 24
71 43
13 50
33 93
23 22
86 41
65 29
94 6
40 43
98 68
81 61
63 31
66 23
92 46
83 53
8 21
88 7
48 66
35 70
57 86
17 60
90 93
5 54
57 97
1 8

100 150
40 89
83 18
74 22
11 40
54 20
63 40
62 80
14 86
35 100
75 47
63 61
66 97
30 52
57 85
51 66
73 63
66 61
40 59
39 44
4 17
34 52
75 95
97 43
43 72
56 1
65 43
6 10
63 97
24 53
53 27
71 64
73 8
94 22
29 25
6 70
45 88
51 65
17 27
7 32
76 46
92 12
11 60
36 45
82 77
19 82
94 12
12 59
40 65
98 66
58 15
4 73
64 18
46 91
91 15
44 51
75 75
2 60
90 19
69 84
46 96
70 57
99 27
40 88
45 58
73 3
93 53
84 56
64 89
98 51
51 59
75 9
68 75
26 47
35 53
11 24
96 33
42 75
64 2
38 17
54 62
68 38
31 99
23 100
69 52
17 49
61 39
51 43
51 35
19 4
39 14
73 66
45 6
30 66
10 72
75 6
90 34
51 90
62 4
21 97
60 42
69 6
78 26
60 40
57 19
4 70
53 68
78 71
15 43
7 43
5 87
48 88
64 37
86 25
81 43
95 85
65 37
1 100
99 96
91 73
98 87
6 71
56 5
78 5
35 45
74 58
96 28
51 95
42 57
48 89
69 69
37 73
57 34
83 98
45 61
30 27
28 15
48 44
27 77
47 83
28 90
69 73
76 46
96 70
32 77
33 65
11 50
31 86
88 56
67 17
25 85

100 150
17 55
17 54
81 28
90 35
23 52
52 84
40 49
47 30
9 93
1 78
23 15
71 18
98 45
23 49
71 69
6 5
19 78
86 51
71 59
86 84
53 27
40 67
39 88
41 1
5 4
79 84
19 26
73 87
96 41
56 5
76 23
100 37
57 58
88 18
2 17
52 53
69 76
90 39
14 45
27 86
85 68
38 86
98 8
15 25
94 69
73 28
88 65
63 16
15 80
26 13
84 78
96 22
3 15
85 56
95 45
41 58
29 7
37 27
65 26
44 40
82 15
90 75
58 87
27 79
90 29
49 68
100 76
8 34
62 30
8 68
62 90
70 25
51 58
82 13
29 97
54 87
61 11
72 73
22 28
5 58
67 70
73 60
83 14
32 40
63 29
44 92
53 9
28 87
79 89
92 99
91 61
97 46
53 4
12 14
54 83
57 75
81 98
74 27
12 85
93 7
20 27
63 71
49 40
59 91
5 29
1 68
85 71
44 82
49 50
40 22
100 67
66 43
24 77
48 38
92 48
70 14
33 9
83 26
93 84
53 80
23 2
19 3
54 61
32 93
58 59
52 10
53 4
18 7
45 11
61 24
78 37
67 7
75 94
54 65
75 93
14 9
60 44
69 96
2 82
17 75
49 17
43 81
74 92
73 86
64 95
51 18
67 85
82 73
93 32
34 22

100 150
2 37
95 60
83 87
31 33
57 2
50 79
75 7
92 85
18 77
19 92
92 86
85 6
100 63
97 96
41 63
96 86
63 35
70 16
70 69
24 80
71 39
15 52
60 55
85 71
99 40
27 24
41 64
12 7
19 94
77 66
6 17
97 53
100 73
72 23
64 53
85 51
6 2
14 59
74 69
33 2
36 77
2 32
1 67
50 59
97 47
96 47
14 67
42 66
40 81
86 67
34 31
79 50
50 69
93 17
92 32
41 86
9 6
79 20
95 12
85 96
73 87
36 91
82 56
72 2
68 63
78 23
61 87
32 98
86 22
76 35
29 27
2 80
55 73
47 100
10 47
39 75
100 63
77 65
28 53
82 24
21 59
33 11
34 87
81 43
12 62
90 3
52 77
51 35
60 30
15 34
41 57
83 54
29 98
24 20
72 62
4 15
54 95
5 41
41 57
30 73
28 8
12 57
25 34
48 13
91 12
30 43
76 66
49 98
61 37
23 84
76 85
46 15
9 51
18 33
62 16
55 28
11 88
19 91
10 53
92 8
66 91
89 37
41 50
36 31
63 28
18 83
28 51
64 6
82 43
48 67
83 14
39 53
44 52
18 60
83 37
78 40
86 70
64 38
65 5
48 18
42 69
23 1
6 20
22 61
28 20
2 98
45 38
12 97
94 68
4 42

100 150
78 32
76 10
9 72
95 93
70 58
9 84
15 60
83 95
90 63
45 5
58 88
54 25
78 41
98 76
80 80
35 60
37 11
33 64
20 10
84 93
13 48
76 5
20 21
66 52
94 31
2 24
55 41
97 91
85 69
49 15
24 94
87 75
55 59
93 3
82 12
100 15
100 45
77 34
85 11
61 1
99 99
97 91
56 81
11 3
35 79
16 95
78 53
28 72
51 64
6 22
91 24
22 48
82 91
87 45
42 82
63 57
44 75
93 61
83 89
61 54
4 97
4 14
14 91
45 14
9 33
36 38
9 71
69 53
63 69
64 10
10 55
20 64
53 89
48 79
55 90
62 10
7 11
2 54
95 8
45 63
30 62
76 10
23 67
41 44
85 21
80 39
41 4
9 10
25 30
8 61
60 40
41 87
76 10
26 59
80 89
60 21
39 59
62 44
85 64
62 53
16 69
47 38
44 23
4 41
67 30
4 39
5 49
99 91
32 61
8 83
79 55
75 43
94 71
34 92
34 50
96 60
24 33
32 100
67 22
38 50
69 82
14 11
25 27
75 11
73 59
25 18
96 33
44 76
6 75
98 81
73 81
26 1
1 67
2 83
6 24
69 4
37 16
89 9
77 39
77 5
84 62
21 48
73 13
37 31
64 54
51 7
28 49
80 46
64 24
92 53

100 150
90 22
42 45
88 84
25 93
37 30
80 50
15 86
36 71
27 12
74 76
23 79
45 57
77 50
75 75
94 80
29 43
8 13
7 12
42 42
74 49
19 92
67 36
14 52
55 4
10 88
100 56
56 67
61 82
42 88
84 98
34 86
50 22
34 100
24 69
61 93
41 62
86 69
81 16
35 100
32 58
40 43
18 74
99 5
30 20
54 31
52 31
56 55
93 42
38 43
29 1
68 72
61 74
54 79
51 33
11 74
15 38
88 23
12 36
97 18
11 16
77 17
32 6
100 38
5 40
9 32
50 6
80 76
44 37
2 25
37 52
66 24
21 47
95 32
97 89
19 83
30 95
30 68
20 27
65 76
59 91
22 26
74 69
100 89
17 1
40 18
98 54
92 90
98 93
18 10
64 23
90 57
43 54
79 17
66 19
80 75
56 18
11 29
83 24
61 44
7 6
43 79
34 8
68 82
40 79
9 10
76 97
89 54
50 81
31 51
20 76
66 1
26 4
45 98
100 39
59 37
76 70
17 24
32 17
16 17
95 35
93 57
63 83
100 66
30 69
70 40
13 85
91 28
64 47
78 78
25 14
79 99
70 28
33 14
35 31
17 8
67 49
99 77
97 41
57 100
17 20
9 94
74 4
83 52
29 89
1 36
30 53
92 28
12 34
25 15
28 74

100 150
42 17
71 67
39 55
90 24
60 21
77 44
49 58
13 73
5 61
77 57
26 30
5 3
65 17
93 40
94 37
85 9
68 32
34 26
10 31
66 78
37 28
93 51
63 75
86 63
32 83
83 6
18 17
53 8
62 62
74 34
93 10
51 44
77 97
67 18
34 21
35 64
58 35
89 17
78 45
88 85
34 23
69 88
45 31
29 96
9 44
72 90
46 5
28 75
76 75
25 30
67 12
11 3
32 5
90 28
41 56
97 27
78 21
75 91
86 10
74 82
9 45
89 93
66 12
35 23
54 80
44 32
82 1
30 22
60 37
84 54
23 42
68 61
50 12
16 38
91 6
35 61
58 50
91 64
52 48
93 25
94 10
69 37
30 7
58 86
44 16
50 84
52 8
36 97
68 3
92 99
17 66
62 69
68 2
30 87
68 98
40 19
40 50
68 68
97 6
32 54
66 72
90 90
87 66
9 45
5 3
95 37
10 86
13 50
82 11
58 31
61 65
44 41
88 60
62 44
6 98
42 83
19 44
75 9
99 65
37 25
59 56
27 32
35 20
63 79
53 63
16 99
31 3
43 11
55 93
36 66
81 7
48 68
97 6
17 60
53 95
97 66
98 86
37 22
42 36
36 77
35 49
59 72
48 58
67 64
32 6
35 84
44 90
73 99
87 8
21 70

100 150
60 49
52 55
32 91
31 32
5 29
81 96
42 4
42 44
9 49
48 78
20 84
36 48
38 74
42 48
27 17
83 2
100 85
19 29
96 61
78 75
29 81
71 94
21 54
39 14
82 59
2 21
63 27
26 52
26 60
58 20
84 92
27 75
2 66
51 39
16 13
44 96
37 25
52 14
7 8
34 80
6 92
89 22
85 65
18 68
24 61
91 33
4 70
10 99
60 55
66 44
84 47
66 73
78 14
10 16
41 92
7 55
75 19
4 30
65 30
47 36
51 86
3 98
94 61
46 21
13 36
86 17
77 49
9 44
99 70
18 12
35 15
44 93
34 42
68 7
63 99
73 10
95 22
75 58
95 4
94 49
47 4
4 45
11 73
45 20
9 8
52 55
60 36
20 41
88 44
17 59
94 66
77 34
64 38
25 69
12 51
3 64
93 58
95 97
26 97
20 91
9 71
52 26
41 22
23 31
50 73
68 20
12 11
23 48
30 68
41 22
21 40
27 27
66 84
100 51
16 48
59 10
41 2
7 44
99 19
24 94
44 68
64 30
56 89
35 25
97 62
75 6
4 68
43 58
24 16
49 76
79 6
50 73
72 75
65 51
100 4
51 75
80 99
52 37
27 93
37 12
84 24
70 87
19 88
20 80
14 83
29 84
69 99
72 80
45 8
64 30

100 150
36 18
14 68
13 87
53 35
19 14
62 56
1 63
78 35
58 34
62 54
61 80
90 33
58 97
45 1
24 23
61 68
94 39
4 50
96 39
79 89
69 42
59 47
34 43
55 44
15 33
35 21
37 62
52 2
44 67
11 24
89 100
9 42
36 8
39 48
67 88
28 96
60 18
11 25
7 81
73 63
12 35
70 99
79 70
58 12
61 24
84 35
12 63
29 63
17 83
99 78
87 92
64 22
71 96
99 22
43 76
73 49
44 87
44 19
24 39
88 55
41 2
62 11
51 47
87 55
89 3
41 28
52 75
64 64
64 5
3 38
38 63
13 19
89 26
26 28
58 3
66 80
52 20
14 92
11 97
50 14
93 85
21 88
19 40
71 79
64 21
59 45
1 56
25 54
28 81
60 90
21 73
63 55
50 52
88 43
7 25
20 17
94 29
96 17
87 84
42 74
99 59
41 80
64 82
80 65
40 94
98 31
45 24
48 74
47 72
100 24
96 74
79 64
83 76
42 87
23 45
51 32
32 29
48 66
70 81
22 64
86 80
4 74
3 72
98 54
17 63
21 56
95 53
29 29
54 39
81 25
15 95
74 37
28 17
67 18
26 51
25 73
84 27
86 4
22 32
7 50
70 93
33 81
64 3
59 83
20 97
75 70
66 53
7 11
33 75
15 77

100 150
26 99
49 44
42 79
51 57
45 17
64 12
96 98
37 83
86 18
46 73
67 17
81 50
56 66
88 47
58 86
72 81
1 10
12 75
73 26
2 22
73 52
2 22
61 25
54 99
88 53
77 25
24 76
36 72
34 98
85 25
82 84
26 95
6 44
10 99
70 87
44 47
12 16
41 63
54 28
31 70
65 92
67 95
9 75
69 62
41 21
38 63
28 67
61 28
35 72
90 23
64 32
63 12
75 82
90 77
76 78
71 13
80 72
14 98
60 45
68 45
44 21
4 79
62 62
81 12
46 6
92 61
57 33
72 26
65 98
2 2
54 60
21 15
7 81
68 100
30 5
11 94
35 36
77 18
94 30
32 8
88 23
24 55
84 53
45 39
85 24
48 47
36 1
100 95
58 31
72 72
8 79
81 36
4 99
4 77
29 82
91 1
95 9
5 100
94 89
67 68
53 21
36 59
68 91
58 24
30 28
69 88
38 3
49 94
87 30
33 15
64 13
99 98
56 36
11 10
11 71
77 11
45 50
8 32
45 66
64 65
51 41
4 6
15 10
43 5
76 1
100 7
66 42
27 80
29 15
68 43
100 94
15 2
57 94
48 56
86 64
99 20
82 72
3 29
66 49
99 20
25 89
76 81
25 34
76 20
43 44
37 16
38 13
71 5
37 96
38 69

100 150
43 85
40 39
3 90
50 26
59 88
66 56
50 68
53 20
51 22
46 92
8 39
44 77
46 66
94 5
39 64
67 62
80 42
53 12
44 32
35 48
47 94
58 37
11 39
82 93
7 1
72 4
67 51
40 71
88 60
2 91
70 24
47 54
14 35
25 5
44 93
41 2
92 46
61 2
38 83
45 87
18 56
78 23
43 26
96 75
32 80
93 73
70 12
21 3
33 44
17 42
81 47
97 40
72 69
84 32
39 86
79 45
9 20
3 19
6 26
75 9
38 2
67 19
33 21
76 10
33 78
17 51
36 27
49 30
80 15
51 33
54 61
31 38
3 38
18 63
27 30
76 97
62 9
22 54
98 56
38 68
22 87
41 20
8 38
40 26
37 29
52 100
96 52
32 95
45 89
4 30
40 36
73 80
37 43
19 2
55 51
88 79
88 73
35 30
92 81
44 36
19 73
49 9
91 10
99 45
47 14
84 57
5 33
77 22
73 34
40 100
88 40
4 47
83 22
100 15
8 90
20 51
44 86
67 65
26 72
12 38
70 83
54 76
47 83
64 56
88 78
59 25
37 87
89 43
86 52
21 87
61 85
78 86
61 73
14 62
53 7
72 14
97 65
92 82
19 95
67 27
59 63
39 32
41 28
8 39
51 63
9 20
52 76
77 95
83 61
76 55

100 150
56 95
99 4
15 66
81 28
37 85
28 70
34 9
83 47
43 72
65 17
48 23
61 80
34 20
30 34
44 21
81 6
56 95
14 16
82 37
21 48
37 33
55 98
95 37
98 77
5 35
82 72
19 12
22 33
32 48
68 79
1 31
84 75
97 6
99 27
80 79
44 71
14 47
77 9
46 6
72 32
39 59
90 67
61 4
63 69
1 100
68 76
46 61
68 34
20 43
84 14
5 32
11 38
91 22
81 12
82 11
38 93
50 53
61 94
45 38
53 66
16 58
87 60
45 92
53 66
42 77
42 7
74 21
89 98
79 29
58 55
44 68
46 48
9 91
45 1
89 48
70 78
36 29
50 68
83 1
80 51
68 38
17 50
72 21
79 93
96 7
39 34
1 16
76 25
31 3
38 79
99 50
86 62
59 75
68 9
95 72
97 79
19 81
38 8
80 83
1 26
48 92
78 30
75 32
48 30
67 73
75 16
66 96
90 38
93 34
68 80
76 3
4 63
33 26
61 34
8 48
86 31
13 55
25 98
46 49
95 36
89 84
26 8
46 79
72 86
64 14
51 26
6 28
16 72
21 76
13 5
89 28
67 49
69 18
35 58
95 100
41 54
98 78
39 22
30 40
60 61
81 2
33 40
52 15
46 58
34 98
28 11
9 79
35 29
70 37
81 54

100 150
11 22
38 70
96 8
52 10
65 98
75 28
43 66
29 63
95 88
43 50
6 38
8 36
7 88
97 82
8 44
67 43
88 46
1 86
25 28
74 44
11 35
88 36
30 15
78 94
54 65
43 3
1 30
90 72
84 81
19 27
3 94
46 72
95 41
25 56
61 100
15 93
10 92
36 31
54 47
24 65
74 25
99 9
56 4
41 37
80 78
54 97
40 79
12 42
63 51
89 77
59 58
98 20
8 46
49 65
24 36
79 45
41 23
63 80
49 91
31 49
11 19
21 19
59 31
56 79
83 65
13 40
14 81
62 40
12 8
61 99
3 27
51 25
19 72
63 77
60 100
60 3
14 77
47 62
15 99
32 23
34 71
79 17
72 22
31 37
21 15
99 71
65 50
71 86
22 87
16 27
53 94
51 36
12 17
44 90
39 43
48 76
13 32
68 35
33 92
73 69
66 51
20 49
97 58
52 97
99 89
82 43
73 14
18 19
33 77
2 3
36 61
81 51
62 82
96 23
66 36
42 58
18 20
53 44
31 51
70 2
11 76
59 25
95 55
87 98
77 46
37 59
29 30
23 96
14 76
51 1
3 44
40 23
11 73
81 7
29 83
42 66
88 62
29 70
92 82
16 58
29 17
90 10
6 26
30 37
1 27
36 62
37 28
67 23
92 83
33 83

100 150
92 89
96 30
49 96
21 83
1 3
87 85
37 8
61 63
49 12
53 4
10 26
86 72
80 4
47 38
64 91
1 47
83 44
75 47
7 19
85 76
15 73
72 41
14 60
38 21
91 79
100 52
52 4
18 14
16 61
98 59
85 59
63 74
32 28
95 31
63 1
97 13
39 96
80 3
44 16
22 79
55 48
18 21
99 15
35 61
22 25
21 35
60 62
77 65
72 35
23 3
63 90
16 42
20 86
14 8
59 26
92 21
66 10
64 33
81 73
3 88
66 31
87 52
32 9
5 45
63 36
31 51
5 90
53 30
34 12
40 6
91 6
70 15
29 27
21 21
71 35
27 27
66 29
20 72
99 16
91 20
91 72
6 9
20 51
67 100
54 26
71 23
48 52
35 94
40 88
30 80
63 10
90 13
70 68
66 10
92 43
85 20
96 12
72 51
60 3
86 66
58 72
25 4
42 6
97 64
94 42
25 64
99 43
27 14
47 67
24 17
61 75
60 42
2 37
10 81
56 44
78 75
89 76
67 85
36 79
31 47
61 54
33 35
73 44
52 56
98 31
57 45
11 51
52 78
97 28
53 48
36 40
42 58
51 64
51 52
81 5
50 46
72 55
9 80
35 90
70 71
47 20
43 31
53 81
10 31
8 15
70 33
88 7
81 68
28 81
46 98

100 150
22 60
59 84
70 70
42 84
66 33
76 8
18 77
93 15
17 53
78 87
14 6
1 86
30 79
71 15
8 45
52 25
22 34
10 69
60 54
71 91
27 14
28 60
10 38
92 48
18 30
73 100
36 63
94 99
82 55
30 28
94 55
18 34
21 59
86 90
64 100
24 24
80 40
26 2
58 94
62 71
60 60
55 41
81 67
53 49
39 47
66 90
21 38
64 93
74 91
95 34
41 87
76 74
44 27
29 92
18 69
97 75
73 32
17 81
53 39
61 44
29 25
31 46
16 53
88 57
67 35
13 57
64 5
53 54
83 28
84 68
67 54
89 69
3 59
14 58
31 47
30 12
45 88
61 60
79 27
32 17
24 81
90 43
13 68
74 1
99 98
74 27
99 60
18 93
52 4
10 27
7 39
3 1
8 26
49 25
12 49
14 34
22 92
44 72
87 12
65 64
58 36
46 23
46 10
38 69
22 15
5 79
60 17
26 19
84 50
6 84
81 96
80 59
7 62
89 73
26 19
95 61
39 12
61 8
58 92
87 62
22 39
70 19
49 81
14 54
81 25
51 99
86 63
76 67
20 35
59 11
78 50
22 66
14 6
92 20
72 16
49 9
30 82
44 37
23 41
100 86
12 11
96 47
20 53
88 17
50 1
89 73
36 94
25 59
21 10
9 60

100 150
18 93
9 68
26 54
32 57
68 8
55 5
23 58
62 96
90 35
23 54
46 32
57 42
23 68
66 66
72 52
26 45
82 32
92 13
8 21
13 31
91 98
28 51
33 13
44 18
84 32
79 86
2 92
85 56
65 100
40 29
20 55
19 67
27 53
23 51
33 41
47 16
52 74
39 36
17 85
42 59
34 88
6 34
39 95
99 23
54 13
24 74
15 6
79 58
42 67
8 22
54 47
74 1
93 91
19 88
80 46
55 64
74 27
80 86
11 91
92 35
1 46
13 65
17 15
47 59
41 97
63 4
52 18
58 75
70 30
33 79
34 11
47 30
5 44
34 71
68 73
63 2
42 2
66 16
93 52
89 13
39 89
77 47
27 40
56 86
74 59
5 29
44 36
83 29
59 14
39 80
66 9
32 19
94 45
41 85
53 87
4 20
18 59
85 58
23 77
100 89
13 66
49 89
38 90
85 92
89 25
74 29
44 24
82 90
89 15
43 33
98 28
62 9
32 59
14 11
73 82
18 69
57 12
5 58
66 21
59 44
20 64
5 15
40 18
51 83
80 26
58 97
75 95
66 19
9 7
18 4
89 13
4 20
32 17
77 52
64 63
22 76
100 35
54 83
52 57
65 74
95 26
75 31
77 50
89 73
80 25
44 16
43 69
88 27
40 60
78 76

100 150
5 99
37 29
6 3
21 66
64 30
68 61
12 92
3 71
10 19
9 94
16 64
43 91
25 44
14 93
26 27
20 25
30 2
99 20
66 15
6 95
76 95
41 51
98 26
64 99
12 14
35 48
29 16
47 18
25 52
78 99
40 75
5 1
14 84
56 14
82 27
72 68
48 22
57 20
37 91
30 63
85 92
96 90
73 50
55 6
63 79
95 19
34 51
27 45
24 98
39 94
62 60
45 53
16 32
50 90
50 29
96 16
46 49
24 54
43 13
68 55
68 92
43 78
24 73
43 14
66 38
66 1
61 90
93 96
86 85
68 6
51 1
21 94
65 44
84 10
20 96
56 52
54 69
18 20
73 52
46 33
22 95
24 85
57 32
56 5
65 9
99 54
9 59
70 55
22 16
58 25
12 86
85 31
92 77
30 53
95 38
95 34
93 7
22 100
48 43
29 4
55 57
80 89
88 81
22 59
10 49
4 15
69 12
94 39
42 48
45 5
49 71
7 24
27 15
25 72
76 50
12 97
37 57
1 66
8 72
59 13
81 52
85 12
45 71
98 47
16 44
80 56
68 28
84 75
24 76
27 19
26 71
52 60
67 72
30 33
17 45
16 28
84 44
24 1
6 70
88 55
53 12
55 85
91 42
36 96
2 83
49 39
8 81
58 2
60 50
9 41

100 150
70 46
78 29
63 56
34 15
50 18
32 10
79 50
46 100
35 71
22 57
94 35
77 30
66 31
90 70
21 70
21 81
82 67
48 25
77 22
72 73
66 19
52 56
18 37
30 56
32 32
47 40
77 71
52 9
74 66
6 5
49 49
62 54
73 68
35 12
86 22
40 100
45 47
6 58
28 54
5 15
84 42
88 70
38 89
45 46
12 47
25 44
65 91
91 51
77 77
42 75
65 30
12 24
97 99
30 18
68 91
10 66
72 41
68 54
55 81
6 82
44 83
97 20
74 15
46 40
51 27
35 18
71 61
2 79
23 63
64 15
41 45
34 81
44 40
72 69
26 77
81 10
93 28
51 84
85 95
89 98
12 20
100 14
65 88
42 33
23 57
18 43
21 70
6 83
62 54
13 88
39 36
25 47
49 8
5 85
67 46
45 59
76 22
78 74
85 15
67 96
76 31
3 82
51 88
96 50
10 83
67 13
2 25
9 92
16 67
58 21
61 83
28 89
20 67
39 43
87 34
4 93
47 63
81 5
82 93
68 38
5 49
46 80
79 87
59 4
12 65
98 62
53 54
72 4
68 22
78 63
67 83
68 48
17 61
10 74
27 63
53 51
9 34
41 29
37 57
10 23
1 32
34 80
59 24
57 78
3 6
72 56
48 86
9 2
78 38
6 57

100 150
79 6
44 57
59 77
75 47
88 52
99 45
13 44
4 85
46 22
70 94
99 82
98 88
28 49
56 14
41 17
81 63
54 68
76 65
34 13
94 85
33 66
65 66
60 99
99 76
50 50
73 70
58 36
63 93
49 43
74 36
74 8
24 9
40 17
84 23
29 79
18 70
62 10
57 13
8 90
25 85
52 70
22 21
76 68
16 45
11 23
73 73
36 94
65 45
67 41
9 47
80 92
27 39
77 54
26 14
50 97
93 22
19 78
53 2
73 17
73 5
50 74
94 81
90 95
45 53
3 15
97 5
71 99
19 16
88 6
61 59
66 50
22 15
7 77
99 91
79 82
98 43
3 58
82 17
11 41
28 49
17 57
95 64
38 71
55 66
21 72
18 95
70 3
24 65
17 96
89 6
98 59
33 88
14 61
75 90
44 96
43 60
76 96
11 16
54 64
48 93
61 95
74 80
32 51
90 11
31 4
83 45
44 57
85 23
27 18
67 38
13 89
95 59
53 71
21 99
96 59
23 40
67 49
84 38
59 4
38 47
85 13
37 9
33 2
1 48
82 46
16 62
99 55
84 17
40 23
67 62
67 69
2 19
34 51
95 16
5 14
11 89
70 3
72 19
44 54
43 85
94 78
12 2
66 87
28 53
5 11
62 41
25 41
8 22
91 18
86 24

100 150
26 35
5 13
10 18
35 59
95 38
45 97
11 77
48 82
68 64
69 63
97 14
60 80
14 69
99 57
21 32
100 8
51 29
29 89
100 94
55 16
40 67
6 68
39 66
34 40
41 79
17 100
91 28
74 55
74 92
100 94
62 34
21 17
16 83
72 94
5 7
4 30
64 59
32 60
62 54
57 75
23 41
39 34
85 83
49 66
95 78
81 4
2 38
9 18
15 4
51 48
4 73
37 96
10 27
93 40
15 62
86 66
20 59
53 74
10 57
1 5
1 71
3 40
57 1
58 24
84 85
50 100
30 73
80 39
26 72
80 95
87 99
60 16
50 17
27 66
90 35
64 68
10 96
4 6
97 50
28 67
60 21
34 95
25 4
28 78
54 7
68 57
8 87
80 12
55 92
26 32
82 78
83 91
41 63
21 100
1 47
24 77
53 21
70 5
73 79
45 68
25 43
1 81
85 71
72 44
11 26
21 54
73 45
21 42
3 64
14 15
80 80
52 74
29 87
24 62
84 59
16 46
66 30
75 74
63 65
29 76
65 30
33 79
39 50
39 32
42 32
97 50
33 93
80 9
86 8
27 31
88 90
10 48
14 75
97 100
68 70
47 56
1 34
65 74
78 61
47 13
45 11
13 90
73 16
18 93
9 18
7 3
96 100
36 56
46 98
10 23

100 150
39 85
82 55
18 23
21 7
43 54
26 39
68 5
26 14
29 1
50 83
79 48
22 54
70 36
85 48
97 76
67 65
14 2
25 19
87 90
24 96
20 49
31 62
17 89
98 14
36 58
5 53
9 87
46 2
59 17
48 17
10 20
78 75
88 84
86 37
18 83
96 69
26 66
8 72
25 66
91 27
19 22
89 92
100 24
42 40
71 16
54 65
85 1
39 33
31 35
46 81
36 73
7 1
39 91
66 81
82 56
81 44
47 38
71 30
8 24
69 71
7 53
96 87
52 71
14 97
18 1
62 45
48 65
69 3
17 51
26 94
9 71
74 98
35 61
31 32
55 62
45 62
34 74
90 52
67 16
36 92
93 36
82 20
98 61
39 10
43 3
54 27
97 8
44 61
97 20
68 29
63 67
82 90
13 9
35 11
43 40
14 16
92 72
77 46
64 57
62 25
84 88
2 38
82 33
27 99
47 64
37 17
85 76
42 62
46 32
97 73
30 95
8 21
66 64
85 2
24 83
45 56
27 78
100 63
32 59
23 68
1 45
81 96
2 22
7 53
10 87
82 23
4 74
6 88
8 49
27 90
94 5
53 48
95 29
44 87
76 81
99 6
23 77
24 79
49 49
11 77
93 37
63 70
62 90
58 4
88 46
58 89
69 7
51 94
58 48
59 65

100 150
6 59
72 42
58 14
87 85
15 16
59 12
66 14
51 92
98 9
73 21
48 18
52 91
64 56
31 54
18 99
92 30
4 95
48 7
27 49
43 73
98 1
78 11
87 27
30 90
56 82
95 72
10 33
34 76
20 40
59 32
14 100
8 32
42 47
63 52
89 57
47 33
60 62
87 19
25 19
29 22
31 52
100 75
24 30
81 87
11 48
22 46
92 9
11 32
36 76
55 49
34 94
16 83
4 87
42 98
17 24
54 30
39 55
44 42
44 30
6 26
58 19
62 52
26 23
73 54
48 50
13 68
89 37
74 87
27 73
78 57
5 18
33 4
21 70
20 14
32 78
10 47
9 76
32 64
30 15
39 7
61 44
35 83
100 35
76 23
99 79
42 99
51 2
90 74
11 71
57 55
93 98
75 88
93 66
65 74
38 96
84 50
46 11
16 7
49 84
41 63
61 72
61 19
34 84
8 67
82 59
97 64
46 56
79 2
98 65
67 86
44 47
86 36
78 75
18 58
57 87
58 6
26 82
59 5
82 17
2 5
99 47
11 9
15 80
15 88
21 62
20 22
31 58
4 18
74 6
49 24
10 71
62 100
64 41
95 22
32 17
65 75
17 42
57 80
81 47
4 29
54 100
43 12
59 21
50 50
100 41
19 64
66 93
33 92
64 21
24 88

100 150
96 61
24 41
87 35
95 45
74 30
100 66
86 1
84 65
29 22
57 5
17 11
82 88
59 82
79 85
21 83
21 96
98 75
93 19
56 16
93 68
44 2
87 80
42 63
96 34
62 41
9 35
8 48
4 24
58 94
3 22
72 30
1 28
81 80
90 92
47 1
31 7
81 59
75 89
52 76
71 67
4 80
39 6
4 19
25 42
84 97
90 14
3 71
30 21
91 70
82 54
82 90
7 87
24 1
47 27
82 62
69 86
78 56
77 48
86 69
13 92
44 5
12 86
75 42
94 48
67 91
37 24
77 81
89 92
70 68
65 5
85 20
57 65
11 48
3 33
50 55
30 84
93 53
2 87
15 44
97 47
37 90
83 38
53 51
3 74
34 1
67 52
51 80
15 56
28 33
74 83
89 24
17 16
99 58
98 27
6 84
88 59
70 60
86 81
30 84
52 41
59 93
58 44
71 65
86 68
9 98
2 60
13 62
49 90
3 61
40 24
32 1
100 97
7 10
54 92
45 13
12 42
55 4
41 64
71 67
20 71
54 88
76 39
34 86
58 20
79 3
22 57
44 4
26 51
60 12
26 55
12 75
85 23
53 11
45 99
62 49
81 45
27 55
1 50
96 45
27 34
21 93
40 67
11 86
3 39
39 67
47 74
97 74
58 35
10 87
64 13

100 150
45 63
20 87
75 99
89 32
43 66
84 36
60 60
29 45
100 60
92 26
68 87
80 20
46 18
54 88
25 99
71 86
44 58
87 84
54 65
99 59
43 42
94 82
89 31
43 46
39 53
2 21
38 95
43 60
57 63
40 88
94 80
59 49
51 32
10 25
76 39
4 75
51 16
14 34
60 1
97 68
11 81
43 11
16 9
14 91
29 66
83 67
56 50
86 47
32 95
30 77
86 42
33 5
25 72
6 17
79 56
97 21
65 23
1 23
75 86
79 44
92 50
30 61
41 11
99 76
71 32
78 31
55 31
81 5
70 46
83 32
93 72
75 37
38 10
11 89
14 100
52 39
81 71
69 91
65 17
64 59
89 90
95 71
24 60
54 39
91 60
99 27
13 42
90 38
56 87
95 95
14 95
15 64
64 60
5 82
78 61
41 12
6 45
87 7
100 59
7 31
83 79
48 40
76 78
9 46
100 38
40 93
24 63
96 1
70 44
36 54
62 8
37 32
38 87
33 12
95 2
35 7
85 55
46 4
42 41
67 62
28 61
12 76
50 13
55 51
55 2
29 7
81 99
32 28
11 44
84 3
12 9
82 96
25 94
15 4
16 34
68 95
11 30
42 89
89 52
76 65
51 92
73 73
66 4
54 27
27 3
14 13
52 4
6 10
85 67
22 56

100 150
80 10
63 9
69 73
9 41
35 58
56 87
12 43
88 42
47 74
54 60
92 100
9 29
39 6
51 68
96 1
28 71
83 58
26 54
40 43
37 41
42 58
60 50
45 88
20 86
91 94
19 94
74 81
36 9
65 48
34 62
31 76
63 3
27 19
58 7
78 65
84 39
73 26
66 23
34 13
60 11
3 17
26 67
47 33
27 44
31 51
63 74
59 9
67 3
88 73
97 64
76 70
66 81
33 62
99 77
50 21
78 21
59 88
90 13
97 25
74 90
94 25
8 92
32 4
34 90
69 43
52 27
38 58
29 40
57 14
21 51
28 52
74 15
14 83
13 84
47 67
21 73
61 72
12 67
57 86
8 90
43 38
100 54
97 72
12 44
3 50
26 64
84 76
68 81
61 20
43 80
55 100
98 19
22 91
13 68
97 15
28 28
45 34
100 29
35 88
42 52
40 29
43 48
29 76
90 22
15 7
18 51
14 29
42 12
68 59
40 8
68 3
22 44
15 37
61 62
69 12
62 18
28 8
49 90
48 53
46 6
33 48
90 76
66 14
56 50
68 54
25 81
79 16
44 45
67 84
23 52
17 92
91 29
92 88
90 4
100 90
34 87
52 77
47 71
42 76
33 27
16 19
62 93
33 18
80 84
68 82
65 35
9 69
25 22
37 2
63 37

100 150
47 71
55 55
32 52
48 42
70 98
69 62
28 60
54 58
28 41
3 26
7 15
28 83
53 51
62 27
68 86
66 43
49 36
16 96
57 85
4 28
98 87
24 59
77 5
75 70
79 18
69 53
77 87
75 55
100 45
5 49
84 59
24 62
96 79
52 24
58 38
85 52
1 58
58 35
42 41
93 80
69 66
56 41
91 18
61 39
60 99
80 91
42 53
96 33
78 27
62 96
24 44
40 68
73 27
21 2
26 96
98 92
49 44
30 26
87 92
13 52
18 96
14 37
99 63
41 62
85 82
21 76
21 35
41 47
42 96
13 89
54 40
33 78
22 44
54 11
28 90
96 97
69 39
95 10
20 66
57 77
13 26
24 40
27 49
28 95
48 26
24 18
11 62
61 63
55 84
15 82
27 59
1 32
96 66
31 78
99 17
31 53
56 66
93 71
63 84
47 53
12 35
62 61
67 82
42 44
45 62
61 22
32 62
98 98
84 62
25 48
88 29
87 21
23 34
81 33
71 58
49 31
66 41
62 14
36 27
22 60
23 16
39 42
70 54
63 80
90 49
84 45
32 67
16 98
35 30
5 67
5 9
25 31
8 1
96 17
67 93
35 20
30 98
76 54
18 42
2 85
38 14
37 42
87 35
79 63
1 90
93 77
76 9
22 82
17 8
92 80

100 150
29 3
3 42
2 26
40 19
65 69
22 61
68 76
75 5
93 97
15 5
20 91
31 52
8 62
21 98
44 15
64 96
96 89
91 38
10 41
59 9
69 23
96 97
59 17
56 16
10 56
58 18
6 77
54 75
25 79
4 63
86 41
73 58
95 92
46 67
98 96
17 64
86 66
81 41
16 19
86 20
70 14
80 16
93 79
16 86
29 4
88 92
48 80
53 74
29 51
76 45
53 17
34 91
11 11
76 87
53 44
93 88
23 1
41 68
8 46
8 40
37 5
77 19
21 89
42 79
81 28
20 26
70 3
99 33
55 85
9 84
53 80
29 56
61 41
48 31
57 71
54 4
81 42
23 46
33 54
69 5
98 59
58 78
56 26
70 7
34 99
96 59
29 31
16 23
87 94
44 9
74 21
49 77
26 6
22 42
20 22
66 45
68 49
51 34
59 16
50 6
48 67
69 13
81 60
69 24
85 61
77 41
90 61
62 40
15 3
89 75
96 71
55 93
72 72
11 39
68 66
62 37
28 48
11 25
99 61
83 61
54 86
62 72
5 49
41 77
49 38
81 57
51 22
46 83
57 89
8 16
3 38
74 21
27 27
32 56
71 38
82 13
86 80
69 40
46 10
36 82
11 33
19 7
70 80
33 84
66 92
18 59
75 31
88 52
17 10
61 31

100 150
27 4
63 46
86 20
62 39
84 40
95 60
72 92
91 68
23 28
20 62
55 89
32 44
41 82
33 85
80 37
100 85
20 34
23 37
79 52
5 60
14 62
31 92
25 99
29 11
29 13
57 91
40 56
19 8
47 81
52 25
46 27
20 83
41 21
84 80
36 66
7 29
81 36
39 83
92 88
59 30
40 10
46 9
42 14
71 14
45 95
64 18
87 43
40 86
18 15
51 85
14 43
2 96
11 63
66 99
60 10
93 17
11 29
90 55
76 85
7 3
72 7
12 41
35 5
56 67
74 60
22 98
20 27
79 9
31 29
82 74
97 81
71 2
55 21
41 67
59 52
41 19
57 11
28 38
92 64
96 43
71 17
96 77
78 75
22 77
51 87
86 1
99 91
63 79
64 80
11 75
58 16
84 15
67 24
11 14
52 90
38 88
53 37
19 5
62 55
87 26
20 41
63 16
80 44
81 74
16 100
62 41
80 2
65 6
24 48
48 72
27 51
8 96
78 26
87 59
75 28
25 42
47 26
72 36
46 93
32 93
68 51
77 8
50 20
80 49
60 94
42 49
32 79
76 60
61 93
94 42
70 58
51 73
50 46
58 26
51 49
1 70
33 20
48 51
44 57
68 52
88 13
49 54
41 22
89 96
71 37
46 92
13 92
10 36
3 82
87 70

100 150
51 90
21 18
98 27
59 74
11 38
9 2
27 61
32 15
96 84
48 54
25 17
16 32
86 30
40 75
27 6
82 69
2 48
58 67
36 69
53 29
35 4
59 38
83 41
11 24
59 84
79 26
18 83
49 28
48 8
59 67
55 44
75 19
71 5
72 17
22 66
7 56
71 34
25 15
4 61
32 98
99 33
48 71
71 42
81 99
69 12
17 35
25 33
70 93
97 37
86 8
18 84
90 12
12 19
59 62
16 25
84 81
34 5
29 8
71 10
46 50
94 24
95 58
48 1
37 5
58 51
25 53
72 52
22 63
23 12
71 89
95 20
10 98
53 49
28 23
54 57
48 54
59 95
96 90
28 25
35 85
24 44
28 27
49 30
20 66
63 23
20 15
48 86
63 40
11 99
51 32
9 32
94 39
4 70
27 21
60 13
90 30
2 46
20 89
19 13
99 48
13 70
61 7
79 66
91 6
59 97
2 87
65 51
53 70
2 87
3 16
6 73
23 65
24 20
27 76
85 66
96 80
71 82
47 91
84 63
5 16
82 53
9 29
67 25
15 19
96 70
51 90
37 21
9 66
69 19
13 62
62 91
73 82
50 39
8 52
7 38
9 20
81 71
14 43
4 72
90 26
3 75
39 28
62 60
86 74
49 46
97 21
81 13
41 56
57 15
29 82

100 150
71 58
45 27
13 77
78 8
96 32
50 27
41 94
20 8
36 79
91 3
47 84
56 87
68 15
32 34
31 19
26 45
37 3
100 55
23 93
13 54
97 31
58 89
2 30
26 99
88 67
36 61
35 72
16 37
48 80
65 98
8 68
28 25
27 2
55 78
4 49
79 45
40 79
32 52
19 20
50 99
60 50
76 82
13 63
37 30
79 71
21 13
74 3
92 48
64 73
63 70
39 11
74 79
67 14
13 56
6 1
44 94
29 65
17 77
3 45
6 39
78 43
36 98
97 14
79 64
35 84
70 62
84 97
44 17
68 52
9 47
54 60
53 21
83 85
81 46
42 42
4 93
6 46
46 74
2 67
52 9
11 29
80 29
92 33
61 57
96 1
79 53
56 55
37 79
25 20
45 46
24 27
49 44
37 27
36 77
7 91
8 1
68 21
40 35
39 81
18 56
87 35
87 4
51 71
97 65
84 14
67 30
11 38
32 56
1 13
75 97
87 16
84 52
47 38
31 37
18 79
41 54
100 58
40 36
64 1
68 67
38 70
37 49
35 61
37 97
54 47
22 50
57 2
56 88
72 6
29 78
6 58
55 81
78 44
80 32
73 84
29 48
51 94
100 16
47 82
47 60
66 24
40 31
42 63
11 81
23 75
74 8
86 15
94 16
50 94
57 59

0