100
800 10
772 560
87 753
48 721
635 789
627 292
253 535
213 634
573 283
605 544
526 583

800 10
628 434
587 17
265 80
337 758
499 141
100 440
272 701
142 495
257 733
326 738

800 10
151 452
363 495
612 529
586 769
176 710
526 431
222 688
480 142
795 441
268 109

800 10
351 168
203 414
746 127
62 447
425 432
713 717
308 614
794 533
745 329
695 317

800 10
195 307
380 165
210 444
276 313
234 758
657 739
138 686
481 274
540 385
409 241

800 10
214 276
783 181
779 519
682 36
421 671
90 631
415 686
84 346
407 371
597 499

800 10
85 309
632 171
706 745
499 5
282 338
204 389
154 634
335 311
118 795
295 767

800 10
262 525
510 452
731 207
671 174
247 147
80 105
123 588
122 329
782 455
455 674

800 10
531 424
799 636
474 766
501 109
327 517
411 39
626 319
50 565
502 425
221 643

800 10
375 109
784 701
587 589
751 146
757 751
700 468
367 29
581 101
298 459
65 591

800 10
533 381
254 456
405 294
394 600
270 369
775 299
165 17
377 123
502 179
63 440

800 10
442 377
776 444
308 267
598 174
582 24
226 134
591 478
423 43
125 615
164 304

800 10
731 703
13 749
113 41
319 604
314 115
746 610
319 598
153 21
183 268
464 18

800 10
420 295
395 48
432 648
180 559
564 155
493 404
137 170
33 733
350 152
761 125

800 10
68 111
755 406
160 247
146 103
461 308
124 226
124 519
477 216
770 141
435 777

800 10
536 697
762 222
30 775
464 710
54 525
331 723
688 772
173 66
428 766
423 450

800 10
19 235
539 446
303 683
186 587
556 569
281 57
148 34
512 745
798 454
76 618

800 10
233 401
220 486
567 216
437 120
317 202
290 202
587 491
271 587
449 603
401 6

800 10
456 111
720 724
742 464
751 408
595 558
68 779
80 438
594 533
90 228
728 17

800 10
322 105
201 772
354 33
391 252
248 151
405 165
455 588
731 702
495 326
367 371

800 10
78 428
75 425
25 414
404 512
184 730
273 591
275 571
194 689
495 236
79 762

800 10
262 465
179 138
67 741
408 417
639 625
252 492
145 344
223 103
720 477
4 285

800 10
189 171
560 791
310 145
546 715
487 108
185 656
12 420
707 601
149 769
12 253

800 10
555 7
498 115
250 723
634 341
150 178
415 575
615 250
745 37
474 201
651 758

800 10
45 398
545 105
616 452
459 378
313 399
391 115
737 649
783 597
161 116
233 748

800 10
412 725
382 453
153 557
50 395
739 784
751 288
399 160
483 132
682 347
135 208

800 10
420 553
136 141
262 27
49 114
557 418
655 348
800 54
353 603
673 297
112 301

800 10
667 340
24 544
363 174
431 290
638 611
457 222
612 332
782 222
495 284
519 771

800 10
552 641
606 215
754 143
295 670
720 407
224 446
484 348
570 158
789 450
728 685

800 10
272 196
417 223
385 680
247 154
75 468
270 776
10 361
268 107
27 93
642 214

800 10
35 43
483 662
224 560
626 309
769 581
752 164
445 197
201 705
211 396
444 702

800 10
417 252
277 412
95 26
643 279
459 79
116 771
397 654
252 375
263 213
235 143

800 10
620 419
224 429
193 553
504 733
366 610
590 172
450 507
44 91
276 280
612 522

800 10
23 800
236 491
488 331
288 61
323 246
439 591
243 480
338 123
224 649
678 34

800 10
45 687
270 469
462 94
167 498
523 755
141 458
485 428
460 432
28 111
568 164

800 10
472 669
583 424
318 382
760 418
421 458
586 83
171 192
102 222
22 458
263 106

800 10
196 430
197 493
80 80
277 218
264 429
384 641
378 705
536 545
243 72
146 237

800 10
226 383
172 782
152 388
434 87
394 213
262 500
482 21
795 422
795 525
253 110

800 10
419 439
648 202
757 9
211 209
465 20
145 230
4 297
134 127
657 632
182 186

800 10
755 439
312 700
451 610
21 133
3 349
195 252
654 642
293 272
607 520
637 110

800 10
435 514
364 255
464 431
165 636
752 766
405 55
486 417
701 260
386 86
331 415

800 10
285 27
582 614
755 730
748 554
332 540
95 194
459 583
535 50
127 462
465 648

800 10
138 615
264 450
174 597
57 179
531 19
94 478
222 33
50 799
480 654
663 441

800 10
503 759
595 456
308 43
176 573
313 43
442 750
311 8
249 245
575 464
342 432

800 10
752 259
371 289
422 547
336 347
603 436
296 552
626 536
191 799
70 40
469 172

800 10
552 788
41 485
370 64
478 287
469 102
750 155
399 783
260 680
164 753
593 1

800 10
111 123
356 114
124 251
193 121
387 74
50 193
759 14
696 690
258 341
320 148

800 10
585 47
555 446
662 103
677 764
537 554
397 195
199 614
245 748
558 505
321 448

800 10
577 461
630 279
283 343
503 733
543 470
257 441
234 393
755 334
27 325
402 307

800 10
194 749
278 284
714 33
787 41
761 429
788 168
502 202
661 342
91 156
432 577

800 10
137 589
202 558
720 464
163 190
43 283
139 515
183 529
554 507
20 503
146 483

800 10
352 48
601 74
507 645
606 705
579 13
334 111
776 387
692 145
565 525
47 486

800 10
321 150
470 540
140 745
38 461
221 235
427 431
440 634
728 118
318 307
793 720

800 10
28 211
128 574
194 443
461 583
734 634
654 412
577 662
170 556
386 405
760 764

800 10
694 219
660 101
744 630
38 186
10 166
75 229
202 798
10 677
287 520
200 219

800 10
467 702
486 465
108 773
121 478
395 262
180 9
717 118
25 264
47 748
718 268

800 10
381 146
387 654
526 186
606 717
701 421
410 89
140 478
473 654
403 612
400 443

800 10
518 116
537 385
536 434
680 223
571 524
24 728
102 351
301 412
683 285
662 616

800 10
634 548
638 20
184 547
515 566
658 564
486 369
698 624
142 796
656 700
467 171

800 10
449 413
546 365
618 127
41 749
586 496
404 27
423 473
715 299
198 326
523 650

800 10
717 621
363 216
570 279
312 519
499 387
586 232
430 188
743 191
197 593
473 147

800 10
178 711
420 98
173 85
268 158
294 189
581 387
443 8
669 379
233 558
731 323

800 10
402 94
41 541
372 420
63 582
20 98
340 17
214 619
361 289
736 389
277 309

800 10
191 493
116 574
113 717
519 778
107 135
617 591
599 260
725 43
670 424
652 202

800 10
611 555
739 276
202 68
634 585
791 501
182 80
356 686
324 38
751 506
109 131

800 10
48 366
766 537
567 718
181 264
655 226
104 615
578 322
252 604
325 383
637 800

800 10
323 336
207 141
574 125
586 516
179 757
133 408
40 554
51 181
767 484
112 202

800 10
101 402
260 346
103 517
9 99
385 763
461 340
34 535
400 261
517 132
63 620

800 10
460 447
590 611
498 460
496 96
795 289
42 444
712 782
393 716
210 704
281 423

800 10
748 109
302 692
224 249
193 188
658 634
262 723
613 771
711 321
165 535
16 608

800 10
201 28
93 647
161 443
448 709
121 424
550 241
277 758
28 79
514 575
433 164

800 10
20 363
402 177
514 689
732 596
2 508
517 392
241 253
95 760
151 586
500 792

800 10
689 383
268 55
436 296
402 250
533 726
135 142
172 25
316 600
725 590
376 68

800 10
302 430
14 508
581 29
375 346
170 77
231 61
5 500
249 418
722 290
295 254

800 10
154 41
436 784
127 352
411 562
158 646
103 275
792 457
14 652
15 130
186 475

800 10
681 623
627 431
158 382
450 377
555 432
55 427
160 350
464 491
412 560
162 605

800 10
18 81
94 329
494 307
165 709
288 534
747 37
75 572
152 474
266 736
539 587

800 10
61 468
691 543
459 195
81 60
307 25
216 664
288 38
756 748
246 633
617 676

800 10
121 621
130 589
331 77
618 245
671 398
587 548
456 407
662 283
514 259
705 63

800 10
375 668
411 215
251 338
689 131
182 37
392 612
724 616
112 351
603 44
686 65

800 10
406 442
520 31
223 303
143 315
50 762
419 52
452 95
509 307
374 107
486 46

800 10
343 295
60 689
234 404
33 557
697 693
451 187
576 718
92 716
245 414
110 250

800 10
249 737
84 287
345 507
762 55
516 428
442 302
252 225
714 73
581 742
620 172

800 10
126 149
290 284
471 605
441 510
496 16
559 651
598 675
32 91
521 118
393 395

800 10
106 310
67 615
77 183
131 728
559 317
465 169
569 80
82 624
369 158
500 670

800 10
177 692
103 238
21 424
548 798
560 171
467 325
653 117
800 498
587 798
611 233

800 10
519 540
72 612
313 395
641 249
283 169
11 104
794 763
168 266
227 654
623 321

800 10
68 393
457 416
512 493
750 554
538 67
602 381
114 587
644 736
798 542
306 178

800 10
26 451
430 496
318 35
494 211
41 541
698 472
173 248
265 105
161 726
688 6

800 10
473 29
731 33
647 625
338 609
234 95
703 495
472 792
405 679
92 246
295 236

800 10
163 656
412 362
332 592
21 60
637 61
15 800
3 599
77 715
595 29
516 415

800 10
685 244
182 372
235 105
387 403
309 725
193 716
559 34
789 338
354 38
347 575

800 10
35 242
225 278
303 566
443 184
435 419
683 75
764 232
251 373
383 566
514 111

800 10
140 178
342 446
207 48
267 633
29 487
391 189
484 182
12 659
167 121
708 365

800 10
771 416
305 712
63 74
186 727
723 326
329 229
350 772
308 572
659 154
781 25

800 10
526 312
439 71
742 670
43 272
523 732
294 107
671 691
794 528
423 609
104 137

800 10
604 207
634 62
505 720
185 382
721 289
623 485
264 249
468 448
659 443
42 405

800 10
717 608
418 253
638 213
378 69
537 485
175 389
457 478
148 692
516 149
541 716

800 10
96 616
588 492
95 763
563 501
459 776
618 179
686 639
553 764
263 552
722 187

800 10
133 640
514 238
649 288
533 314
465 582
357 230
305 194
649 221
794 664
568 534

0