100
100 40
98 23
71 35
19 81
72 14
39 33
64 60
11 98
75 49
45 63
15 50
74 81
21 52
97 68
33 9
88 84
88 76
59 97
15 85
100 60
37 21
40 49
65 35
95 43
43 67
82 27
98 60
24 92
90 76
68 99
69 27
48 39
31 27
5 99
51 77
96 45
49 35
35 69
42 32
32 57
98 42

100 40
76 1
62 51
3 17
65 19
40 59
23 57
55 96
8 58
24 27
30 18
77 43
46 34
35 64
69 8
3 42
10 29
4 92
10 6
21 65
27 84
99 35
64 33
34 91
31 43
29 19
89 20
55 50
82 22
51 48
60 85
13 60
67 40
95 89
71 54
49 30
30 59
18 9
99 66
91 53
24 50

100 40
14 20
85 22
11 75
56 83
69 6
38 27
10 40
5 43
11 6
49 5
4 30
25 89
72 55
43 1
34 62
26 78
34 76
98 50
99 37
51 98
43 47
59 29
28 89
71 74
26 85
61 35
76 71
24 37
90 73
70 57
63 100
13 93
71 4
66 84
77 25
66 91
71 40
9 69
99 32
68 82

100 40
32 7
42 28
94 11
2 93
29 31
10 3
15 23
5 79
82 52
13 79
57 70
52 91
74 67
16 94
45 25
49 13
9 28
5 45
44 15
96 64
40 99
12 66
81 65
30 15
67 91
87 88
91 5
19 2
72 9
13 53
100 52
1 4
68 74
20 26
61 91
18 98
46 57
75 4
46 63
58 77

100 40
17 83
38 75
67 27
77 57
89 13
76 95
47 13
92 19
17 67
45 79
82 95
57 70
27 11
51 70
79 59
26 72
40 87
30 57
16 85
67 66
97 65
48 40
69 6
77 97
10 72
86 56
39 98
77 48
22 33
78 42
5 67
79 76
70 26
73 19
41 76
39 11
72 58
95 71
60 53
74 27

100 40
54 21
65 67
23 71
52 37
31 69
63 18
40 35
100 46
7 26
93 69
82 93
11 51
30 30
9 40
18 67
1 57
8 9
85 16
14 16
51 44
91 42
8 61
80 86
28 77
63 30
71 99
100 17
79 84
11 36
58 3
98 93
41 54
15 71
35 69
56 39
50 76
19 67
34 88
29 77
37 55

100 40
36 54
83 62
43 65
6 45
24 26
35 11
89 83
35 61
90 62
91 79
84 12
15 81
22 83
88 9
13 26
51 73
88 48
56 15
85 57
31 9
56 33
70 77
22 51
55 100
46 20
17 8
52 98
88 91
20 66
32 50
4 49
27 67
89 5
77 40
74 84
47 55
3 81
25 53
18 42
27 36

100 40
62 34
91 10
57 71
15 15
18 26
81 60
66 18
85 73
68 36
48 100
96 62
28 2
99 92
57 19
48 66
70 92
81 96
59 39
51 99
3 29
91 98
83 72
8 31
32 88
11 74
94 39
86 28
51 16
74 11
24 6
59 34
25 22
60 16
25 6
95 7
1 72
23 18
19 86
55 71
71 27

100 40
83 36
41 12
39 68
32 37
86 91
44 38
9 62
54 68
34 64
23 82
69 3
10 50
29 40
6 62
33 3
77 100
6 63
79 83
68 93
74 15
88 63
63 7
6 2
79 31
5 60
49 26
85 53
9 66
74 72
88 82
47 84
35 41
56 12
68 83
82 79
22 28
75 51
60 37
48 30
79 78

100 40
10 7
71 28
76 20
94 73
3 37
2 26
19 6
19 3
16 8
58 48
30 66
23 83
52 47
13 82
100 9
52 29
77 16
98 91
23 31
29 49
48 40
60 52
5 2
23 7
32 31
48 48
35 51
85 14
92 54
6 58
74 63
64 77
25 37
99 9
10 7
41 10
60 17
42 63
25 25
41 82

100 40
77 77
76 7
14 64
24 56
93 69
2 49
62 57
65 9
73 58
20 63
26 34
51 29
37 38
41 56
87 91
79 67
3 49
83 50
24 11
62 34
25 80
51 55
56 2
53 37
86 51
33 79
33 61
92 87
58 84
62 50
47 40
46 40
51 7
12 87
83 32
50 30
69 100
55 18
11 51
51 66

100 40
57 33
12 63
55 31
44 55
66 67
26 18
57 26
32 64
17 95
62 92
79 46
53 79
88 99
56 19
99 12
57 84
35 80
29 75
2 71
32 83
27 57
83 7
48 59
33 62
54 98
77 78
52 96
100 10
42 40
53 41
71 30
90 78
41 67
89 49
96 7
62 23
7 51
95 30
96 50
98 54

100 40
72 66
21 28
84 20
56 7
47 65
18 64
54 32
93 44
78 90
61 7
40 42
14 39
73 61
76 16
45 62
87 98
70 91
98 49
17 29
46 55
44 30
59 24
21 22
25 45
31 97
24 93
71 52
55 80
77 4
99 33
56 4
9 17
10 22
52 94
6 86
48 90
70 84
54 96
58 41
87 48

100 40
96 55
40 82
3 58
94 61
55 71
26 50
85 70
26 52
68 58
38 91
76 91
40 60
56 17
69 72
58 41
67 53
50 76
21 20
84 51
81 46
59 85
61 87
100 91
78 41
85 59
48 47
40 97
3 38
66 100
93 98
64 93
56 45
59 12
25 5
32 29
91 78
7 42
44 20
53 88
74 46

100 40
8 45
78 31
13 39
62 62
68 12
7 23
89 58
100 12
58 26
49 65
79 75
15 50
11 26
10 15
2 23
15 50
31 50
23 40
50 43
85 98
67 25
26 53
7 91
33 93
13 86
98 11
51 49
52 67
21 56
28 37
52 66
8 26
85 88
46 43
38 64
13 70
4 67
33 41
51 71
31 22

100 40
100 19
91 42
63 88
34 84
33 12
10 29
30 13
35 11
47 90
82 38
35 7
77 13
13 27
78 3
10 46
20 27
51 3
59 32
46 36
83 99
84 3
29 43
44 75
92 31
86 19
19 16
26 85
40 52
80 92
20 51
45 48
96 82
12 66
70 12
79 8
75 43
90 84
23 61
46 3
16 24

100 40
59 80
89 72
84 12
57 30
28 10
6 10
92 21
13 59
70 17
46 86
68 9
8 14
77 75
56 74
98 3
76 31
85 55
20 54
79 88
41 1
9 79
3 29
67 59
80 32
100 9
54 98
15 48
67 73
54 9
78 99
91 20
86 57
15 41
39 88
23 43
27 84
31 69
92 94
61 99
27 15

100 40
43 12
77 9
52 5
6 100
23 85
51 45
77 6
33 26
28 2
13 35
8 19
15 93
14 89
57 43
61 16
17 58
59 9
95 18
99 3
51 33
38 25
21 4
72 81
29 27
70 83
25 10
94 86
39 13
26 53
1 74
50 28
76 64
11 58
17 76
34 27
7 33
100 49
100 49
76 44
1 77

100 40
87 34
68 2
19 15
49 59
39 49
73 6
82 9
66 82
100 76
31 25
74 53
34 9
17 37
46 36
45 18
44 78
32 2
1 83
84 86
63 94
78 25
44 60
4 29
28 3
85 28
35 19
78 5
74 29
32 96
78 78
62 8
16 86
74 53
1 20
87 36
42 31
96 67
79 29
88 55
46 12

100 40
72 42
45 7
2 43
75 21
72 7
51 45
7 98
4 16
84 87
84 57
100 25
28 8
71 54
4 30
88 27
85 62
61 9
20 7
19 10
54 51
69 39
98 28
25 43
85 24
36 51
37 30
14 60
24 77
7 53
53 92
8 64
75 51
23 87
76 17
79 98
43 62
100 17
57 88
43 38
4 93

100 40
75 98
87 64
56 81
25 11
60 30
66 95
7 89
4 26
8 29
42 7
32 25
50 57
50 83
53 87
75 70
21 82
39 12
74 73
54 49
84 71
26 73
3 61
94 33
6 32
39 53
10 25
87 51
95 27
88 58
17 81
96 18
76 95
45 82
10 26
5 30
52 67
85 88
36 71
91 54
56 86

100 40
65 5
29 35
50 100
42 2
34 5
72 63
74 98
42 76
6 4
6 89
59 68
75 27
93 10
16 75
52 42
13 83
89 13
37 54
83 16
28 81
7 74
17 91
85 8
59 18
63 44
44 77
26 31
14 91
48 12
51 73
70 72
46 90
26 14
68 11
5 41
33 92
23 6
68 71
92 62
9 13

100 40
96 54
10 87
1 26
84 50
78 44
82 70
51 95
53 83
7 32
40 46
66 89
51 100
92 6
39 47
4 53
21 38
63 38
78 76
48 84
62 58
99 76
22 87
17 11
47 1
22 62
39 89
97 52
70 60
61 41
93 41
79 6
10 83
81 74
5 74
72 53
81 23
77 91
81 84
4 9
63 51

100 40
13 12
99 62
92 20
35 89
69 52
99 13
14 62
56 33
38 14
2 71
25 32
84 82
91 29
9 38
15 73
59 74
92 3
2 74
50 89
62 53
88 54
53 60
96 17
29 26
15 16
5 43
33 60
60 61
97 65
49 43
37 57
13 36
85 11
55 47
22 23
48 54
63 3
52 44
81 21
10 98

100 40
83 24
85 24
3 54
36 97
28 58
17 88
92 34
29 41
17 9
44 48
3 20
73 23
19 43
72 85
73 92
33 36
47 42
46 61
90 41
27 62
48 66
50 14
24 67
71 50
67 20
2 12
29 9
25 95
98 13
52 3
50 75
44 98
84 27
50 41
93 68
22 60
34 32
22 36
60 87
25 39

100 40
1 62
23 64
74 10
23 74
20 17
42 3
57 78
8 32
69 63
8 89
50 36
83 53
38 49
26 44
80 89
78 93
100 71
11 51
32 44
65 34
63 37
72 6
22 10
18 13
96 55
43 57
15 4
27 32
11 94
76 81
63 47
18 18
20 29
57 24
87 61
47 64
66 38
14 85
80 25
89 58

100 40
12 60
4 8
54 53
25 89
73 91
81 15
76 52
29 39
95 36
45 21
71 56
63 23
56 81
45 50
50 15
48 60
33 17
97 51
7 49
52 1
20 57
11 26
79 75
51 24
19 83
80 78
99 84
50 1
59 49
99 4
21 7
78 33
51 60
97 55
34 98
79 96
52 24
97 92
99 100
89 67

100 40
16 84
48 73
75 57
71 100
51 45
4 53
100 95
70 51
99 31
52 22
93 87
38 40
47 74
31 65
70 54
7 12
77 11
20 88
23 17
50 79
35 58
49 81
72 53
99 35
48 57
56 46
51 97
36 60
1 15
48 96
28 61
86 38
40 24
66 47
10 38
77 81
85 7
81 23
67 14
81 40

100 40
53 54
70 29
88 49
1 19
98 65
34 83
42 64
24 73
78 5
95 90
82 68
51 44
82 36
35 82
27 72
50 59
22 69
31 76
40 5
76 79
10 64
94 80
28 20
59 13
58 35
36 88
57 85
37 6
88 67
89 20
53 98
33 67
24 81
26 75
18 80
9 53
30 48
17 93
47 59
93 78

100 40
44 95
82 16
31 53
19 32
80 43
38 57
1 51
42 14
59 22
5 8
29 88
60 97
61 12
92 26
33 90
33 7
96 11
26 27
6 23
89 38
66 51
22 42
73 94
74 100
44 6
49 50
26 39
21 86
63 6
7 15
13 45
60 3
83 19
42 10
79 48
69 23
35 9
26 67
70 27
50 86

100 40
42 26
86 29
45 50
84 63
62 70
60 5
17 39
6 32
10 47
95 93
94 72
44 82
6 7
83 35
69 52
49 20
21 64
69 75
41 12
48 52
36 51
19 77
15 83
29 4
11 40
92 63
9 2
23 74
93 67
26 66
64 25
77 59
97 70
96 32
43 73
2 41
49 1
99 86
83 49
44 38

100 40
85 89
31 15
40 91
15 19
58 66
78 69
58 2
80 33
60 61
87 23
16 78
1 63
16 27
85 79
43 20
10 35
41 81
77 24
87 38
3 93
62 6
16 92
67 54
17 1
5 35
27 61
8 18
75 47
5 61
15 59
40 33
42 72
7 70
31 35
90 93
71 98
46 11
60 17
100 90
80 71

100 40
14 17
49 96
43 89
19 8
59 38
71 93
30 4
13 40
48 42
76 81
47 94
91 86
52 84
28 13
86 55
35 79
84 100
19 3
24 17
22 31
72 29
26 43
81 36
94 51
94 23
30 37
33 39
33 99
81 47
86 10
46 16
19 35
82 58
26 58
26 41
75 36
88 45
98 11
66 89
4 35

100 40
92 67
64 16
19 97
75 27
58 68
75 7
53 15
97 32
27 19
58 51
39 59
20 87
11 62
62 2
66 69
59 53
78 92
98 12
6 45
67 8
5 86
83 26
78 58
29 91
44 56
61 39
36 97
11 7
79 10
15 7
78 6
88 84
23 97
52 88
63 85
58 27
38 97
62 10
15 12
87 68

100 40
8 82
67 53
82 77
5 49
30 32
59 66
57 79
20 53
15 68
67 52
77 71
3 94
72 35
1 65
1 61
5 21
76 100
17 98
77 29
48 84
94 37
70 16
67 91
82 84
76 40
15 29
100 37
17 31
47 7
48 47
68 81
61 83
79 70
45 14
56 6
75 11
2 11
25 70
83 28
86 100

100 40
39 60
50 71
79 86
15 67
98 56
80 69
62 100
51 7
12 74
17 85
30 85
22 77
65 22
20 52
64 69
16 82
46 37
97 37
63 23
97 34
68 26
71 21
40 34
91 12
66 72
7 13
79 80
24 43
17 9
83 93
89 49
38 29
98 100
81 60
86 48
80 18
55 56
31 93
23 98
63 31

100 40
30 77
28 79
77 48
37 28
32 22
15 94
93 71
61 35
59 78
57 85
74 70
13 32
21 24
95 48
45 70
77 65
50 75
50 31
35 79
88 6
88 55
50 44
1 47
17 78
80 72
22 92
65 42
55 98
50 38
21 6
43 21
7 83
98 50
19 10
80 57
14 62
68 80
17 51
55 70
22 89

100 40
16 45
91 20
56 6
16 58
56 59
22 48
56 73
85 14
14 6
36 76
61 71
31 12
96 23
78 41
13 65
98 37
82 43
19 60
41 70
77 99
97 53
53 39
69 1
82 11
61 7
80 35
79 61
97 56
49 50
54 97
62 30
73 86
96 6
52 23
71 51
13 91
50 71
61 12
66 48
56 60

100 40
13 23
45 35
36 99
53 99
54 81
63 47
63 79
71 38
19 89
49 63
9 100
33 83
15 57
90 82
50 51
40 69
25 96
47 3
11 1
71 89
18 56
19 29
50 68
20 7
22 53
49 62
61 73
4 39
48 13
4 37
4 83
13 49
9 28
33 11
83 13
21 10
78 6
58 57
60 9
1 73

100 40
52 81
37 66
74 27
79 87
50 22
15 79
26 85
54 54
47 65
82 16
22 19
57 37
67 38
67 93
36 1
57 59
76 57
80 58
6 21
55 96
75 57
79 93
44 32
85 12
68 80
50 95
100 55
61 16
65 3
12 32
96 75
29 48
57 41
16 89
56 86
47 3
83 41
83 70
58 8
58 91

100 40
27 34
61 63
98 65
22 97
43 45
76 58
4 49
17 74
78 32
68 65
33 47
29 10
84 23
85 96
7 4
14 2
45 18
26 49
45 1
30 40
55 69
84 55
70 73
68 23
48 7
37 90
22 29
96 90
100 92
2 13
19 60
40 94
12 35
17 59
96 63
98 63
70 6
2 11
82 13
47 6

100 40
55 25
13 7
23 67
30 9
2 83
75 38
30 88
15 71
16 26
49 37
92 44
45 97
66 68
39 29
74 20
27 11
66 52
65 48
74 78
92 31
5 94
7 69
32 77
91 21
61 93
79 58
2 28
42 65
96 14
68 86
74 51
85 75
37 31
55 95
59 68
94 20
64 4
79 24
92 62
79 58

100 40
86 69
33 26
95 63
91 79
97 41
40 53
62 52
75 24
3 21
73 16
74 69
21 16
39 59
52 14
63 26
47 61
48 89
51 75
47 30
32 57
82 27
75 35
71 20
99 27
70 49
18 39
76 42
11 100
65 88
79 29
36 38
92 45
5 45
18 45
46 5
2 74
42 33
96 51
68 25
11 11

100 40
40 39
50 1
3 61
54 91
76 31
43 10
64 64
67 14
94 26
71 70
10 39
44 67
29 33
36 81
17 86
22 87
12 99
85 89
24 96
86 73
49 64
19 40
23 87
16 11
78 44
36 42
73 11
16 51
86 10
6 8
4 55
98 60
42 2
56 27
55 27
94 24
31 70
18 57
60 7
37 29

100 40
77 22
62 49
82 1
12 50
39 8
60 10
34 90
44 79
1 14
78 58
14 87
13 7
47 31
81 20
33 59
58 6
61 94
66 11
37 40
37 28
20 34
63 11
26 69
60 76
34 51
34 89
99 63
87 55
56 91
81 41
98 69
61 74
49 82
85 46
84 54
84 95
84 61
5 83
56 67
58 90

100 40
29 76
85 14
67 98
50 45
16 77
78 70
37 90
24 78
68 70
60 47
3 75
17 54
35 4
86 2
28 47
41 55
75 80
1 93
15 13
99 85
14 35
5 43
90 65
35 55
20 81
18 73
37 22
96 40
99 100
56 54
43 20
26 35
77 88
13 53
32 84
91 42
73 38
52 7
63 84
44 65

100 40
65 98
35 75
53 74
51 14
52 21
23 27
66 50
34 100
71 32
47 10
64 76
64 61
34 43
46 89
84 97
29 69
81 82
97 20
18 44
26 48
16 60
53 77
69 24
17 86
48 19
10 41
99 35
77 23
34 30
28 65
20 17
38 61
71 11
49 43
24 90
69 86
3 89
46 90
5 64
54 16

100 40
22 14
83 12
57 28
33 67
71 68
50 15
46 27
90 15
20 18
50 89
8 48
56 68
31 77
6 9
8 64
67 60
33 56
33 4
74 14
38 38
62 75
97 49
33 75
58 4
77 14
65 47
78 49
8 57
94 94
97 87
90 12
57 36
100 74
2 23
34 100
72 4
11 26
64 50
36 65
74 51

100 40
6 60
35 40
36 85
56 11
77 84
44 63
56 75
56 57
3 33
67 19
13 92
28 42
92 37
9 97
49 26
81 47
93 68
74 68
50 53
43 97
50 61
77 29
89 94
71 49
47 16
43 70
69 49
95 70
18 77
11 24
53 40
36 41
7 60
68 79
57 54
3 30
62 69
38 22
35 92
85 86

100 40
91 98
24 25
57 65
93 79
22 72
64 24
14 38
35 87
80 30
76 71
2 81
93 41
36 83
28 48
57 57
7 53
45 74
45 76
87 32
94 47
9 86
65 63
96 35
34 57
48 1
75 83
48 21
46 74
99 1
14 44
86 83
3 33
77 89
33 34
65 52
82 17
2 23
94 8
97 63
77 36

100 40
47 47
61 77
95 44
82 78
91 29
100 8
42 38
16 68
1 38
70 44
15 31
57 38
35 80
78 31
27 23
82 50
26 44
51 52
40 35
40 18
98 12
96 86
65 35
12 76
87 61
36 80
68 61
67 2
19 46
33 68
12 76
17 62
14 23
12 63
81 31
36 60
64 75
25 45
52 60
35 57

100 40
64 29
31 28
64 11
46 4
49 96
92 55
41 22
79 56
21 29
77 54
1 41
46 69
72 21
16 17
35 72
37 65
9 33
83 47
47 15
33 5
43 91
29 26
43 56
32 51
91 62
35 23
47 71
10 47
28 50
23 30
14 73
80 14
46 70
34 5
78 12
7 27
75 96
68 83
1 7
100 56

100 40
99 1
44 63
44 94
28 58
39 10
30 66
80 63
4 85
62 59
55 27
78 81
40 38
90 11
25 43
39 76
13 61
67 80
17 97
13 84
26 98
90 21
84 74
5 82
65 13
23 23
77 71
65 54
97 47
71 1
92 24
71 34
7 49
55 13
39 14
36 45
23 77
48 78
96 60
58 7
7 71

100 40
14 41
11 50
15 30
65 90
53 85
25 31
63 5
29 94
13 19
55 44
38 79
32 22
47 60
98 31
61 40
25 83
4 33
1 87
5 35
40 60
32 14
88 10
88 19
17 43
64 28
47 36
45 15
33 64
56 25
38 21
20 51
72 1
49 25
33 35
65 54
33 81
26 28
83 22
21 41
24 42

100 40
3 43
36 6
18 36
60 76
94 94
70 25
12 10
32 62
31 31
66 73
98 85
89 73
50 89
61 60
23 48
52 89
44 27
83 69
98 74
47 5
72 86
60 67
46 92
45 91
45 75
21 54
11 44
49 99
78 6
8 53
84 68
19 22
82 72
56 8
37 77
84 36
9 58
82 90
74 2
45 83

100 40
11 27
97 25
63 70
74 78
56 52
70 32
68 54
38 96
18 95
39 15
53 88
45 53
23 46
64 5
49 35
28 24
17 91
9 83
94 83
59 12
20 44
43 31
4 28
47 32
57 84
78 49
91 66
77 51
17 72
99 87
29 12
18 36
25 74
42 23
19 38
99 78
70 16
36 64
80 39
41 91

100 40
69 45
2 70
99 63
15 8
44 79
33 3
52 53
11 99
16 59
70 75
32 50
76 63
24 89
45 55
91 58
23 14
81 49
83 89
49 93
92 29
90 70
23 84
64 14
28 25
4 42
71 83
72 86
28 37
12 41
83 91
82 93
96 86
85 72
82 59
71 87
20 36
26 50
77 22
48 46
78 76

100 40
13 31
46 67
38 100
42 68
3 79
29 51
92 88
88 92
23 43
28 86
35 57
35 93
8 8
97 9
6 67
64 95
83 10
51 44
95 88
78 17
56 20
26 38
17 25
22 92
82 21
58 2
60 73
61 52
23 24
77 24
77 85
95 88
3 53
39 57
44 1
59 43
7 40
5 4
8 66
80 15

100 40
41 83
14 38
57 52
52 68
26 92
5 97
100 28
20 19
48 2
49 13
49 84
39 98
44 36
36 71
69 17
71 92
54 56
28 42
6 96
80 72
24 5
43 32
9 6
24 10
49 4
2 46
37 10
54 20
64 61
41 93
2 100
16 3
57 78
46 60
80 44
35 94
54 79
95 28
77 13
77 88

100 40
28 49
78 96
18 15
29 71
23 87
27 64
52 34
88 19
61 57
50 78
69 69
17 82
99 72
74 76
60 12
19 54
14 88
50 8
46 31
40 91
57 40
31 35
78 17
100 55
30 2
29 28
44 7
50 12
65 88
39 50
44 17
56 95
58 59
45 6
99 6
30 28
48 76
96 11
66 82
87 53

100 40
52 17
53 63
44 7
42 33
2 13
41 70
44 69
74 24
83 27
92 8
22 59
36 9
15 59
19 80
96 50
73 35
48 84
2 39
85 71
47 65
54 29
22 9
61 61
72 91
27 99
61 67
80 61
38 32
56 34
92 5
14 82
19 96
88 47
70 29
42 18
57 78
18 47
7 59
75 87
96 3

100 40
94 32
21 49
84 75
76 27
76 52
64 79
18 31
26 4
71 4
30 100
13 54
93 94
14 34
19 33
53 3
29 57
77 84
21 25
27 22
58 49
13 17
35 49
7 82
68 100
27 4
52 31
56 65
76 51
93 8
47 69
72 14
46 71
46 52
98 61
87 38
83 16
17 36
62 65
76 54
1 47

100 40
77 82
66 3
71 32
69 28
76 67
87 4
83 73
79 39
100 64
74 66
30 45
17 58
43 18
27 51
18 78
96 71
71 61
78 91
51 49
27 85
13 3
59 65
86 20
10 15
66 67
28 29
11 7
59 85
66 2
44 86
4 8
54 40
18 22
70 48
26 67
33 54
5 6
36 76
21 45
72 35

100 40
92 81
67 31
51 18
85 93
30 72
19 10
11 5
82 61
31 75
20 82
59 60
86 44
24 28
56 32
5 94
30 23
64 49
85 10
20 94
70 97
7 96
64 65
9 83
68 29
82 88
94 18
92 4
24 90
47 63
26 89
16 100
19 79
38 21
25 93
30 96
25 62
96 93
85 16
69 90
16 42

100 40
88 36
73 10
1 67
62 66
23 9
15 23
61 85
60 60
70 36
82 40
27 24
81 100
60 71
54 47
19 24
40 73
30 89
70 63
41 71
17 33
22 7
33 83
21 65
16 20
99 50
57 9
38 57
34 68
48 14
93 83
79 84
11 17
42 80
12 81
61 89
38 57
59 1
24 79
65 7
36 19

100 40
79 83
80 99
72 70
75 63
94 81
85 8
64 3
1 100
9 25
16 3
28 5
60 9
89 60
9 31
57 60
17 32
33 59
50 35
85 66
29 88
73 13
85 8
48 94
91 63
33 58
49 22
38 4
81 67
84 36
45 94
18 70
8 88
45 89
79 48
53 4
83 44
14 13
49 56
9 51
23 82

100 40
100 21
91 52
45 70
64 1
55 61
18 34
62 99
4 98
36 80
44 8
36 46
16 100
10 93
78 88
53 33
49 76
20 55
80 96
65 16
53 86
66 26
66 24
9 47
48 93
58 56
58 20
80 84
20 56
41 63
54 11
46 84
96 63
60 58
49 77
99 79
12 43
20 25
86 69
29 12
22 60

100 40
50 12
57 16
92 6
67 58
69 20
53 31
1 79
96 53
93 63
26 16
10 69
52 26
20 1
18 90
21 8
72 49
83 14
64 80
84 91
88 95
67 37
6 59
76 73
73 52
31 17
69 12
47 12
11 85
11 38
26 57
31 51
7 1
94 6
62 86
92 58
60 36
95 61
15 5
71 77
60 59

100 40
75 44
14 89
78 78
5 27
1 95
1 55
21 1
57 78
52 77
97 1
83 63
73 4
87 18
34 43
72 7
88 93
91 2
71 67
25 85
60 94
58 35
80 31
42 16
89 100
30 11
48 39
68 31
61 28
23 89
76 96
48 12
67 70
56 49
38 2
37 5
15 28
92 36
36 67
11 67
84 57

100 40
76 9
25 16
28 78
13 81
5 41
51 65
38 84
16 51
92 28
17 19
6 57
36 14
69 98
61 10
37 43
21 67
54 95
24 65
57 24
96 93
22 62
83 57
7 8
6 45
6 54
49 27
55 20
33 8
90 83
71 37
80 99
74 89
54 89
31 62
3 99
90 36
11 45
80 54
42 77
14 79

100 40
54 33
20 67
14 45
21 96
25 66
87 21
64 52
93 6
61 18
100 99
21 25
74 28
81 60
3 91
62 75
54 90
2 8
34 65
23 16
66 54
89 32
71 65
18 86
22 72
56 98
74 74
57 96
94 71
36 10
25 2
70 30
57 61
11 87
57 85
40 16
72 53
53 37
64 65
82 80
59 10

100 40
34 7
58 51
80 86
84 87
75 91
43 88
42 7
96 3
29 77
99 77
68 5
33 82
35 50
1 67
77 24
77 43
45 51
27 19
27 86
45 60
34 90
87 11
7 63
42 66
25 1
68 2
64 11
100 59
86 99
49 76
84 95
37 96
35 4
86 19
44 81
98 58
61 27
98 42
63 85
5 19

100 40
17 77
3 8
8 58
9 38
100 76
87 42
70 66
31 15
61 48
22 16
41 38
2 28
51 70
6 85
61 53
85 69
94 67
84 20
33 3
36 84
30 43
8 99
88 33
73 8
46 60
69 40
36 38
75 24
32 4
89 60
2 36
32 54
48 97
75 33
66 27
28 53
32 73
20 70
89 14
78 28

100 40
56 74
45 12
74 18
8 75
78 58
71 34
94 20
43 75
93 7
32 98
13 92
31 33
87 89
59 3
54 76
15 96
83 6
48 50
21 6
56 57
53 24
65 87
89 44
18 96
4 23
49 77
72 57
84 28
53 81
23 70
84 9
70 83
62 90
31 4
43 54
51 68
28 16
63 39
70 64
84 82

100 40
38 26
67 14
59 33
18 28
98 3
17 3
65 5
2 45
27 67
82 9
40 14
24 34
53 30
9 67
63 65
43 45
60 2
25 65
59 41
44 21
24 24
71 14
8 10
81 59
85 80
67 28
90 28
58 99
95 95
27 92
6 81
25 67
36 30
67 57
7 39
9 39
61 30
22 90
43 33
53 1

100 40
31 84
21 80
44 62
17 57
91 30
98 5
26 47
56 63
88 39
37 61
71 12
30 47
43 82
57 62
79 19
7 73
82 15
57 9
83 45
6 47
75 73
95 13
81 37
36 34
15 28
90 50
78 75
5 100
37 6
16 68
52 69
7 65
62 86
43 14
22 58
40 95
59 94
54 3
93 92
9 72

100 40
20 68
77 95
38 51
40 24
36 79
97 75
41 85
92 3
52 51
22 66
49 10
72 25
21 57
37 3
57 17
66 89
42 93
47 90
27 47
11 83
95 7
1 70
76 10
25 10
89 26
4 32
90 78
88 85
19 87
56 9
33 28
30 36
91 39
29 6
9 49
48 58
9 57
2 3
54 85
82 83

100 40
60 30
88 5
5 25
91 74
6 17
53 23
28 23
85 6
40 51
75 30
26 34
53 71
16 17
36 14
86 10
60 60
75 24
50 39
15 10
96 78
12 43
34 43
72 55
86 33
34 44
81 57
26 90
39 30
3 7
3 83
41 61
69 27
20 86
5 60
64 12
63 57
93 66
24 94
13 27
24 75

100 40
30 20
70 3
98 22
41 54
92 61
12 50
57 62
82 27
89 85
44 84
97 95
62 96
70 14
43 13
31 70
52 40
2 36
51 97
80 95
3 85
25 13
79 37
33 60
68 56
70 68
5 9
85 64
30 95
64 5
76 19
24 36
2 34
12 52
44 11
33 96
62 64
18 53
38 29
50 95
46 81

100 40
50 77
61 84
52 72
71 33
2 12
23 1
32 91
100 3
65 19
55 52
55 65
82 63
50 55
17 90
96 74
99 82
36 4
36 70
95 34
29 96
31 1
60 24
100 57
13 52
61 64
60 22
83 70
69 58
25 29
28 83
81 13
15 64
91 27
31 95
58 93
1 64
75 51
83 100
69 59
54 77

100 40
25 5
24 90
69 68
40 30
23 2
9 52
57 11
7 75
91 87
14 1
96 96
47 10
100 73
91 3
84 40
96 38
88 14
72 32
84 40
63 52
40 5
29 71
63 92
76 88
70 87
61 41
65 15
14 35
66 89
2 17
38 73
92 50
8 27
63 85
37 36
66 65
82 24
16 52
3 90
36 52

100 40
39 88
37 24
44 16
88 28
94 47
72 44
12 90
50 6
65 58
55 44
44 38
22 8
57 33
100 82
88 87
88 11
84 35
49 57
23 81
98 52
68 82
52 72
71 49
74 17
50 28
19 54
87 73
14 77
79 10
68 48
77 87
97 73
94 27
74 58
36 96
47 3
44 64
80 66
90 95
52 97

100 40
92 80
66 62
84 85
74 98
5 8
55 2
92 32
25 38
33 78
98 55
34 3
58 83
30 75
26 2
73 1
95 45
77 81
75 43
3 79
55 75
39 97
51 12
17 22
85 86
8 60
75 59
4 78
58 73
95 74
76 86
83 9
68 82
42 94
65 50
38 43
49 7
41 42
64 70
67 56
97 65

100 40
80 58
26 84
23 34
17 25
28 61
82 79
50 89
81 70
82 50
23 90
34 9
43 73
1 92
10 95
83 43
79 35
44 29
13 39
41 90
12 61
18 56
21 51
58 84
28 14
59 44
7 2
3 60
51 11
80 46
20 74
50 45
6 95
47 59
57 79
82 47
56 58
42 29
33 27
100 12
44 30

100 40
88 31
13 84
44 61
63 64
30 39
5 90
74 95
85 73
67 15
53 19
54 5
19 87
16 87
85 12
98 36
25 74
27 61
4 34
47 34
51 99
97 66
71 94
82 56
18 9
26 92
38 92
15 32
99 60
2 79
83 63
97 83
72 37
24 44
16 88
20 67
24 78
64 18
49 24
62 17
46 75

100 40
13 99
65 27
5 61
63 6
4 34
58 62
3 12
35 93
51 41
9 80
29 3
83 73
37 9
22 31
36 61
8 28
99 6
20 59
68 22
2 81
20 99
70 44
1 22
83 29
36 8
27 55
89 75
39 13
22 92
2 9
60 55
61 53
100 66
6 99
93 95
35 83
78 18
26 67
16 24
64 75

100 40
9 2
68 9
46 85
69 27
95 52
28 92
33 100
75 87
100 68
11 83
95 19
93 65
47 96
38 67
76 37
69 34
87 38
50 79
38 68
79 28
53 49
46 29
52 19
22 41
33 27
11 10
60 13
76 33
53 63
86 43
60 32
80 49
92 36
16 51
27 90
20 48
14 78
2 26
60 100
39 56

100 40
54 30
26 53
18 94
85 63
96 41
90 54
46 52
40 14
13 20
52 44
56 50
41 88
35 7
35 92
18 62
77 59
72 93
39 95
13 75
29 100
68 98
32 74
19 98
6 16
17 26
90 54
51 83
31 10
14 29
47 16
53 43
33 35
14 8
98 77
21 29
87 62
50 68
46 84
13 89
13 77

100 40
68 20
89 69
15 60
90 86
77 6
76 38
83 29
38 39
60 75
41 16
80 16
98 55
73 72
72 64
49 7
83 31
30 54
86 31
70 53
80 16
38 26
73 8
21 64
16 65
13 77
29 31
77 75
6 67
52 68
94 45
93 24
56 85
87 75
89 64
77 56
17 64
55 6
39 46
49 8
98 63

100 40
25 28
28 90
94 59
57 10
65 39
51 65
39 68
2 70
3 85
45 85
18 32
21 36
26 45
77 42
31 5
86 75
20 45
80 59
22 76
34 36
18 39
90 47
93 30
25 97
3 96
38 78
49 40
19 31
53 37
51 18
3 14
58 31
40 9
24 9
34 94
75 48
4 78
42 5
98 19
54 66

100 40
62 85
68 91
52 95
13 31
77 11
23 23
84 97
14 3
97 66
79 11
50 65
95 3
5 72
61 40
31 52
45 81
49 84
56 96
52 38
22 26
46 92
90 17
92 83
58 76
34 27
36 93
95 63
70 89
1 24
62 27
72 4
64 62
33 93
86 38
75 11
60 42
53 32
63 55
74 21
61 89

100 40
38 60
86 65
24 29
95 92
77 23
39 60
37 27
23 59
53 79
49 85
9 50
82 32
4 65
44 39
11 14
51 62
49 6
38 57
48 57
22 86
64 5
71 46
7 2
67 45
2 34
34 72
8 47
50 69
51 75
74 33
80 76
75 6
15 63
11 7
95 92
31 48
62 33
83 70
48 55
5 83

100 40
60 57
5 65
84 100
72 55
37 10
68 95
63 9
34 50
26 45
13 37
64 35
6 73
57 34
95 26
8 16
68 85
44 80
4 84
65 94
48 72
69 70
40 31
98 25
45 3
13 91
50 36
64 64
32 30
92 43
10 87
53 40
92 75
69 40
58 32
32 96
28 59
60 30
3 81
31 99
21 99

100 40
25 97
82 34
90 29
57 32
51 29
49 67
49 75
97 9
56 29
32 38
81 66
91 9
55 94
45 48
68 97
54 16
21 7
81 54
1 64
45 29
27 81
29 61
40 97
50 86
15 99
89 58
63 85
89 22
11 24
77 55
61 47
42 63
60 74
27 18
93 12
87 90
1 82
56 69
3 48
68 93

100 40
77 52
9 29
88 70
59 29
94 37
36 64
33 42
5 46
15 48
63 14
65 45
85 44
18 93
37 22
33 92
19 88
1 38
94 65
31 91
45 37
6 6
74 96
22 14
91 31
22 80
45 78
44 81
27 73
18 97
4 3
58 82
24 65
92 24
43 66
69 9
53 91
44 82
78 96
38 8
72 5

100 40
12 49
92 63
43 84
95 26
93 20
66 91
35 86
83 73
50 67
12 77
70 22
92 4
51 71
72 83
89 75
15 89
28 84
30 23
55 4
80 1
28 92
76 28
97 93
49 18
83 4
93 59
78 63
63 18
82 98
75 98
23 81
33 53
73 6
59 45
8 95
40 19
19 8
18 31
7 56
25 62

100 40
87 41
32 30
13 60
89 50
43 23
36 15
92 41
79 26
96 7
10 68
11 22
25 46
89 3
61 18
43 87
46 72
6 21
8 88
49 80
93 26
91 6
12 50
81 24
63 69
13 27
86 46
39 60
33 23
44 75
11 58
83 48
67 10
1 93
73 99
5 6
79 45
89 53
29 52
10 51
33 79

100 40
72 55
23 96
73 51
88 74
4 29
43 35
4 45
68 48
97 92
61 10
40 40
24 88
39 81
28 55
13 15
25 46
45 22
66 5
5 97
32 92
57 98
34 89
58 68
64 47
91 53
20 77
73 40
81 14
13 90
31 42
23 20
31 29
10 2
64 30
62 45
32 90
44 76
47 35
22 71
98 84

100 40
17 73
34 24
97 63
92 25
4 60
25 78
85 63
88 60
17 62
69 85
47 74
28 97
12 4
30 61
80 8
89 2
16 44
63 37
82 24
38 53
80 83
4 72
39 76
1 57
60 78
65 86
10 64
33 21
87 88
54 96
37 6
18 13
47 61
100 39
72 55
77 33
2 64
84 68
95 57
22 64

100 40
51 51
75 5
23 19
2 97
69 49
27 57
78 54
42 40
60 10
33 92
18 65
11 9
94 54
48 97
82 17
40 27
71 39
48 54
72 95
95 32
7 3
30 26
21 96
65 18
10 2
9 18
53 1
29 25
43 83
43 24
66 42
3 41
33 12
16 80
12 8
19 53
59 66
66 26
29 19
89 75

0