100
100 110
57 29
91 60
89 70
14 15
96 15
90 31
68 86
65 36
29 75
3 3
28 36
50 76
59 36
51 87
53 55
44 89
55 44
66 23
68 72
8 54
62 11
15 53
53 72
94 61
6 20
71 18
58 28
8 77
50 97
65 8
70 30
65 1
29 25
52 12
50 30
98 57
82 74
7 61
9 55
12 5
27 47
44 99
25 55
90 87
60 80
30 14
2 80
77 61
44 30
24 25
41 75
54 26
13 24
44 23
96 86
67 1
46 77
56 79
18 54
18 43
56 73
51 49
2 81
88 43
98 86
60 90
75 83
19 45
2 39
9 84
59 59
88 51
18 81
55 97
54 29
31 56
12 45
34 8
22 34
61 100
1 59
67 63
70 91
43 39
46 28
13 23
7 63
42 24
37 84
50 41
95 32
46 19
92 70
100 31
53 45
36 87
23 57
95 16
19 11
13 44
14 74
20 39
100 56
85 61
20 59
16 28
85 58
75 74
19 87
55 3

100 110
6 59
55 11
52 32
37 39
6 71
94 68
84 83
90 47
31 32
34 61
36 1
51 89
26 93
96 22
36 14
93 100
90 57
64 49
83 69
20 91
14 95
83 91
68 19
87 45
84 26
29 74
88 63
4 58
16 54
36 70
68 50
4 90
20 62
95 95
6 72
14 12
20 5
92 10
23 47
21 4
89 82
92 27
57 95
29 76
57 84
90 97
34 69
72 51
81 63
83 21
16 61
98 8
49 51
52 71
54 66
16 49
47 8
100 93
10 2
30 10
70 91
88 31
64 6
50 31
100 11
27 62
4 20
55 27
19 22
81 6
62 80
28 98
19 24
81 83
91 28
98 58
67 33
16 84
81 30
17 60
39 81
30 9
23 80
49 75
77 87
57 16
47 85
55 30
4 95
95 57
97 63
33 83
85 80
51 93
26 7
81 88
8 95
14 99
47 91
70 93
74 34
91 100
68 57
98 14
6 99
14 27
18 8
54 30
38 5
15 4

100 110
51 3
42 68
16 64
33 85
17 14
30 93
11 70
12 20
36 86
19 27
21 81
3 96
86 10
87 81
65 31
94 15
93 56
75 98
49 100
10 52
72 11
19 85
25 81
31 38
71 87
68 48
36 46
41 82
74 21
98 85
48 100
21 61
15 77
49 9
97 65
49 40
9 5
96 81
33 67
16 81
74 86
88 69
78 57
78 47
26 78
41 81
28 92
91 71
81 18
54 10
25 61
73 45
1 27
65 45
39 51
25 6
22 41
48 88
78 14
55 33
88 55
45 30
15 4
83 62
14 33
25 5
21 78
73 41
42 100
60 34
29 86
85 54
89 74
13 8
87 94
76 14
100 37
62 46
51 68
74 85
2 57
52 87
93 61
28 77
26 92
11 99
10 12
33 28
5 99
14 33
84 75
33 16
56 13
89 73
42 53
20 5
14 10
61 91
19 15
21 88
39 54
21 28
75 26
73 85
6 26
74 29
48 72
65 71
73 7
34 27

100 110
9 70
47 23
45 61
10 47
78 35
17 9
86 64
12 9
79 20
94 49
61 75
46 20
66 7
35 77
53 66
21 72
31 15
75 12
62 79
34 57
6 81
73 28
92 87
5 45
92 92
32 6
69 76
96 41
32 6
35 44
90 81
56 57
53 38
77 33
53 23
45 44
98 37
60 40
59 35
64 34
10 46
34 34
51 72
53 57
93 94
77 29
65 59
45 39
81 2
11 60
83 80
82 24
7 65
10 47
28 1
86 65
80 93
64 61
2 35
91 70
63 8
35 74
85 85
19 98
95 31
20 66
10 52
82 18
40 54
79 13
16 16
5 56
89 23
59 52
17 35
73 23
50 87
61 53
39 74
88 39
57 19
32 93
12 31
72 69
25 95
83 46
19 85
52 80
8 58
30 64
20 34
39 63
30 57
7 87
27 61
99 86
69 7
18 86
11 92
86 61
83 40
86 99
36 70
72 2
94 59
95 4
46 86
87 2
83 49
30 48

100 110
33 27
61 4
32 15
41 74
87 58
70 27
72 78
81 50
95 47
24 34
24 42
84 60
29 13
94 57
97 20
8 53
23 41
67 61
30 94
40 2
27 92
47 23
75 93
14 11
27 55
45 30
57 11
4 9
57 43
98 42
12 28
18 49
64 84
53 92
68 90
52 14
41 93
47 39
34 87
9 32
51 98
64 40
14 93
89 97
88 41
29 60
8 30
91 72
59 94
34 82
20 6
27 82
32 46
21 26
35 56
50 48
79 7
89 9
34 45
92 77
91 40
75 62
71 12
81 87
85 22
56 18
15 17
98 63
19 75
65 60
51 94
62 41
47 47
88 5
69 17
28 52
49 89
87 60
11 28
35 63
35 59
99 57
1 83
17 23
35 82
92 96
2 31
39 38
44 30
51 14
98 6
37 8
70 27
20 47
69 52
60 83
55 78
12 2
53 87
72 92
77 5
99 73
37 29
74 33
5 60
40 5
2 42
99 7
35 92
86 95

100 110
73 58
82 95
32 78
30 8
85 35
93 21
27 16
77 26
18 89
3 26
75 3
84 22
11 63
94 14
67 38
7 47
17 17
40 91
57 27
37 50
22 54
97 55
6 20
11 3
3 58
83 30
69 42
5 73
2 93
30 93
26 51
41 76
36 70
45 10
74 43
71 52
37 62
12 78
76 27
5 75
5 78
66 64
11 99
14 91
64 8
47 7
63 88
79 88
27 5
49 98
65 29
41 12
78 3
73 63
13 55
26 73
78 31
31 21
64 86
47 42
43 28
35 82
38 44
96 28
87 28
46 19
22 79
7 78
32 84
40 58
24 21
73 84
46 1
40 51
40 22
60 55
48 33
20 89
36 93
71 53
80 12
95 85
6 60
82 9
82 87
93 25
18 12
32 3
97 30
32 69
73 92
26 18
17 10
85 50
98 1
72 34
57 80
48 65
96 82
18 88
88 22
42 70
5 55
21 20
100 79
23 27
5 44
34 76
26 91
14 23

100 110
85 96
22 51
58 91
9 79
94 18
68 89
5 100
36 41
77 88
99 51
14 48
87 96
9 18
88 90
50 77
82 5
5 84
39 26
12 94
18 21
69 1
30 24
52 61
47 97
9 22
5 15
35 99
80 71
13 69
77 28
41 9
31 78
81 100
53 20
92 47
76 55
18 88
19 43
85 54
72 62
45 82
52 6
16 95
77 53
17 80
45 38
77 89
80 22
5 60
49 38
28 79
3 80
26 41
96 21
12 60
29 90
26 67
57 5
54 50
78 28
99 90
29 60
57 13
56 94
82 75
77 36
65 68
80 63
74 56
76 58
77 71
36 67
49 55
31 67
24 7
29 37
75 14
96 62
78 29
41 69
16 24
33 60
71 90
30 93
11 57
67 24
62 56
19 93
71 21
21 21
65 100
99 32
34 59
23 2
89 38
60 71
20 96
9 8
14 98
77 44
39 49
27 59
45 100
74 72
50 64
77 52
72 73
22 57
28 74
84 61

100 110
94 64
57 77
42 31
82 74
38 58
32 41
60 99
15 20
75 58
30 52
56 58
56 73
17 26
16 43
22 65
81 95
16 42
84 87
66 40
37 90
58 30
12 3
4 29
53 88
91 54
56 6
12 49
4 68
35 14
28 6
88 47
48 39
3 21
69 7
69 91
79 81
89 26
15 49
90 69
85 58
86 74
49 39
76 36
46 32
24 8
48 67
87 16
80 22
52 9
35 97
30 60
31 27
7 90
90 94
89 37
45 33
93 30
48 27
11 60
5 77
23 56
93 17
85 56
86 76
42 65
12 92
54 96
41 52
17 16
98 55
81 97
17 13
25 96
3 91
48 46
72 96
99 64
35 16
85 93
83 4
66 24
42 56
81 20
77 51
10 99
50 94
59 63
13 45
72 33
70 7
95 7
19 38
3 44
91 92
3 42
18 2
17 61
83 18
68 12
2 47
65 21
16 98
80 9
65 68
12 44
78 92
20 12
97 79
55 92
93 89

100 110
95 98
64 77
69 68
11 92
65 45
10 79
75 13
56 75
42 27
42 24
5 27
67 98
3 46
99 27
50 31
81 44
49 22
56 99
79 38
68 64
61 66
27 4
10 91
97 7
96 3
90 21
62 68
32 36
1 8
58 72
10 86
27 74
26 7
49 6
98 40
71 67
27 57
30 19
81 8
54 64
78 32
12 59
23 16
28 59
48 42
22 16
97 92
15 53
90 50
40 30
91 1
72 35
95 9
45 78
79 20
81 65
54 9
60 7
39 88
40 79
45 35
65 11
78 19
4 53
36 58
100 93
64 99
71 62
47 4
56 53
76 25
55 23
67 49
47 47
73 85
74 100
1 7
91 3
59 20
66 61
63 56
19 98
86 37
3 75
85 88
39 41
20 43
58 10
60 64
99 70
29 59
31 73
36 65
51 100
6 57
26 58
39 89
57 78
13 91
90 46
86 54
88 7
50 36
25 45
37 86
96 96
90 52
32 51
72 38
66 48

100 110
28 90
57 53
86 64
41 41
24 86
99 11
41 77
83 64
26 68
62 27
4 28
90 74
24 66
1 15
43 52
69 98
18 62
33 14
37 36
55 49
67 9
20 18
13 77
23 59
34 96
21 60
21 36
51 70
41 46
2 55
54 41
56 99
9 89
46 59
82 21
77 82
57 61
99 94
16 81
74 39
8 16
15 31
84 11
66 30
83 19
33 31
52 66
21 68
21 71
71 13
4 44
12 61
58 3
84 55
5 82
46 62
99 16
33 1
5 2
90 92
98 61
28 61
6 32
87 8
44 47
25 63
96 87
96 63
79 20
61 49
2 22
65 32
81 88
64 57
76 71
4 99
81 10
93 34
75 18
48 53
9 13
58 1
4 87
31 67
67 27
26 12
100 32
71 56
17 46
95 58
17 49
67 54
98 36
33 37
96 13
34 36
12 46
12 48
93 62
11 31
65 23
11 95
2 21
66 42
21 81
41 54
10 17
44 27
34 21
62 86

100 110
89 8
65 79
58 4
72 3
50 36
85 70
52 52
74 29
95 38
28 23
89 22
92 56
21 28
95 54
34 87
5 5
83 8
21 48
95 50
60 58
78 54
45 23
41 26
60 75
86 56
75 37
58 54
28 56
75 94
2 79
89 5
28 68
58 6
58 16
53 64
25 62
77 35
16 6
27 78
27 60
26 48
65 48
85 9
15 82
23 84
65 58
14 32
10 8
30 3
100 30
25 40
60 58
13 47
94 16
1 42
41 29
69 45
100 73
86 96
22 48
20 80
45 73
41 92
41 9
91 53
46 61
92 83
2 70
44 18
4 27
93 70
13 91
54 13
88 96
29 42
42 42
6 30
35 99
30 32
32 26
90 44
88 56
18 25
77 2
73 26
27 29
24 18
13 88
52 2
68 55
87 68
56 41
70 100
51 32
89 13
80 46
82 70
96 89
23 95
3 46
24 82
100 27
84 80
84 3
12 33
81 94
49 1
98 97
29 78
12 33

100 110
3 5
9 33
24 37
82 1
80 72
2 77
7 91
73 65
53 65
19 87
13 78
20 28
12 38
87 25
24 32
97 82
28 7
25 52
17 64
29 66
44 24
17 33
72 81
94 60
52 61
63 19
99 46
23 33
45 59
48 89
20 86
82 26
19 37
65 100
75 35
100 5
73 29
14 72
22 89
78 73
26 22
72 41
70 44
10 97
20 92
15 93
84 31
82 81
96 11
69 23
2 78
55 64
16 31
64 10
72 13
21 6
66 82
57 11
1 87
39 24
55 30
49 41
35 85
10 6
76 11
91 32
57 43
29 94
67 26
59 39
45 57
55 10
61 96
38 48
33 40
90 42
64 47
81 11
35 16
44 76
20 87
57 30
83 94
82 90
16 87
25 85
6 45
44 11
71 87
13 46
22 74
92 58
67 83
82 42
49 82
44 7
87 35
13 17
35 16
15 66
53 62
90 33
53 87
100 22
22 83
58 16
6 72
43 91
39 30
76 48

100 110
14 48
17 72
29 100
18 8
4 44
17 53
78 8
48 72
19 3
55 78
52 97
87 78
20 41
75 27
49 84
84 70
43 90
43 63
92 58
23 35
65 11
95 20
99 81
35 38
26 14
34 35
15 94
30 36
49 88
100 4
50 32
79 42
88 52
8 81
19 28
2 40
12 11
98 75
9 75
92 16
82 40
29 22
51 69
6 57
75 69
81 35
27 26
57 40
70 22
99 88
91 57
70 78
19 40
60 13
33 5
81 63
72 82
62 28
85 33
78 70
62 49
2 74
39 12
70 100
13 61
87 39
73 70
95 67
29 19
7 31
51 83
82 33
7 71
100 26
64 78
29 30
12 26
7 47
47 95
72 62
82 14
64 68
76 73
1 99
20 30
56 74
46 70
84 64
78 32
57 63
50 42
79 35
51 90
56 81
1 97
12 1
23 46
97 64
49 44
92 28
61 95
70 13
66 1
7 79
73 2
59 25
70 62
1 69
17 46
55 43

100 110
66 22
40 40
47 54
74 75
17 72
10 93
16 80
18 64
9 28
60 54
89 3
76 90
2 24
46 36
2 76
88 84
45 61
72 1
17 35
98 39
47 71
61 22
38 88
17 12
71 77
95 23
31 13
20 21
87 62
4 19
15 44
43 11
37 42
99 73
19 30
75 21
43 85
79 31
10 82
69 70
27 69
72 42
94 33
43 79
98 72
90 31
57 67
77 60
43 64
19 9
47 14
96 41
64 60
95 97
79 52
66 12
13 30
74 70
36 85
84 20
57 93
58 86
24 82
3 7
57 50
67 58
83 9
87 67
29 22
44 74
51 45
76 27
49 31
74 30
6 36
56 62
2 99
99 64
99 81
70 25
25 87
58 22
19 91
44 86
51 74
3 90
80 72
6 16
59 39
29 67
100 21
77 55
85 47
7 30
23 46
9 72
28 42
93 74
97 72
53 97
95 46
24 28
30 66
53 22
51 89
61 77
4 96
45 2
13 98
84 95

100 110
67 85
90 84
55 67
9 29
46 78
55 68
100 66
72 80
98 67
87 67
11 81
78 65
59 73
24 88
40 84
20 9
33 69
84 2
100 47
45 75
36 80
3 11
36 45
90 8
23 42
71 52
98 68
33 24
71 61
61 14
64 14
12 52
19 21
53 50
16 15
39 42
14 5
76 14
50 28
14 29
58 35
72 78
2 60
74 4
95 26
40 52
66 65
7 1
22 53
89 82
3 27
51 85
70 87
75 30
61 93
75 69
45 19
47 16
74 26
66 49
78 48
2 34
2 9
12 84
80 30
41 15
12 2
8 19
30 32
49 5
78 86
4 91
34 30
22 1
66 34
31 59
29 98
50 43
29 24
20 84
18 12
59 48
27 40
2 40
36 72
54 40
75 57
55 48
25 54
13 98
71 58
80 22
85 27
90 27
98 98
50 39
51 13
63 63
99 19
65 99
27 70
31 62
37 44
77 6
41 70
46 73
17 89
60 41
69 95
74 9

100 110
74 72
88 59
32 83
39 12
49 62
55 40
63 53
27 10
50 85
77 73
23 18
3 33
28 50
80 52
25 36
45 90
26 70
51 91
25 34
72 13
69 61
18 76
100 58
96 83
78 12
98 96
77 40
8 61
23 43
51 65
10 95
19 33
97 2
9 6
70 26
84 39
9 54
1 36
67 57
70 49
84 83
38 59
46 70
36 26
81 1
43 57
77 52
86 11
53 81
25 30
41 24
88 53
43 64
48 21
74 68
89 20
19 13
11 95
20 91
32 9
31 46
4 94
50 8
66 63
72 14
83 2
98 32
75 90
61 71
44 88
86 66
69 87
15 14
70 88
99 61
13 90
23 7
62 80
41 37
14 25
95 1
68 58
95 50
55 79
100 23
19 25
33 3
23 100
2 45
22 77
12 58
83 30
1 41
87 20
83 11
94 10
39 34
94 7
35 45
75 50
23 67
93 93
70 42
65 99
6 22
93 42
35 49
66 18
79 57
97 78

100 110
71 18
5 30
82 46
8 48
87 47
57 37
24 56
5 37
100 42
59 41
46 68
42 90
55 89
74 41
75 51
7 24
95 12
98 49
45 39
78 1
53 97
86 73
80 81
55 28
71 52
65 94
40 56
89 44
89 12
79 48
29 95
45 70
3 74
19 20
3 23
7 48
26 85
95 79
12 53
100 98
35 18
59 39
11 99
41 43
15 58
43 54
70 96
47 34
29 49
55 2
3 8
50 56
73 78
21 19
50 79
23 79
89 72
35 78
57 98
39 100
15 72
63 86
93 79
23 90
99 39
67 42
70 36
91 5
60 86
12 89
13 79
55 94
53 69
71 30
80 73
44 11
97 61
53 41
23 96
17 29
86 68
75 8
54 63
94 71
54 90
49 37
55 10
89 48
85 71
16 96
96 83
95 70
11 73
12 44
50 4
27 70
26 77
91 23
3 87
98 57
86 100
17 12
52 39
19 93
43 58
63 61
79 34
36 85
89 88
51 42

100 110
9 86
81 87
31 58
88 42
91 55
76 17
28 53
55 92
55 14
68 40
5 3
69 77
60 39
20 18
40 36
45 99
75 85
53 29
14 55
43 47
97 67
19 35
12 35
95 93
28 41
95 16
39 62
44 40
89 84
72 55
20 38
73 9
18 86
40 33
76 49
34 18
5 80
49 41
33 15
12 67
77 31
48 94
99 77
81 30
97 67
73 22
19 42
10 21
43 46
2 84
57 22
51 92
38 48
65 97
7 1
65 32
62 75
96 4
31 96
57 65
50 92
72 30
74 87
1 57
35 5
2 27
48 1
88 61
33 64
68 29
94 23
33 58
82 35
61 44
48 63
5 80
25 82
17 71
93 82
44 2
96 75
93 44
73 24
36 59
72 95
1 100
41 21
31 42
81 67
96 23
65 62
40 20
44 100
18 28
11 21
80 2
33 100
27 93
93 84
42 33
74 79
45 61
78 70
94 21
43 92
91 85
31 79
78 69
74 42
26 27

100 110
24 20
33 41
37 48
83 91
73 49
8 38
79 57
93 9
26 28
12 28
98 68
33 97
41 65
94 100
26 29
46 77
19 12
65 29
71 67
1 46
89 61
52 16
53 47
92 99
14 66
35 95
85 37
12 9
62 31
33 97
85 4
77 47
63 100
36 65
46 9
70 51
1 98
93 43
15 42
40 81
94 98
72 34
11 74
83 11
27 53
46 43
33 49
16 84
89 59
42 92
20 41
21 39
59 20
43 70
18 28
99 63
31 65
41 93
51 15
100 99
59 18
38 16
34 56
39 46
48 44
58 36
40 20
70 23
30 53
39 22
68 40
64 10
100 48
9 43
11 56
11 73
62 73
13 94
51 84
27 71
73 63
24 38
60 61
68 82
5 93
18 10
99 38
50 20
67 67
82 87
45 3
37 52
5 15
99 37
90 8
76 68
17 67
23 44
80 23
9 83
7 55
83 34
12 74
19 10
14 18
33 24
74 24
58 3
81 52
52 40

100 110
79 78
52 6
76 7
66 46
42 23
83 9
56 99
72 85
82 10
53 36
44 85
72 3
51 47
50 26
82 77
94 80
78 76
34 57
73 84
79 97
7 24
51 97
10 85
9 70
3 63
56 22
47 93
10 9
38 27
76 2
11 68
58 43
23 78
40 37
37 34
50 62
80 3
47 67
69 75
13 75
59 56
21 8
8 57
70 37
57 59
58 38
39 17
37 1
51 96
8 61
69 68
64 77
91 36
75 61
65 80
71 56
89 99
91 97
12 28
44 5
8 11
2 34
76 49
33 19
21 57
18 48
2 22
66 1
85 37
2 30
65 7
12 4
77 68
87 51
5 12
14 1
45 74
28 50
6 13
80 1
44 46
33 43
78 48
47 62
64 18
15 62
9 62
32 65
30 32
43 1
15 29
48 38
94 74
53 1
16 91
9 69
1 49
22 2
29 90
59 28
26 75
15 6
15 17
35 25
12 21
14 35
41 12
47 28
31 31
59 84

100 110
26 75
71 70
49 32
2 17
59 5
44 48
72 13
78 97
10 36
56 67
32 38
83 85
94 72
89 67
61 91
72 52
13 47
2 93
100 19
60 88
79 100
7 74
63 96
87 52
4 57
99 91
60 50
92 32
46 64
34 49
34 65
52 23
21 24
92 11
36 68
46 72
15 91
75 28
3 85
47 13
79 33
72 82
87 22
37 16
75 73
11 45
73 70
62 27
68 80
68 82
29 68
63 38
59 63
87 81
14 47
55 3
72 58
73 31
4 41
43 23
46 42
17 60
19 49
64 27
44 50
9 74
61 57
49 5
34 89
17 1
74 14
36 40
68 55
63 9
21 8
61 78
42 20
19 27
70 54
46 5
74 51
90 58
36 37
2 22
86 75
14 15
40 38
85 53
59 64
22 41
52 62
42 37
55 34
85 24
58 47
10 63
83 14
85 19
70 65
55 16
10 31
21 72
98 97
54 24
95 8
43 4
85 45
63 21
95 80
65 53

100 110
15 89
9 87
75 30
84 48
69 85
38 15
16 91
3 88
62 9
46 57
32 12
5 33
84 85
92 86
2 22
66 40
38 45
45 36
47 49
6 48
66 8
95 35
84 39
48 92
76 49
82 66
38 98
98 46
79 52
65 15
10 77
61 27
10 62
49 93
15 9
25 50
93 31
82 37
20 39
39 34
30 9
9 4
46 33
2 33
79 4
4 67
95 85
36 3
63 63
94 63
92 9
33 84
47 65
16 56
29 95
86 98
40 4
19 44
33 97
76 21
24 2
20 89
52 15
28 16
57 54
20 98
94 69
9 90
73 46
76 81
47 74
60 59
67 62
7 73
9 59
56 7
54 90
63 43
97 13
54 100
12 9
46 60
29 36
15 68
91 50
69 84
96 74
51 92
17 66
42 53
57 94
56 35
99 73
1 78
90 15
67 67
91 68
49 8
60 18
31 43
48 63
46 94
42 28
93 45
13 51
87 38
30 100
19 14
18 90
27 47

100 110
54 100
26 9
28 15
26 45
49 43
21 54
83 17
85 63
67 68
33 19
36 80
31 62
91 5
59 90
15 37
20 46
94 75
92 87
33 81
42 75
16 13
40 66
78 36
25 8
26 41
72 78
47 53
63 80
69 61
78 93
87 5
100 98
29 83
29 76
19 35
68 72
65 9
84 70
74 77
8 14
64 29
100 20
22 54
37 81
49 25
19 53
12 66
61 90
81 35
70 63
10 74
10 77
20 64
33 6
2 72
48 54
68 25
61 54
22 95
75 75
46 11
99 13
47 99
39 32
67 96
40 69
34 86
96 48
25 25
60 44
87 60
63 9
44 52
73 4
65 15
99 82
62 62
48 1
29 43
12 89
39 25
4 80
58 2
62 9
23 39
58 61
81 93
37 2
57 21
33 88
51 17
11 71
19 83
67 5
6 79
71 63
68 22
98 96
1 76
72 7
11 77
82 10
66 58
68 74
35 49
23 62
4 19
2 11
73 99
48 26

100 110
65 100
83 89
64 33
53 66
60 48
21 96
96 94
5 26
52 86
6 9
66 77
35 17
100 3
39 34
66 61
48 69
94 87
63 10
52 51
72 1
61 93
68 53
57 97
38 6
92 35
30 54
13 94
22 64
44 79
95 19
55 35
7 20
11 1
73 57
61 90
71 18
90 12
37 4
62 11
24 55
13 99
76 45
87 35
61 75
77 37
31 44
17 86
94 81
92 41
29 4
83 15
90 45
3 6
63 75
24 78
23 53
41 98
65 3
84 67
90 29
77 3
11 70
86 14
32 91
56 91
30 51
40 46
65 44
86 45
69 65
99 56
96 23
100 16
44 63
46 9
44 96
40 60
17 99
18 7
91 22
83 19
2 15
56 2
59 70
16 7
69 48
61 48
52 97
16 9
45 7
8 66
84 23
98 75
55 6
69 88
9 32
18 26
5 19
7 32
50 68
72 95
40 100
85 61
79 22
50 36
64 13
97 29
96 73
20 22
26 96

100 110
68 74
20 99
37 80
25 80
56 82
16 3
77 52
63 25
31 91
36 90
49 90
5 25
38 18
29 33
16 43
12 78
56 39
85 27
83 37
27 17
87 68
27 63
88 90
33 53
63 25
14 32
60 65
77 32
85 37
24 68
10 82
48 40
90 38
31 8
26 25
89 61
61 42
88 65
31 98
83 59
28 42
59 89
84 49
47 52
72 60
33 34
23 24
69 4
7 54
62 4
100 100
69 44
32 79
82 32
59 67
53 49
18 2
22 24
94 27
22 12
34 85
39 21
70 91
88 41
3 62
72 62
40 82
63 99
82 49
60 40
92 81
30 86
42 14
70 58
66 22
14 86
50 9
72 52
88 35
32 73
74 29
55 53
19 60
21 12
27 8
36 86
15 81
17 67
92 18
48 87
32 32
11 59
86 49
30 37
45 74
11 15
3 65
50 29
39 88
69 13
4 47
54 91
93 54
62 71
28 23
49 85
8 92
94 90
99 46
49 94

100 110
23 74
75 66
90 39
44 35
78 14
65 20
92 59
72 65
89 71
34 78
71 14
10 59
23 79
39 20
27 72
64 10
87 34
48 46
21 2
8 27
80 82
65 96
67 4
24 90
49 96
38 63
70 49
88 15
71 90
20 93
89 1
24 53
91 67
72 8
73 19
61 19
43 75
77 63
9 92
58 1
67 13
60 7
53 85
92 92
61 59
98 67
62 69
80 60
98 100
47 97
73 24
4 84
31 29
20 3
98 10
38 83
92 94
13 6
42 62
71 69
76 44
23 9
73 73
85 36
32 21
41 72
62 81
35 84
10 14
57 78
28 79
78 59
78 96
18 34
17 25
68 97
44 63
18 52
49 90
37 12
92 62
33 60
8 12
97 45
10 88
64 91
18 51
98 56
8 24
47 38
1 22
76 91
1 63
90 91
60 37
47 53
78 39
45 7
94 61
94 84
78 91
64 59
11 99
74 6
32 23
55 43
28 92
59 49
25 17
61 52

100 110
78 34
68 43
77 94
80 24
51 17
72 82
43 96
18 17
33 3
73 56
23 46
19 40
34 44
42 84
53 33
10 3
55 74
41 83
34 28
56 33
26 7
9 26
29 34
3 40
19 6
44 19
89 33
95 63
2 88
89 68
65 99
89 12
26 80
62 98
83 55
6 57
30 97
61 56
71 92
47 10
27 32
25 65
30 71
19 99
98 50
75 43
97 9
84 83
15 7
73 46
46 99
58 57
63 70
4 97
61 39
76 30
52 13
77 11
15 61
24 47
31 45
81 98
7 35
3 82
27 15
8 68
73 50
23 20
87 26
7 57
62 61
95 22
12 84
90 38
88 37
38 11
54 43
5 49
14 80
16 95
44 31
25 29
92 91
64 25
52 96
90 45
19 92
78 88
61 18
100 65
61 19
75 24
37 100
35 29
40 62
95 28
25 100
29 86
71 21
79 59
88 39
93 30
16 72
78 16
77 50
42 58
13 8
75 60
2 14
63 38

100 110
5 63
42 56
87 13
69 43
62 44
54 21
19 56
8 11
53 63
40 81
100 21
16 63
84 42
31 63
18 75
79 99
8 30
53 8
30 67
32 97
40 10
55 45
42 82
66 36
56 67
66 48
56 6
99 45
23 70
78 76
9 89
34 86
32 3
88 15
12 30
34 79
6 13
34 2
2 11
88 35
24 13
18 73
82 49
76 49
45 5
87 3
4 46
18 50
10 10
89 94
1 24
36 33
86 4
28 36
40 15
63 94
77 29
11 43
62 72
40 69
96 72
18 73
47 29
45 79
90 56
13 74
48 2
4 11
5 82
51 71
63 2
51 33
54 54
81 11
79 26
35 59
22 8
80 50
37 30
68 90
69 91
36 72
40 97
76 93
88 99
68 77
38 67
78 69
85 12
91 97
94 26
16 57
16 75
74 92
33 1
34 66
96 63
43 60
62 43
66 42
9 17
64 24
80 78
3 22
95 60
61 23
26 76
61 64
62 52
19 90

100 110
15 75
89 96
76 95
84 95
97 22
28 27
62 66
73 54
90 70
34 75
99 94
26 27
55 48
31 97
40 48
3 17
39 31
4 86
41 100
90 35
67 64
60 1
88 32
2 52
96 74
29 60
93 37
88 10
91 48
97 29
89 65
61 94
92 48
70 41
17 100
99 87
93 42
9 68
53 84
2 79
90 78
86 75
99 2
33 63
68 16
23 74
58 17
13 77
23 74
18 21
93 46
25 22
42 72
38 26
17 69
67 95
11 5
46 99
23 61
14 65
4 76
38 39
64 18
33 70
91 36
6 96
41 33
23 84
6 69
63 89
59 97
2 27
63 32
14 34
87 70
19 6
63 53
4 57
51 55
74 76
68 61
95 7
55 51
27 29
99 56
84 79
34 50
6 17
34 6
46 27
15 7
66 69
100 33
68 38
5 79
55 90
54 14
76 35
61 94
70 35
22 20
98 40
86 98
74 6
74 12
9 61
76 32
35 36
93 30
10 34

100 110
10 66
13 26
9 4
26 96
15 28
93 89
13 39
74 67
97 4
16 20
11 56
49 57
26 6
96 12
99 63
35 79
76 72
2 15
72 27
25 68
29 63
16 65
63 95
13 1
16 49
55 58
53 59
1 21
24 31
34 10
66 44
91 58
9 77
26 94
28 98
96 54
81 5
69 90
100 13
7 18
81 95
87 63
91 60
20 43
64 50
8 94
37 50
73 47
27 98
79 32
99 81
26 36
78 90
10 85
98 20
64 90
86 46
32 58
82 75
38 88
39 60
8 57
34 82
57 69
97 26
23 60
90 14
23 34
24 66
28 20
65 81
60 24
67 39
38 8
57 28
24 42
27 20
35 14
52 72
78 66
70 44
67 1
57 25
39 37
13 30
71 78
46 56
43 19
84 74
27 22
69 84
80 83
48 13
73 3
78 20
51 39
28 8
53 50
77 47
23 2
12 15
12 72
82 95
21 35
79 57
33 90
44 46
76 23
40 8
3 51

100 110
100 29
31 43
79 64
90 90
1 56
61 38
38 56
19 49
68 2
100 66
61 84
29 77
50 56
44 76
44 53
47 66
21 73
13 55
10 44
32 75
88 80
33 65
85 13
50 72
65 29
99 46
23 28
60 50
55 67
81 27
24 20
9 92
89 69
94 6
41 80
78 91
52 22
50 66
11 70
58 76
62 24
4 62
92 19
87 99
3 16
26 5
20 45
20 63
87 22
29 91
80 75
57 15
6 26
68 75
89 98
39 46
73 49
5 48
58 8
48 49
56 62
90 77
3 83
4 5
9 57
81 88
41 42
70 84
22 70
79 13
15 44
35 45
48 31
26 47
53 93
21 84
47 39
12 83
100 98
67 24
58 36
10 46
18 63
53 68
21 8
89 63
81 8
65 92
12 48
85 68
29 56
57 36
1 76
59 46
44 98
69 25
94 76
43 85
10 34
79 21
35 7
99 33
85 96
80 66
76 25
58 70
3 7
50 7
50 73
54 92

100 110
54 94
56 36
1 37
65 38
21 31
79 11
69 59
63 100
64 22
82 8
2 28
91 36
4 5
42 74
94 60
26 26
58 69
93 14
58 22
93 49
43 84
29 72
72 6
79 39
54 66
49 71
86 54
94 47
69 34
34 33
31 29
46 48
19 8
100 49
55 97
82 2
33 37
19 52
97 91
62 92
50 15
77 76
3 68
17 45
92 84
98 70
75 86
35 27
57 94
84 66
85 34
12 53
28 22
48 52
99 39
73 76
26 83
63 76
14 86
68 100
31 10
95 88
32 42
82 31
61 47
83 94
83 70
48 17
11 75
67 13
31 51
52 42
91 8
18 81
81 68
97 73
32 6
86 56
96 65
96 99
36 40
27 77
88 28
70 5
33 35
81 22
17 6
11 82
38 75
92 5
92 97
27 52
2 44
92 45
100 93
27 86
70 28
42 93
20 1
38 95
46 94
75 25
47 43
45 64
11 96
73 85
81 77
33 79
18 51
74 2

100 110
60 3
30 16
77 10
61 45
89 99
11 66
60 67
84 92
42 15
98 9
39 3
84 26
96 97
90 80
61 64
19 7
62 52
71 14
17 18
14 22
84 96
89 100
58 62
57 83
31 82
50 15
81 88
74 92
57 51
36 97
19 21
40 98
30 59
90 9
19 36
77 56
18 64
79 45
90 10
5 29
70 28
68 36
91 35
99 86
84 94
60 64
71 5
29 94
12 90
54 53
51 98
18 93
75 55
73 82
42 11
43 86
72 41
75 84
44 17
52 33
12 37
97 8
86 77
34 46
86 28
46 97
4 51
26 69
90 85
95 73
80 89
85 47
88 35
65 77
48 69
18 22
28 87
70 93
63 83
91 83
27 70
12 19
86 36
11 9
50 15
16 83
51 48
80 30
6 65
17 43
65 41
41 13
67 82
24 6
31 62
89 55
47 98
64 45
59 83
51 12
59 41
22 99
39 39
5 35
74 15
79 48
41 33
58 2
54 16
59 43

100 110
53 89
86 8
53 34
50 10
12 40
39 25
72 86
21 20
15 28
6 96
17 32
24 17
95 46
37 93
60 15
22 54
26 83
46 53
100 14
64 33
57 12
68 60
86 98
63 75
37 80
51 14
75 43
43 51
16 92
20 2
17 10
47 83
19 21
91 73
85 68
19 25
97 75
1 73
99 82
7 32
6 90
8 6
34 54
38 90
52 77
8 53
50 59
23 55
76 19
22 39
14 31
83 30
34 20
10 16
73 72
37 28
53 63
32 54
39 57
38 73
100 19
51 54
25 1
35 69
52 44
69 60
34 49
29 6
44 18
99 87
86 87
5 67
4 17
81 92
35 66
25 94
22 28
64 29
73 59
63 75
72 94
62 11
54 35
14 86
57 54
74 6
81 64
61 39
51 9
15 84
11 74
59 91
28 97
27 75
5 52
86 42
85 56
95 16
84 88
17 99
44 65
4 62
67 90
84 56
99 67
50 48
10 29
6 50
5 42
49 41

100 110
15 59
1 60
93 60
12 26
31 68
33 34
44 96
35 52
30 21
60 81
23 59
67 57
23 49
87 30
88 91
98 11
71 37
67 77
5 2
41 38
93 87
94 68
96 31
80 28
31 16
18 71
45 32
95 88
30 51
41 78
22 17
66 16
71 25
6 52
17 90
89 62
64 85
50 58
20 58
57 98
98 100
66 7
46 47
55 44
21 10
4 96
8 4
84 26
90 61
15 13
8 14
66 93
34 76
87 52
10 62
13 61
98 3
84 63
27 60
1 10
5 77
59 7
67 53
87 1
93 95
66 18
35 99
37 44
97 75
85 90
58 34
31 46
8 100
50 87
66 71
50 86
55 44
100 48
21 55
39 70
41 24
31 41
63 54
20 82
13 70
63 69
53 65
47 46
14 95
34 25
13 5
15 64
29 25
61 6
64 95
73 21
22 59
26 87
95 14
90 85
70 50
97 59
66 11
62 16
99 10
6 64
36 7
19 35
61 80
57 11

100 110
99 39
8 77
59 1
36 4
71 61
22 83
78 100
46 27
96 99
83 49
23 65
66 7
93 6
40 24
13 93
20 71
11 34
79 2
86 55
51 2
74 13
87 25
49 37
6 69
2 7
33 85
26 12
69 28
82 62
9 47
68 13
11 33
20 38
64 2
99 89
93 38
12 97
47 22
86 29
75 92
83 73
25 27
61 52
1 24
28 16
100 24
58 58
20 100
70 51
37 26
17 1
13 73
28 11
43 61
44 21
15 61
55 19
4 75
9 99
98 83
39 4
2 11
6 69
12 10
74 30
90 14
88 85
68 78
3 71
100 85
87 78
3 68
37 40
43 20
56 8
2 96
36 89
36 73
34 68
20 91
77 6
92 48
48 35
13 66
74 72
45 53
77 94
86 83
97 35
100 66
51 7
78 62
35 59
15 41
95 35
99 15
96 90
79 74
10 3
61 29
88 21
36 30
58 11
79 89
26 13
79 34
32 31
12 78
78 72
47 74

100 110
93 24
5 6
88 24
90 60
72 26
99 78
39 24
35 6
3 51
21 16
33 69
76 89
14 80
10 81
83 21
66 26
42 9
86 74
72 53
54 48
57 91
59 10
82 82
42 50
51 41
28 13
36 58
16 23
57 33
41 37
38 94
4 68
37 80
27 58
20 11
45 6
65 27
34 94
76 26
75 92
12 49
40 67
94 83
97 83
36 94
48 65
27 6
57 96
33 57
38 7
82 60
10 69
36 44
10 63
8 83
48 5
1 15
100 51
14 42
18 22
99 81
90 91
97 91
80 49
56 86
38 19
50 54
81 57
15 43
49 84
16 7
70 12
18 60
32 59
67 73
68 7
63 26
90 45
85 32
50 80
25 33
37 69
99 91
24 20
64 37
28 19
53 1
43 64
39 4
46 39
2 14
62 99
42 22
52 29
94 75
34 80
4 23
1 24
20 25
13 31
45 37
72 37
67 24
77 94
28 68
61 23
23 30
7 75
60 54
7 26

100 110
43 42
57 49
22 15
72 76
68 66
37 29
14 91
46 98
49 82
74 84
21 51
75 10
90 41
20 72
20 30
68 28
84 5
79 12
38 28
30 28
77 13
59 17
28 18
63 23
15 86
4 49
5 22
86 37
86 45
35 20
11 81
24 18
61 48
87 4
41 45
8 61
35 18
55 28
17 67
24 50
8 78
28 8
62 66
46 48
31 58
24 52
56 76
85 98
72 49
74 48
49 38
85 60
47 73
92 25
12 15
51 57
89 46
3 9
17 25
81 41
100 36
18 41
55 26
83 63
99 36
5 41
4 65
39 83
69 57
90 40
50 58
75 36
20 51
76 55
2 17
99 92
56 54
90 77
99 63
89 14
32 51
63 88
41 75
40 73
75 79
95 23
70 39
23 90
88 8
44 14
69 37
15 62
81 11
15 30
10 82
11 82
53 10
82 5
93 17
94 22
31 35
56 26
43 34
72 40
97 71
4 94
88 13
60 71
42 41
43 55

100 110
77 64
11 77
70 85
34 43
67 16
79 1
6 84
51 4
81 62
30 31
63 61
54 25
20 97
7 24
2 23
24 47
88 34
77 1
31 31
1 23
24 59
9 25
88 55
37 87
69 8
22 80
59 39
32 100
61 59
95 83
37 71
55 12
33 49
61 68
41 42
97 18
45 88
70 64
40 55
87 84
31 1
24 46
32 94
15 13
9 98
14 84
74 78
42 78
100 40
87 1
1 29
49 53
83 30
21 62
91 35
84 4
53 99
42 23
86 38
7 45
96 95
55 53
75 58
45 28
28 44
83 70
17 99
59 29
67 79
14 55
50 27
4 25
95 25
44 66
48 10
93 34
43 17
70 6
62 31
17 25
36 16
26 17
21 70
26 22
51 44
98 70
76 15
53 39
64 85
86 53
51 19
2 79
67 5
50 10
37 4
61 96
15 93
25 3
100 23
51 98
74 79
54 20
76 63
15 47
92 85
81 65
81 77
30 31
20 60
70 77

100 110
2 3
54 38
56 91
36 83
30 52
98 22
26 53
59 68
66 98
75 30
88 43
23 79
30 93
47 86
92 93
77 5
40 90
68 87
25 99
50 66
18 6
37 89
42 18
11 47
54 48
8 45
22 72
99 5
86 92
3 65
45 29
24 67
50 27
23 23
4 72
16 55
4 45
51 39
38 89
50 10
96 59
1 44
8 78
4 100
70 57
64 87
11 41
29 98
51 1
88 75
40 94
13 16
65 79
32 51
29 14
6 35
69 57
15 66
22 79
53 6
32 10
93 72
96 15
74 94
96 71
74 99
47 6
30 48
41 82
86 47
69 95
56 30
28 59
98 12
79 60
74 28
68 80
59 49
85 65
96 28
95 46
72 8
89 1
26 17
17 98
23 95
93 88
51 78
77 100
23 83
33 14
98 99
14 57
100 63
32 95
9 71
28 99
94 55
25 76
98 29
16 15
59 76
83 34
11 92
84 71
90 70
63 14
56 77
39 40
40 83

100 110
84 41
87 19
25 2
21 47
97 18
6 80
68 28
47 39
28 8
39 37
26 26
61 60
22 14
8 51
81 86
34 3
96 61
16 57
45 31
31 63
55 34
86 60
66 76
43 13
44 57
49 28
40 72
46 14
37 6
56 17
64 96
88 71
96 92
68 35
74 59
54 87
90 58
30 66
70 77
16 86
47 70
65 1
82 61
82 59
83 42
20 38
66 50
41 88
64 8
84 76
58 47
32 44
97 70
93 38
80 89
57 81
87 61
57 24
80 77
54 58
67 77
79 26
41 14
14 43
28 94
3 3
35 76
60 7
72 12
62 1
49 17
5 89
89 18
20 7
56 77
66 13
6 84
10 14
40 60
53 95
3 73
74 20
7 23
36 24
28 88
75 8
82 25
90 8
72 23
26 71
24 14
24 6
65 78
73 28
77 31
16 27
14 64
41 55
86 28
69 75
33 46
28 6
81 3
40 77
80 97
19 83
77 10
74 7
92 85
89 42

100 110
18 91
74 59
82 97
45 62
75 82
47 81
68 7
47 14
74 7
70 44
12 21
48 83
26 55
71 21
91 24
3 44
97 22
49 50
14 2
16 12
31 87
68 44
52 82
84 42
32 14
44 50
84 61
33 39
69 45
50 20
30 18
42 69
85 82
38 51
87 20
46 33
36 52
19 85
79 82
17 79
57 41
9 95
88 5
93 96
72 27
43 62
88 27
100 86
77 66
44 52
88 75
76 4
77 53
61 43
28 94
67 82
79 52
96 42
73 8
81 96
66 80
35 71
60 23
100 7
70 28
35 35
22 81
39 91
43 91
67 65
36 2
25 87
89 72
96 53
49 47
5 6
62 50
34 44
78 100
21 26
44 98
2 26
89 85
27 99
50 79
43 46
87 16
41 34
65 65
75 58
91 17
73 99
77 55
52 97
27 84
63 68
95 88
62 47
44 18
94 7
11 46
89 67
23 65
98 35
19 31
53 95
26 70
78 19
53 27
10 21

100 110
71 38
5 15
25 48
26 44
72 14
26 59
19 80
71 58
98 93
20 74
54 100
63 87
31 44
38 46
68 12
67 63
13 10
49 83
16 15
88 36
82 88
1 38
68 75
40 57
95 14
19 90
52 90
33 91
29 73
31 26
100 55
46 62
35 93
26 79
54 11
29 72
24 46
8 38
33 60
51 59
65 97
74 79
77 29
85 28
57 98
34 53
63 95
92 46
65 61
81 48
70 20
75 59
54 6
84 25
27 16
63 15
4 47
60 47
69 76
45 10
75 79
4 44
14 88
9 93
99 31
80 10
58 71
63 14
86 8
62 61
100 85
54 9
16 4
51 43
37 65
89 98
47 36
94 43
22 60
33 45
21 75
22 55
16 63
90 34
77 5
78 67
97 67
7 78
83 84
86 11
41 14
47 87
50 60
42 91
6 57
87 32
56 7
89 55
77 53
21 82
6 32
35 38
11 25
16 12
67 35
8 67
49 5
99 33
50 52
2 63

100 110
38 60
27 40
31 71
52 75
33 3
95 66
20 40
47 55
85 76
30 72
56 22
71 92
17 24
36 48
88 84
38 15
44 50
95 39
70 36
43 35
49 47
62 62
62 42
10 19
20 31
24 32
21 1
99 69
69 44
67 79
20 29
8 56
63 83
48 38
71 25
82 63
97 47
75 40
30 84
42 97
94 57
91 56
18 9
94 53
42 5
4 87
35 37
26 14
53 84
52 19
30 46
57 90
2 52
9 26
57 52
54 58
52 15
50 40
41 47
54 54
75 66
69 87
51 53
27 85
43 16
85 40
48 51
40 50
26 2
41 45
26 94
33 56
88 34
79 26
77 40
35 87
36 53
91 1
45 5
23 86
94 77
68 17
54 51
26 74
4 96
86 48
7 18
55 87
89 9
13 91
80 14
76 70
42 15
52 88
80 57
84 60
9 31
9 37
5 65
30 39
36 12
95 6
56 52
74 29
45 38
79 51
93 12
35 40
52 13
89 3

100 110
21 49
62 24
87 83
77 64
31 84
13 45
67 43
84 1
79 15
28 56
11 70
22 54
36 86
25 28
75 16
37 29
61 52
61 42
57 42
61 80
1 37
11 21
88 63
97 71
11 44
27 71
49 17
59 28
64 10
36 88
76 3
1 28
8 82
25 42
47 76
36 3
46 33
81 47
19 38
44 49
73 15
52 81
44 63
5 6
19 22
47 99
53 56
100 33
90 39
42 34
55 31
60 65
61 48
64 9
37 20
25 25
94 99
87 15
80 9
29 6
86 2
7 44
66 63
92 30
24 46
99 58
88 88
53 83
24 6
97 47
72 70
81 81
38 28
81 99
63 67
71 40
41 20
27 33
32 11
45 23
69 11
1 35
9 63
49 94
3 72
15 92
49 35
90 97
69 4
25 71
99 38
27 39
51 57
47 64
97 62
26 20
21 52
42 2
85 18
85 65
93 31
34 75
86 7
89 77
61 88
14 12
89 2
49 90
17 33
62 82

100 110
27 36
3 73
24 16
61 11
69 30
7 19
50 43
59 53
82 99
55 55
29 20
58 64
8 17
55 5
55 64
94 24
73 12
15 70
89 31
22 27
90 22
86 64
67 18
98 93
55 22
33 74
33 70
57 2
41 86
11 26
57 23
48 31
86 89
39 17
87 46
27 43
44 42
42 25
47 57
3 63
15 71
100 84
6 74
42 92
85 16
25 62
46 50
13 48
29 98
83 93
28 61
85 65
45 7
51 36
76 83
90 96
8 42
85 11
3 49
56 50
46 54
53 42
20 23
25 1
63 82
80 8
54 7
93 19
55 89
40 38
67 98
10 6
6 39
35 62
53 57
79 15
37 94
49 29
4 16
6 19
5 53
68 27
21 77
73 73
17 38
53 30
48 66
41 87
95 32
74 60
84 42
45 64
92 26
89 48
96 61
95 20
77 71
33 88
74 91
9 88
5 32
37 40
85 21
71 66
23 18
26 22
23 80
42 83
36 45
71 92

100 110
20 79
57 90
17 63
3 1
95 58
77 28
91 78
65 97
13 68
26 84
72 79
93 56
58 73
29 99
22 73
99 100
81 55
3 83
31 76
75 93
24 64
84 69
26 44
2 52
73 31
66 22
72 95
37 57
60 51
3 53
45 55
89 68
34 73
15 25
61 68
84 21
64 67
38 98
42 61
91 72
58 9
11 31
82 9
19 1
12 43
41 29
11 97
69 8
41 26
99 86
68 24
99 19
64 81
30 57
93 74
20 37
49 54
53 50
59 16
66 13
18 29
45 78
63 86
86 62
94 48
94 50
95 4
71 17
64 18
13 33
98 1
51 30
80 24
72 53
67 50
77 100
72 56
81 54
78 85
27 87
97 67
13 30
92 52
66 53
45 35
59 57
39 6
18 78
6 75
57 2
71 7
28 37
52 70
5 6
66 94
3 65
86 99
59 78
75 89
91 65
64 27
74 56
56 43
96 97
34 89
49 56
63 21
33 75
30 96
28 56

100 110
35 25
92 78
12 52
15 36
100 42
84 68
86 65
64 66
11 29
25 90
97 45
97 2
80 81
42 23
40 2
22 40
4 72
62 76
43 4
62 58
91 64
57 43
51 59
67 23
60 4
4 31
90 14
73 6
90 66
70 38
37 24
64 40
1 35
17 96
18 16
75 99
80 24
1 33
28 19
22 90
36 62
83 85
99 55
90 12
92 48
32 63
78 93
84 11
74 57
21 47
64 3
42 37
15 13
74 71
66 50
64 17
44 67
40 92
88 10
84 69
40 9
84 25
25 69
57 64
68 75
19 78
15 75
63 39
74 94
71 2
97 29
82 39
1 90
47 46
58 38
75 40
60 45
64 24
4 93
2 89
52 22
26 20
84 49
44 27
33 20
85 48
73 87
88 11
87 51
29 86
61 17
53 13
59 51
31 96
7 73
21 41
37 27
64 77
56 10
66 65
79 19
21 62
67 4
81 45
36 76
11 31
20 98
95 65
90 73
92 12

100 110
89 87
30 57
89 91
99 54
82 42
41 68
44 64
91 17
83 42
41 94
95 77
47 5
6 10
83 80
49 34
26 38
27 52
93 87
8 45
21 51
87 18
23 57
28 37
13 12
100 38
10 33
24 32
49 73
26 77
87 4
34 54
10 16
3 19
4 79
65 65
81 96
63 2
51 55
45 14
48 72
46 83
92 90
17 88
88 46
13 11
91 90
69 46
2 93
38 85
90 4
73 38
51 89
100 58
67 85
54 58
77 93
9 52
83 27
41 80
63 85
76 23
79 27
53 73
89 33
31 83
10 89
7 76
63 83
86 53
48 100
42 96
60 81
67 62
56 82
63 70
80 61
94 5
2 27
35 44
79 30
6 5
13 53
50 46
99 77
98 21
19 50
69 94
92 25
31 99
39 70
71 93
31 37
34 92
18 27
48 21
92 68
76 36
92 45
63 69
11 72
20 3
12 15
91 43
99 32
10 83
18 84
55 46
13 78
45 27
85 28

100 110
26 42
92 50
27 38
74 91
10 96
36 24
73 44
64 65
71 57
81 38
35 19
66 55
50 6
14 32
20 47
9 89
76 34
93 40
90 19
17 51
35 91
57 61
7 76
9 88
30 65
45 68
36 30
56 61
98 19
55 89
26 34
39 82
28 8
23 30
52 87
30 33
36 54
19 28
93 83
91 99
27 9
49 10
42 59
54 18
76 71
20 24
37 75
45 30
73 9
71 90
26 63
53 51
57 43
77 97
40 8
64 62
24 15
34 80
100 17
69 55
93 38
18 95
72 12
20 98
84 83
86 22
46 69
88 2
85 43
6 80
86 67
71 26
72 19
95 59
75 34
73 34
89 41
39 76
88 61
92 77
79 66
14 70
17 37
61 40
85 92
56 86
46 66
56 97
96 54
5 34
37 37
4 21
77 19
65 88
11 74
19 84
24 74
100 11
60 64
34 7
4 57
43 92
8 45
88 45
27 28
20 4
57 15
86 1
67 97
51 41

100 110
19 57
33 48
5 82
42 90
36 48
39 17
76 90
44 15
43 86
7 78
24 12
13 49
30 97
7 49
87 16
45 31
32 98
43 39
46 47
47 37
58 65
5 20
29 18
46 84
14 22
17 84
97 77
15 49
45 62
63 30
27 2
8 49
5 23
82 77
69 12
90 9
12 43
64 96
37 97
75 19
36 58
41 6
22 31
8 9
58 4
83 58
40 4
17 47
82 67
55 38
43 87
28 90
40 28
15 58
79 80
18 45
57 56
78 65
99 64
82 41
61 82
5 51
87 26
47 33
23 87
20 22
43 94
60 16
56 47
37 41
14 58
98 59
39 96
96 11
47 43
81 80
94 80
77 47
55 30
69 39
29 20
8 60
63 43
77 6
77 29
45 4
74 71
47 8
28 2
70 85
93 54
87 79
65 51
35 40
9 27
11 59
42 49
51 94
100 31
81 59
80 19
65 17
48 74
75 64
82 1
51 77
57 24
26 21
71 2
12 31

100 110
7 44
27 63
66 73
10 50
94 65
47 60
36 25
3 32
84 7
14 8
51 67
99 31
56 12
8 3
13 28
22 56
97 77
90 18
51 16
98 83
16 57
72 78
43 70
5 87
30 49
42 55
22 88
6 53
55 2
47 42
51 90
55 18
63 5
73 5
3 27
68 8
86 94
95 79
24 66
43 17
71 19
65 7
73 81
66 21
46 16
98 16
70 32
19 98
98 39
47 66
25 82
99 99
45 92
59 53
98 3
44 19
4 14
41 22
21 4
39 88
15 95
70 14
62 99
2 31
82 94
25 59
45 45
37 20
37 7
86 87
29 98
89 77
100 12
68 6
5 10
75 91
17 98
88 97
17 7
40 7
8 5
17 34
60 18
96 91
10 89
54 2
90 49
51 91
32 6
73 32
59 25
42 38
89 64
54 59
93 80
56 5
85 32
28 4
82 7
34 62
63 20
28 8
92 93
60 95
97 66
68 45
94 65
43 72
93 51
67 79

100 110
52 20
50 93
18 96
21 30
9 60
59 10
74 24
93 35
78 61
58 66
18 71
90 77
36 9
16 6
90 4
86 33
2 86
29 84
76 81
44 1
35 76
23 100
99 66
56 34
57 20
3 21
63 73
55 52
85 65
96 65
78 7
92 2
81 86
40 95
75 33
73 3
97 60
22 97
41 93
48 95
11 2
71 55
11 51
69 89
81 2
91 91
80 55
27 24
24 75
57 76
20 63
25 99
48 36
48 74
76 97
85 10
66 24
41 90
45 25
84 75
37 60
67 90
41 6
62 14
52 92
59 17
39 99
58 68
53 79
56 25
9 65
79 88
42 22
35 72
84 4
45 19
73 58
26 92
25 57
51 80
41 52
47 74
51 12
43 62
90 93
11 26
41 25
65 33
50 34
17 2
31 2
22 12
92 10
5 68
95 95
82 30
43 76
21 92
51 71
4 76
21 83
76 78
60 31
22 13
92 68
29 86
8 78
16 33
4 90
11 91

100 110
64 33
78 47
45 17
65 23
77 73
10 32
25 47
94 34
83 99
79 91
90 27
54 64
67 77
2 100
50 60
80 33
61 53
17 9
79 90
13 94
47 36
51 54
78 70
13 74
73 6
46 4
61 10
96 94
10 37
59 16
60 74
17 2
77 83
10 31
98 60
28 96
9 87
5 93
79 81
24 30
59 78
13 72
75 41
90 18
22 66
51 32
61 11
93 63
64 64
79 32
40 23
88 71
51 23
39 5
19 27
55 9
53 66
75 61
66 7
22 39
51 69
92 38
57 77
17 57
74 65
18 80
51 73
51 80
64 85
90 50
38 23
33 9
76 93
96 20
23 84
3 97
43 50
63 72
37 79
23 88
63 75
26 10
59 35
91 46
26 15
96 5
44 82
77 14
75 38
56 7
23 78
25 59
71 81
26 7
8 83
77 15
95 44
80 54
93 59
87 9
46 35
11 40
7 48
23 61
67 89
40 48
1 4
36 75
45 4
92 26

100 110
87 95
72 42
60 53
31 75
62 18
99 77
16 87
90 65
79 89
70 20
50 84
50 89
29 66
14 31
59 70
87 35
75 40
54 24
39 84
42 82
54 89
19 50
65 4
59 30
70 60
73 72
85 90
9 64
71 83
21 51
69 13
75 6
82 3
67 2
49 67
55 81
28 20
55 85
95 66
34 56
26 61
58 62
47 75
8 44
47 60
45 30
41 45
46 74
25 7
39 16
67 47
93 41
40 51
99 22
11 65
85 91
86 16
73 42
96 26
77 38
77 59
24 67
38 12
59 59
61 6
77 68
74 90
25 80
58 30
16 59
22 81
34 12
65 19
74 81
23 64
35 33
31 53
42 100
75 33
21 97
86 60
21 4
44 94
88 71
44 31
92 98
11 67
80 39
4 7
93 75
85 66
34 21
52 69
51 51
91 97
68 14
56 87
15 76
92 5
11 56
92 84
85 99
47 53
2 44
35 34
86 9
13 74
31 84
66 59
92 42

100 110
38 32
30 23
16 78
41 40
12 49
91 88
28 80
3 88
10 90
13 13
33 57
41 52
63 27
83 63
36 11
48 29
67 37
56 4
59 27
43 44
65 98
99 52
64 15
81 89
70 90
100 73
65 20
67 74
60 37
95 84
2 78
68 21
15 89
72 19
12 79
99 34
17 5
73 68
89 28
96 70
91 25
95 74
38 68
78 62
73 13
97 82
21 69
63 98
6 16
69 83
21 81
27 53
12 64
40 88
31 54
13 30
59 10
80 10
61 84
19 36
41 3
15 64
74 58
92 67
1 58
17 9
91 25
72 61
86 56
73 41
58 39
100 72
71 86
62 98
77 1
87 38
29 38
45 47
95 75
51 89
55 91
88 58
83 100
70 3
36 64
57 61
2 50
66 23
95 76
64 21
16 22
24 30
17 78
36 11
57 46
61 12
75 7
30 41
95 62
84 11
35 22
95 75
10 33
64 35
62 11
32 21
35 3
33 42
81 37
99 43

100 110
79 80
90 72
35 46
50 76
88 87
76 96
25 56
10 1
10 5
37 79
7 50
47 62
56 20
28 50
55 16
57 84
53 52
31 6
19 17
91 45
2 93
76 55
73 68
33 99
48 42
51 99
12 89
22 54
86 74
48 74
3 41
28 32
65 80
37 61
16 17
81 23
69 45
8 84
73 75
82 84
75 74
100 58
73 60
10 22
5 92
100 51
40 13
39 41
16 69
81 34
32 17
74 61
65 94
84 84
81 49
1 24
2 16
69 99
87 60
85 66
11 22
75 38
60 12
11 95
33 4
70 19
72 1
91 77
17 21
58 65
100 2
60 28
93 94
7 17
47 80
64 47
11 19
58 19
64 60
78 29
94 79
14 34
2 66
66 57
88 34
66 84
6 68
9 18
96 54
10 53
78 34
85 65
44 63
40 67
34 63
97 49
1 58
51 25
32 6
46 31
70 72
90 69
34 57
79 50
41 93
7 7
66 66
63 88
47 26
78 31

100 110
9 77
91 59
80 16
83 19
32 28
38 50
4 82
9 59
82 73
54 42
11 68
29 50
44 29
51 16
74 68
1 12
96 4
83 5
85 68
25 91
40 37
80 26
1 40
96 49
30 43
6 38
11 83
26 94
89 57
92 91
73 47
60 81
52 1
45 37
48 21
18 24
64 5
50 70
65 14
54 55
79 23
46 95
52 91
14 13
88 89
34 28
2 47
56 25
88 22
64 46
35 86
18 27
41 53
14 88
30 50
100 31
31 65
64 2
66 26
99 12
93 45
47 71
67 54
43 52
58 15
81 63
86 95
6 62
35 77
67 45
50 38
10 46
61 1
49 74
8 96
46 17
62 75
14 97
95 52
39 59
36 73
19 6
51 62
42 18
33 25
57 30
84 62
40 57
75 36
74 16
60 42
67 18
100 36
16 50
80 71
28 54
51 36
2 85
63 99
4 26
51 53
97 63
71 2
83 82
66 19
42 9
66 97
89 47
69 21
90 33

100 110
13 30
18 16
83 14
95 66
28 90
2 71
86 1
9 20
54 91
12 53
17 74
4 37
18 34
93 52
83 44
76 100
72 84
21 80
11 79
2 98
58 21
70 30
41 90
64 12
8 97
28 47
76 71
36 69
28 68
17 91
86 16
90 68
6 63
33 25
38 35
34 56
63 32
67 36
68 45
19 15
27 42
43 43
70 6
82 71
76 11
33 3
39 62
13 95
83 42
48 65
44 92
67 6
97 3
42 81
28 2
19 61
95 56
4 46
63 10
62 63
50 13
66 98
80 70
94 55
81 97
98 27
6 12
67 58
83 8
4 80
7 83
18 96
73 50
47 79
36 60
5 5
67 28
92 81
1 21
20 75
5 69
61 42
8 29
12 18
16 6
80 68
98 22
73 49
50 41
82 85
77 99
61 34
69 22
28 89
33 32
64 28
80 54
3 36
74 81
9 19
64 23
34 75
3 39
89 85
60 3
85 86
45 54
45 97
41 24
34 80

100 110
99 40
61 35
23 83
13 7
23 37
32 94
25 2
8 19
81 20
93 82
27 62
82 44
91 11
91 9
86 99
32 27
88 80
46 37
96 31
68 21
42 6
73 65
40 8
84 81
92 41
59 24
56 43
55 55
40 52
22 2
83 95
45 85
92 36
93 27
16 64
16 51
12 80
51 62
5 99
23 48
77 38
59 49
92 52
6 49
84 3
44 35
21 28
55 58
73 29
76 43
45 71
98 90
57 93
65 22
82 63
84 92
19 9
4 45
51 13
33 35
34 85
83 23
42 57
98 14
11 49
32 93
22 52
20 29
96 82
76 74
40 74
3 43
22 35
81 37
20 85
75 11
49 13
77 12
91 16
78 52
42 43
45 21
1 56
71 55
95 19
25 81
55 4
85 80
84 94
1 63
16 71
99 98
54 76
74 93
75 16
52 89
21 66
100 18
82 65
17 82
61 77
93 10
55 18
49 21
78 73
58 43
93 19
29 83
10 8
42 93

100 110
10 55
23 5
2 59
72 85
41 51
89 36
48 100
7 10
99 38
15 2
82 54
33 5
27 24
1 17
13 30
39 6
52 89
85 44
10 82
65 92
16 77
13 56
87 46
8 21
37 36
43 46
18 50
86 40
89 88
82 33
31 73
25 21
75 72
47 79
98 35
25 60
60 25
29 63
74 71
15 68
70 29
65 24
80 36
45 26
79 11
10 50
19 37
59 51
99 19
39 35
49 77
68 56
4 31
39 54
82 23
78 48
7 32
79 95
41 95
84 10
2 56
47 36
76 60
35 78
70 72
34 57
70 22
42 95
50 82
51 52
37 29
45 9
26 21
30 59
62 99
45 64
80 60
82 45
84 87
93 2
74 98
99 12
50 10
63 59
40 11
6 85
53 45
98 100
7 100
96 80
65 57
58 92
25 7
72 16
24 93
33 34
75 70
80 33
5 79
87 31
89 24
62 10
67 41
6 37
71 81
77 33
30 24
4 98
39 39
92 81

100 110
96 88
62 45
39 96
54 83
15 94
27 39
27 9
53 25
11 29
53 71
89 69
86 82
99 19
13 79
62 17
28 31
4 97
26 64
16 11
16 79
44 1
72 64
62 83
19 23
86 79
31 66
85 85
49 53
85 81
11 40
82 12
48 65
3 54
48 47
12 14
16 100
81 27
39 43
36 84
68 63
39 9
16 9
55 28
16 72
98 34
75 60
80 51
69 99
36 23
85 88
66 12
62 90
65 95
79 51
22 95
5 93
85 89
21 78
44 17
41 96
47 25
47 16
54 24
35 38
1 47
83 25
66 38
16 21
36 69
35 68
47 97
99 65
36 65
15 59
31 98
44 42
76 53
14 6
90 87
50 90
82 16
11 34
50 41
41 64
42 26
61 65
86 50
100 37
95 37
37 44
21 10
52 43
55 54
68 73
3 78
51 23
16 52
53 15
59 65
81 88
56 62
13 96
91 68
81 72
14 75
12 53
21 91
62 69
58 80
76 70

100 110
94 37
91 71
93 4
24 77
64 27
50 25
66 44
43 38
70 32
25 4
93 1
5 64
92 77
8 20
7 83
42 63
88 84
10 98
53 65
1 13
31 49
58 6
84 28
91 83
11 17
32 68
30 34
57 1
97 48
84 73
79 37
69 85
79 92
93 16
89 95
2 49
27 56
1 70
28 63
90 36
26 37
56 5
34 98
85 25
61 68
80 88
13 100
86 95
71 3
53 3
30 28
64 52
3 84
71 88
82 28
84 92
3 52
25 12
52 88
17 35
36 95
20 50
44 51
60 27
13 92
43 51
56 88
63 78
67 38
48 49
35 81
15 65
39 68
64 37
12 86
65 46
43 100
63 40
29 37
61 42
40 11
2 35
37 52
1 57
53 81
53 26
41 97
10 77
49 66
16 75
79 52
12 53
79 62
81 78
68 7
9 87
12 55
81 52
89 82
80 19
76 14
84 6
43 54
43 95
84 92
67 39
43 15
49 51
48 94
31 99

100 110
77 38
51 67
82 17
88 47
7 60
27 18
45 40
55 30
48 35
52 34
45 15
95 80
18 26
11 96
39 37
87 61
6 86
59 93
100 41
89 23
9 20
62 26
90 47
77 29
34 35
58 39
59 85
48 2
89 49
17 32
24 11
22 3
60 38
38 20
92 68
5 89
74 35
69 22
31 90
25 77
83 97
54 16
12 38
82 33
100 99
99 37
84 37
41 99
16 20
59 76
18 89
70 1
95 19
88 2
5 83
49 49
43 33
83 50
99 34
75 92
79 33
86 41
56 57
73 58
82 75
98 74
16 85
8 61
36 68
56 49
76 53
23 87
85 63
38 69
96 61
49 49
68 96
34 67
33 1
27 61
13 39
75 78
44 55
97 89
62 27
40 5
35 19
13 81
82 85
45 71
44 31
82 11
29 32
91 16
45 78
29 57
83 19
94 87
72 54
3 49
72 71
36 84
68 14
18 68
91 2
38 83
21 44
63 25
53 99
22 15

100 110
63 42
37 55
78 2
46 97
65 91
22 61
15 94
94 74
39 21
52 37
24 9
43 64
75 60
18 70
18 62
49 42
71 38
94 7
42 7
7 51
46 15
80 57
92 84
5 4
44 11
100 17
26 12
7 14
23 63
44 83
2 89
57 96
57 17
29 45
18 91
59 20
49 35
88 14
22 87
4 54
28 38
79 70
66 15
34 12
79 29
4 59
27 78
93 40
90 30
60 11
57 43
44 23
41 51
13 61
27 46
9 5
43 62
34 40
72 85
22 47
52 1
51 1
31 98
64 23
99 68
1 56
41 37
8 50
94 56
53 84
4 24
57 99
97 61
45 41
74 92
30 84
85 39
61 12
65 52
34 53
11 88
11 32
45 26
68 86
44 67
17 39
26 70
73 64
80 55
51 31
89 91
84 56
95 67
8 53
40 15
15 15
40 66
48 83
88 48
87 26
71 12
85 6
54 65
6 62
51 49
65 49
63 95
35 97
79 37
19 89

100 110
84 37
96 66
80 92
69 2
9 35
28 68
74 28
85 69
57 22
95 97
23 92
17 73
24 62
89 81
82 100
14 88
31 91
69 60
42 93
30 33
8 10
48 81
1 36
91 10
26 76
66 39
97 94
21 95
74 49
3 55
94 49
88 52
56 95
86 89
13 30
17 27
18 5
39 100
7 32
62 85
24 45
64 52
62 32
19 13
64 88
45 82
26 1
54 6
72 58
59 38
88 25
57 75
73 100
86 87
69 41
33 67
12 41
89 55
68 78
18 9
57 99
50 49
26 16
73 73
50 29
72 39
57 15
31 72
90 99
70 64
10 60
27 67
84 22
7 80
6 97
43 66
13 99
93 21
85 1
57 93
93 59
97 11
69 4
92 19
42 74
12 67
54 73
34 23
22 47
88 24
100 1
90 29
42 17
10 7
39 40
33 87
27 31
32 96
77 21
91 91
85 94
3 99
94 98
29 16
36 43
81 87
57 89
4 80
28 84
87 83

100 110
49 37
16 74
23 24
34 89
5 99
78 72
4 66
75 14
64 46
26 85
43 99
41 99
35 95
45 29
61 87
18 38
22 83
17 52
62 94
44 89
87 39
56 28
63 3
53 43
68 31
14 37
52 66
9 81
24 5
10 17
84 18
52 18
72 81
69 86
61 31
3 93
23 73
76 32
46 68
83 63
100 28
83 65
74 28
61 30
77 92
45 31
69 15
63 21
100 59
46 20
16 57
8 35
81 65
62 72
44 63
99 55
94 25
78 82
78 75
26 92
79 65
33 39
92 5
9 54
60 53
99 66
64 48
25 17
1 76
23 28
10 41
19 30
49 55
26 1
65 12
78 80
64 39
19 38
77 82
3 82
88 28
17 67
61 26
77 40
62 15
82 7
86 64
70 4
77 87
11 77
31 14
22 74
35 85
81 82
56 99
50 1
25 19
66 16
32 81
77 20
17 71
59 63
90 67
11 33
32 96
99 14
82 49
17 13
88 89
24 88

100 110
14 73
59 30
45 11
43 21
79 96
37 87
53 99
89 77
28 4
61 99
28 13
49 58
99 65
1 43
88 32
94 24
26 99
22 2
61 19
2 91
90 72
93 35
65 27
2 88
18 29
20 74
22 55
33 64
35 18
76 54
76 36
66 59
87 97
55 53
42 29
64 51
6 4
30 91
96 73
6 13
93 68
65 16
72 54
79 91
69 24
82 23
24 37
89 1
17 35
35 10
64 17
19 37
47 89
32 85
5 85
67 49
38 57
3 55
42 83
43 86
53 74
67 72
40 13
74 30
45 45
96 46
86 7
1 84
64 18
15 7
67 12
20 40
57 26
1 35
28 39
52 73
86 11
28 24
81 7
89 99
22 32
43 73
39 14
8 3
86 33
99 80
8 94
5 18
75 41
65 94
67 16
5 5
10 19
40 29
98 23
38 66
1 95
61 81
93 30
15 51
57 62
11 1
73 60
97 54
99 28
72 63
54 44
88 75
97 50
90 17

100 110
32 54
50 70
19 11
39 78
86 40
16 95
23 60
36 63
95 63
48 15
17 39
75 89
10 37
40 48
20 79
13 29
18 81
33 75
2 34
66 48
3 99
45 39
20 58
14 9
54 39
83 15
5 50
36 71
53 43
4 20
66 32
55 91
83 68
68 22
1 80
32 86
70 20
12 56
8 71
29 40
31 97
28 14
78 76
24 85
26 49
56 9
63 82
4 64
40 36
24 62
47 98
5 23
22 90
67 40
100 63
55 34
81 21
19 93
91 85
43 100
31 63
22 86
29 32
89 79
39 35
6 27
39 99
77 29
60 22
80 66
63 61
19 40
55 10
36 1
18 15
44 18
39 55
36 10
49 14
29 11
67 85
59 59
19 97
49 67
100 74
18 26
30 95
29 84
54 54
25 48
63 70
71 45
14 47
31 19
3 25
26 75
38 56
90 48
90 21
29 49
11 73
88 9
51 50
30 77
12 94
5 36
4 60
79 49
18 33
13 79

100 110
64 21
65 43
11 58
21 89
52 83
26 57
34 89
96 15
80 48
96 18
30 25
91 24
79 58
39 53
47 29
26 88
66 82
59 70
19 100
21 67
56 39
49 35
29 47
42 15
54 73
63 16
70 43
58 87
18 31
44 51
53 37
89 12
5 36
54 55
45 87
26 52
71 73
41 16
27 52
15 25
71 33
25 34
10 94
63 16
26 78
43 82
31 5
79 84
29 98
22 45
60 6
85 99
25 37
45 98
80 33
50 63
9 61
17 83
30 74
55 82
58 25
82 90
98 4
16 100
66 58
11 11
79 26
45 67
35 77
81 68
70 64
88 9
14 4
27 18
27 29
4 87
100 55
26 87
29 93
14 39
91 71
44 36
5 64
59 37
71 41
75 28
39 92
24 54
66 20
42 35
5 56
17 9
10 76
72 83
20 62
99 47
83 25
95 39
29 55
86 1
7 97
59 32
44 63
89 35
26 43
48 1
88 45
13 1
52 42
17 64

100 110
28 84
53 50
79 43
75 76
84 71
79 51
67 20
7 55
47 47
65 100
60 82
7 58
6 41
75 35
57 73
47 87
30 39
31 77
28 44
11 15
60 22
74 26
32 15
100 33
17 84
50 75
95 48
31 52
33 62
78 100
1 99
58 90
24 40
79 85
40 19
100 66
79 87
36 95
31 36
59 68
32 38
43 26
76 15
22 13
70 15
67 20
95 74
18 47
20 47
45 98
53 14
27 57
20 61
58 21
69 41
76 75
86 86
88 56
20 1
36 81
31 76
84 74
40 16
23 99
48 57
73 29
29 9
64 83
20 70
85 40
10 93
86 9
64 70
68 89
51 89
22 39
17 35
78 60
60 96
1 55
79 22
74 64
60 38
26 68
86 31
33 13
68 87
60 9
11 78
14 26
50 48
91 64
52 19
78 60
38 4
53 10
68 81
46 44
78 63
37 83
25 8
86 31
26 21
51 32
43 26
38 92
95 88
94 41
76 55
42 21

100 110
54 49
65 65
74 53
2 2
63 90
26 81
26 28
38 43
79 19
68 3
49 21
45 72
91 45
57 15
88 16
21 56
54 35
89 68
96 3
67 25
31 16
55 23
52 21
67 50
39 36
36 87
84 51
80 90
41 81
98 3
2 49
62 4
66 75
33 86
15 23
100 36
45 67
33 63
100 13
36 68
15 95
3 12
67 32
13 28
94 64
98 71
92 58
90 73
81 24
16 77
25 30
88 4
91 5
27 51
94 66
85 93
98 38
97 63
83 18
64 7
59 45
99 82
84 26
68 79
60 91
69 13
98 7
40 4
39 81
10 100
93 55
77 97
39 91
91 71
47 20
88 54
67 49
75 5
3 59
51 87
1 10
35 71
79 90
18 89
73 19
90 50
41 2
61 61
74 5
23 5
25 96
35 38
51 13
14 64
66 2
53 67
3 35
33 49
58 70
58 60
36 26
73 48
74 94
22 91
11 91
92 76
19 53
45 94
51 47
82 87

100 110
12 86
36 83
85 73
4 82
23 63
89 98
91 56
55 4
49 33
5 85
83 97
18 29
18 63
14 77
11 45
48 75
49 18
39 36
27 48
31 38
92 55
16 38
4 33
17 77
35 94
5 57
91 73
96 3
44 12
28 63
67 38
24 7
10 86
99 21
81 34
79 3
63 63
84 5
27 78
20 83
45 45
84 89
74 20
29 44
3 13
8 3
44 50
42 90
74 62
11 75
33 82
81 67
85 56
17 55
81 13
12 79
42 75
38 91
63 74
58 13
100 2
55 88
88 78
96 74
27 63
11 69
27 18
91 68
27 94
72 42
88 51
26 96
36 4
100 61
68 46
50 91
9 85
1 93
84 19
75 88
45 21
43 20
85 23
73 85
18 21
60 48
20 68
58 85
74 74
91 8
1 66
75 48
55 13
85 15
2 81
62 55
84 43
80 24
48 29
77 71
85 33
45 43
74 2
28 22
42 64
28 7
3 36
78 91
6 99
64 89

100 110
34 31
51 53
34 88
87 86
12 6
71 57
71 45
3 18
3 93
41 23
3 39
84 22
89 67
4 25
31 49
100 68
73 100
8 56
5 59
45 94
12 60
6 23
36 77
33 46
81 26
84 54
30 64
83 31
31 21
19 4
62 41
13 58
99 94
35 62
56 23
1 25
7 5
96 45
56 31
35 37
43 2
100 49
41 75
68 35
56 58
65 97
69 28
59 96
77 9
52 86
9 71
10 35
74 93
9 51
80 40
23 75
90 61
26 13
53 76
70 84
49 13
40 83
55 31
70 13
36 7
79 39
86 10
8 43
4 94
89 67
44 96
36 11
24 60
20 23
77 55
64 16
30 33
15 26
1 12
33 91
9 91
89 86
29 34
46 92
67 85
1 37
7 30
74 83
65 23
30 39
76 71
62 80
59 20
15 44
72 93
78 36
76 98
29 14
21 85
66 4
64 6
65 4
73 45
18 76
73 47
12 39
56 16
61 4
18 42
39 5

100 110
37 79
35 54
33 47
61 100
71 98
91 48
30 61
85 72
59 13
57 25
76 74
37 90
51 4
29 34
68 25
2 47
96 66
18 89
78 61
89 43
53 82
29 36
35 13
63 81
34 15
78 88
4 29
82 97
81 19
51 47
25 87
21 75
6 60
65 59
53 8
24 88
9 31
33 22
43 26
53 88
30 76
11 64
68 92
9 99
40 69
4 51
79 55
57 40
86 77
26 99
24 66
12 95
37 60
69 18
17 23
30 67
53 27
44 21
94 34
83 9
16 88
91 55
90 33
75 68
39 81
45 60
28 24
73 62
49 36
23 15
42 29
36 56
43 42
51 15
64 52
86 51
87 91
54 46
59 99
47 23
91 40
43 71
51 42
23 59
53 55
23 43
39 10
58 94
96 51
24 6
20 86
94 77
52 99
45 89
64 85
40 69
26 1
63 11
1 27
7 65
59 96
69 40
69 99
41 38
58 19
74 91
22 49
38 16
93 36
22 2

100 110
18 65
81 80
67 12
56 100
96 82
98 11
65 40
25 4
9 5
18 52
4 97
10 87
9 35
67 71
70 97
62 33
66 68
3 87
35 9
86 95
95 93
18 67
16 44
74 8
9 2
99 83
53 62
100 69
80 93
21 97
13 26
26 80
35 22
32 8
70 28
19 83
75 89
20 27
3 98
27 33
23 15
52 63
76 65
46 14
62 86
41 7
36 93
43 51
89 85
76 8
44 71
50 35
84 10
3 42
52 28
65 18
38 86
34 19
66 33
54 81
13 10
54 14
88 71
16 12
46 17
100 24
45 63
60 78
50 36
96 25
8 74
38 65
22 75
7 53
99 12
3 91
65 60
71 36
96 34
10 18
81 38
21 72
86 67
99 88
64 81
51 55
55 61
41 31
18 99
6 95
36 33
58 100
11 85
45 54
56 69
48 46
80 95
69 55
32 41
30 11
59 14
41 60
17 73
74 1
75 51
27 26
31 47
33 96
52 8
58 2

100 110
56 12
76 88
15 84
98 16
14 95
56 84
92 52
56 96
3 92
97 34
80 25
48 9
40 51
42 57
12 18
62 96
100 13
81 2
32 13
2 75
89 7
39 38
38 35
54 12
65 3
15 2
3 64
71 81
72 47
99 50
43 8
3 14
40 18
94 92
20 9
54 59
44 33
25 31
73 92
90 51
14 48
44 51
38 85
51 57
54 66
27 21
69 77
23 25
85 30
99 46
90 45
40 64
18 65
97 33
26 6
3 25
26 3
13 80
5 48
60 67
11 67
66 10
79 37
33 11
88 84
18 97
87 98
15 52
78 8
25 85
73 44
19 44
82 27
22 8
75 9
39 67
72 49
18 34
62 78
49 88
83 60
94 100
12 36
27 63
86 18
46 95
84 46
25 98
54 50
5 70
2 94
6 60
96 98
70 45
88 73
61 10
30 11
10 72
98 100
46 75
8 57
53 96
15 71
87 98
1 91
70 17
25 46
49 26
60 53
24 69

100 110
7 39
23 66
56 100
66 72
92 43
57 10
35 31
1 85
96 12
82 51
79 65
64 6
92 68
48 81
95 44
73 4
47 56
31 85
55 53
70 28
5 91
65 17
94 68
75 30
11 82
84 57
64 25
31 53
62 39
14 34
95 24
37 56
54 68
71 9
59 10
77 1
58 13
87 4
52 79
27 11
59 31
95 66
75 19
20 63
18 55
56 42
4 95
55 44
25 51
77 31
55 95
9 29
91 33
89 58
30 18
3 73
12 64
28 7
10 39
43 6
46 22
15 99
39 60
39 87
32 40
94 56
50 72
92 73
97 38
51 33
34 80
92 66
6 6
90 75
48 27
24 55
90 12
89 35
27 98
14 54
73 8
13 53
26 30
85 10
53 58
62 17
3 49
69 75
6 100
53 36
1 5
36 71
98 29
87 48
64 81
78 31
7 99
53 77
11 52
39 56
75 48
82 46
27 43
93 61
46 33
45 94
27 91
43 69
24 30
40 35

100 110
11 79
23 100
55 75
68 96
61 32
25 14
87 46
76 34
71 64
66 78
10 72
75 76
27 31
90 92
32 4
25 2
83 100
7 41
80 18
70 57
85 52
42 14
1 82
19 5
90 42
23 69
85 30
86 69
84 43
96 62
33 50
64 54
17 81
95 49
53 94
80 6
61 70
14 19
69 76
73 75
84 79
62 10
27 31
92 41
51 86
66 10
47 15
81 78
14 32
31 51
25 10
35 82
2 63
43 14
3 27
53 88
22 23
10 82
88 54
65 38
81 44
6 53
56 18
85 52
56 1
10 69
76 39
88 68
49 10
58 86
85 89
89 66
19 18
76 47
35 61
93 44
72 95
64 26
65 52
51 30
6 35
34 65
39 87
48 12
25 88
24 50
23 8
75 70
1 15
92 87
51 58
66 21
74 74
6 91
93 71
23 98
65 73
66 66
95 58
21 61
80 51
75 46
50 65
8 14
47 100
57 42
46 45
47 74
64 45
54 52

100 110
1 8
49 84
5 99
48 36
70 60
23 28
82 81
52 22
20 32
85 45
53 98
24 85
77 11
17 94
13 37
43 27
88 93
80 9
55 95
94 77
91 70
15 79
72 64
68 47
53 54
36 34
95 16
87 41
4 57
78 62
87 17
33 10
4 25
77 25
98 76
94 87
35 87
73 38
19 3
76 43
49 67
84 17
79 89
32 93
56 68
86 63
100 61
17 74
23 39
1 88
27 70
29 24
95 30
8 64
21 60
46 49
98 85
39 92
9 30
84 40
28 52
72 96
100 66
97 25
31 74
41 95
78 85
92 30
87 80
60 49
40 83
1 46
6 62
24 59
31 13
85 27
53 68
15 93
46 24
72 2
10 35
74 10
13 15
49 44
1 47
39 76
39 74
20 85
14 97
54 17
60 51
95 87
36 10
41 24
5 44
93 64
80 29
100 25
18 57
6 84
21 11
56 95
94 39
77 65
17 79
25 52
40 96
58 95
79 66
29 92

100 110
63 1
84 25
8 28
66 16
68 10
83 8
15 87
2 98
84 56
70 63
8 46
26 30
68 92
83 25
65 99
43 43
96 33
30 76
69 64
29 45
59 70
29 88
5 58
39 52
36 98
63 62
25 6
36 72
67 87
74 94
88 36
91 26
29 93
81 82
46 5
40 26
42 46
68 81
55 34
85 65
25 87
89 5
22 37
48 44
44 5
22 45
62 100
75 81
48 89
36 66
11 59
27 55
44 28
23 85
96 70
9 67
30 31
93 19
46 10
59 16
16 6
70 100
11 36
81 92
13 19
28 51
93 5
14 6
47 63
64 21
69 55
1 87
52 69
84 45
16 15
20 12
65 66
13 6
34 3
90 21
24 10
12 26
50 71
70 21
22 46
92 50
75 86
86 22
4 56
35 87
88 6
16 5
56 11
28 42
20 80
40 9
25 82
79 15
62 83
44 67
67 29
47 66
49 99
74 79
16 84
14 21
28 21
62 43
18 9
72 45

100 110
76 26
97 41
67 49
97 83
21 22
6 5
36 6
8 64
44 32
95 6
66 58
23 48
62 92
94 49
30 22
17 39
54 86
66 19
25 4
50 35
65 43
41 26
2 78
21 99
53 19
65 67
85 34
85 10
10 2
70 90
11 62
5 95
39 62
7 98
69 41
42 36
100 8
92 19
53 7
84 98
25 82
26 85
8 38
4 37
96 91
39 3
41 92
23 51
87 72
8 56
31 31
73 19
36 12
75 69
9 34
22 30
48 99
1 7
57 25
79 95
34 71
23 58
1 77
71 44
12 25
40 77
92 33
68 70
81 29
64 92
8 95
18 63
19 68
65 45
65 47
87 42
98 89
71 1
24 3
91 1
75 29
71 29
57 96
47 51
98 43
28 57
81 24
97 64
1 49
20 99
97 97
42 86
56 41
77 44
89 69
96 3
91 69
24 98
49 53
92 46
83 91
14 19
12 40
63 83
88 91
77 100
92 6
79 79
61 49
6 84

100 110
54 7
60 49
19 40
53 31
43 60
27 63
28 64
99 97
97 84
49 64
53 39
96 100
20 58
16 52
2 55
12 16
63 83
61 35
33 30
33 56
35 89
86 57
11 9
17 86
1 50
73 93
94 69
60 7
67 42
54 53
32 97
21 48
50 6
10 22
53 10
38 28
15 97
87 84
95 2
84 70
43 27
73 74
16 1
79 73
100 46
33 1
68 98
13 38
70 5
10 61
44 10
55 86
86 5
17 2
77 67
72 67
25 70
64 97
3 16
11 19
8 3
25 83
74 57
46 95
64 36
78 83
55 89
7 81
52 74
23 3
59 85
71 47
97 38
36 1
67 15
43 75
81 44
67 34
19 18
20 17
28 82
60 45
66 19
56 82
38 79
77 20
37 14
3 48
87 83
55 79
47 69
10 89
45 49
26 84
66 55
49 36
80 36
62 71
67 9
91 41
7 25
54 60
79 2
11 89
32 37
35 43
96 60
31 89
30 45
60 57

100 110
53 71
76 41
25 89
33 11
1 30
71 93
28 73
86 35
17 11
70 75
90 32
64 57
33 69
64 85
99 65
97 88
27 84
100 18
5 87
16 8
97 14
74 29
52 63
24 86
29 99
80 72
18 54
59 18
78 84
86 94
12 51
61 40
55 15
39 94
40 51
3 86
1 14
20 84
6 25
13 72
24 8
69 14
99 67
40 14
37 77
72 62
5 80
24 48
69 20
44 8
65 81
99 38
82 12
28 27
39 21
6 96
59 14
41 93
93 97
25 19
20 57
94 14
85 37
71 44
76 57
27 67
13 72
68 87
21 37
55 4
58 73
26 71
32 55
92 72
4 49
96 6
62 79
54 45
100 75
39 20
83 76
59 76
33 48
95 41
11 87
67 42
55 97
16 34
99 73
28 54
34 94
38 93
71 86
13 50
66 88
62 30
46 36
47 20
8 86
75 70
64 52
76 1
93 74
52 11
92 13
42 53
1 44
27 12
51 74
69 40

100 110
4 97
100 72
59 66
9 49
51 19
41 100
3 10
70 47
93 17
32 22
90 14
12 56
3 88
99 95
73 41
61 18
45 48
62 3
94 5
1 16
50 99
6 83
25 30
2 71
95 26
49 68
57 62
86 46
27 74
24 61
87 68
49 22
53 86
90 89
83 57
36 22
19 4
85 18
68 63
6 81
41 39
66 49
38 85
58 34
45 65
43 86
30 52
82 21
41 21
83 94
27 19
85 99
49 65
52 46
98 54
28 44
15 34
59 86
88 21
36 23
80 45
23 95
44 88
81 81
60 28
89 24
50 35
9 25
5 55
83 91
20 73
74 16
46 53
76 94
89 54
27 10
53 94
40 34
12 84
70 45
66 85
15 7
62 60
69 50
49 9
6 12
13 97
82 17
18 40
89 21
22 65
90 80
38 29
1 2
27 34
82 87
55 86
70 29
65 15
85 95
91 57
78 45
78 65
83 30
33 14
80 52
66 77
16 86
53 41
98 24

100 110
73 38
83 30
80 6
68 67
69 4
38 5
70 8
66 57
99 65
8 100
25 13
94 22
100 24
96 77
72 15
26 64
5 16
78 14
74 10
45 12
22 21
68 5
43 48
2 28
17 67
95 28
49 24
2 94
79 8
53 90
96 6
80 9
22 16
26 67
74 50
51 49
70 85
32 93
82 93
41 94
36 82
57 19
13 83
65 86
88 55
47 21
49 85
28 7
34 9
91 4
84 20
22 88
64 20
66 52
27 69
31 40
76 63
83 10
79 63
94 65
60 92
50 67
45 99
15 4
28 42
13 64
73 72
9 20
36 12
67 80
20 37
25 4
19 38
56 98
63 48
19 99
98 56
81 89
49 82
45 71
72 95
18 15
34 76
54 71
7 44
27 26
67 21
10 93
93 4
47 27
87 1
74 27
60 60
99 36
8 21
50 35
54 73
27 15
31 4
29 88
19 5
84 58
90 51
61 96
62 77
94 55
39 1
43 83
12 91
70 25

100 110
17 15
70 57
2 40
2 96
87 39
40 10
25 4
89 26
4 59
91 99
25 95
85 25
13 89
19 31
83 38
66 66
31 51
40 29
67 77
11 23
37 80
96 87
25 94
45 89
5 3
18 54
10 43
94 95
93 26
56 24
75 8
20 79
93 2
74 88
68 97
72 97
73 33
23 100
98 89
38 88
8 88
28 37
2 87
20 42
86 72
32 36
66 100
21 78
87 39
68 94
96 40
80 21
33 62
42 34
21 48
80 96
8 93
97 80
73 62
81 53
44 48
96 18
85 95
34 77
62 92
67 69
78 50
70 9
87 32
11 31
32 50
91 14
95 60
93 25
41 79
77 96
97 97
87 83
70 17
72 37
15 8
81 50
75 28
77 10
30 10
12 48
74 52
78 98
84 90
5 88
29 9
18 50
4 11
44 38
31 62
50 66
66 76
1 84
20 85
32 98
95 96
52 50
88 24
91 73
66 93
56 11
64 70
26 73
43 80
59 29

100 110
16 28
25 66
14 52
89 69
14 9
91 69
38 5
22 47
3 5
29 54
71 98
7 62
95 19
37 44
7 71
74 66
23 4
27 44
15 1
7 86
10 28
33 90
67 59
54 31
94 13
59 57
4 31
6 72
78 24
54 91
70 13
93 54
74 48
11 14
42 42
57 71
79 63
21 79
85 85
62 63
71 61
79 69
10 29
62 38
76 34
46 63
21 52
23 98
18 87
64 68
18 79
9 56
48 48
46 54
69 69
100 98
27 5
5 19
8 81
69 78
98 3
70 12
97 37
41 57
45 76
93 46
51 43
29 12
98 83
79 10
79 40
47 38
27 6
76 22
84 3
84 86
52 21
11 47
62 85
58 85
86 44
61 6
22 1
12 29
46 22
18 78
20 17
57 46
57 75
83 50
30 24
16 6
44 75
51 14
20 64
13 26
91 40
2 91
63 58
45 79
47 13
21 48
27 22
15 67
36 12
89 99
20 86
9 74
25 23
55 17

100 110
78 90
33 87
92 90
13 89
29 43
97 85
30 72
62 92
60 24
95 9
83 12
17 86
89 40
5 14
79 96
1 94
14 36
62 35
61 82
79 51
14 85
44 17
62 92
5 45
1 60
22 33
46 47
17 77
20 40
59 81
45 82
75 14
75 66
41 23
35 77
8 69
83 39
7 55
6 78
10 19
57 64
19 88
24 2
76 96
95 78
41 38
14 10
85 39
94 43
40 100
56 59
22 1
82 63
92 68
67 100
44 97
83 62
18 57
59 27
66 84
9 7
25 70
84 38
88 76
43 58
26 75
62 65
62 10
9 35
89 5
76 82
89 61
73 85
15 80
64 89
67 27
77 90
85 35
85 54
69 43
73 36
79 51
52 83
99 45
50 16
80 13
28 45
76 30
90 53
1 7
60 95
37 13
67 91
95 82
60 42
15 99
91 29
28 75
51 16
76 29
19 11
34 76
59 17
66 6
56 93
55 2
42 12
16 62
45 28
89 77

100 110
85 95
4 5
98 91
96 93
6 1
7 42
5 91
33 94
15 44
66 63
2 14
87 1
36 89
85 90
80 29
57 27
75 70
91 14
27 14
89 97
45 50
56 74
62 96
49 46
1 43
6 97
72 42
56 93
44 23
12 99
89 71
81 34
29 73
26 5
54 77
33 99
35 86
34 15
36 3
10 63
81 83
22 14
17 23
19 70
32 69
18 73
5 39
89 19
61 12
65 43
96 95
76 78
23 29
87 91
12 22
11 7
55 18
78 41
88 90
14 8
51 84
78 49
77 58
8 32
13 90
61 31
40 31
49 34
86 61
38 55
39 58
9 85
83 38
3 4
45 66
45 42
67 97
20 60
83 55
2 14
86 64
21 8
85 75
79 26
10 8
89 94
28 67
33 75
71 19
91 5
89 56
11 56
28 9
33 34
79 61
69 83
64 45
47 27
80 27
43 11
19 6
17 68
43 48
68 17
66 56
66 57
82 39
38 97
9 99
45 78

100 110
24 9
33 98
26 61
44 64
100 61
12 40
75 10
77 7
88 94
58 55
18 84
61 89
81 83
71 99
79 35
55 44
37 54
29 21
41 47
19 36
58 57
77 58
90 23
70 11
86 73
24 69
44 72
44 6
9 75
81 2
96 65
52 35
100 74
29 60
94 61
42 79
44 84
56 74
39 81
21 56
62 92
63 6
39 8
53 60
50 93
48 29
20 19
26 36
5 57
60 61
37 96
20 90
50 51
94 88
98 11
6 85
61 74
10 36
6 40
29 90
49 27
43 7
46 61
76 82
43 98
38 62
14 44
17 34
96 43
65 44
54 29
36 51
86 27
54 47
15 31
55 92
97 10
89 55
94 13
81 41
73 44
77 2
17 41
74 97
9 49
17 83
8 86
20 16
68 23
40 68
87 65
56 26
78 83
81 34
2 22
21 29
34 16
63 52
77 45
41 34
9 45
88 85
31 56
93 33
43 91
4 50
58 55
54 52
5 76
73 79

100 110
23 88
19 21
14 24
95 54
100 80
64 5
31 91
77 49
15 45
80 41
80 50
82 47
87 63
25 8
33 49
54 55
92 61
3 48
81 54
84 23
98 17
74 63
21 3
90 54
15 67
77 37
53 15
97 36
53 6
5 67
30 52
100 34
10 54
6 18
4 4
83 91
22 16
36 72
46 26
77 71
17 4
40 4
41 79
8 12
36 59
59 92
10 73
37 79
4 21
72 6
78 52
36 68
46 70
84 19
64 30
63 92
54 49
34 93
46 51
29 67
60 84
8 95
81 48
42 73
30 1
55 98
92 31
80 85
30 12
15 53
50 100
3 12
55 33
26 66
44 80
37 65
26 1
56 69
71 73
92 16
20 42
42 23
29 44
74 73
71 19
65 27
32 9
22 9
68 51
95 10
8 65
91 17
11 41
30 50
21 70
51 85
81 11
39 14
7 63
62 4
59 68
25 16
62 36
36 73
61 23
30 70
73 14
21 79
40 3
35 25

100 110
57 48
54 49
81 57
56 52
69 12
31 47
3 35
67 76
93 72
29 23
54 41
30 20
51 72
44 10
83 86
79 23
76 100
50 51
37 2
60 93
25 58
92 90
91 5
91 11
85 54
40 91
33 54
73 7
94 75
73 94
39 93
42 20
33 27
47 89
69 63
5 25
21 57
94 52
40 43
99 72
62 58
89 53
99 79
83 16
28 83
66 50
81 94
49 21
28 29
34 13
43 26
56 24
89 76
59 15
96 28
28 82
79 41
86 12
97 100
89 65
71 94
5 60
83 69
95 33
82 88
3 21
92 27
43 78
70 28
93 6
1 26
66 14
16 38
3 89
25 34
38 69
85 69
15 54
67 65
46 62
47 90
57 68
37 46
93 38
13 77
79 69
46 90
57 37
59 99
99 28
3 84
75 82
49 55
3 12
80 100
56 20
76 94
17 87
74 77
74 7
2 59
63 9
83 93
86 3
6 93
13 65
83 91
15 6
95 80
89 60

100 110
98 11
30 48
71 17
97 98
62 70
68 32
82 20
84 28
98 1
80 49
60 68
41 83
50 50
49 51
56 57
21 10
7 82
1 80
37 9
43 41
10 70
14 44
91 14
6 1
83 22
82 82
16 20
11 44
64 35
93 99
58 53
45 12
29 55
93 94
32 93
14 18
98 82
97 72
65 55
27 56
10 39
56 73
59 24
27 27
27 47
92 34
66 46
63 53
18 48
88 79
92 96
63 22
56 54
47 91
56 41
50 48
23 93
39 57
76 11
80 6
27 3
62 46
98 59
100 84
58 2
93 42
61 87
77 87
48 19
20 74
48 76
54 19
35 13
53 33
50 42
40 31
73 85
47 77
77 20
16 18
65 73
17 86
76 38
99 93
73 64
11 64
60 35
61 40
43 19
6 93
21 79
65 92
22 97
18 67
82 11
12 32
18 62
21 52
94 33
47 49
95 12
10 9
67 96
100 5
97 52
67 52
69 23
60 75
32 76
95 20

100 110
37 64
74 85
61 26
34 87
100 66
28 68
88 29
63 46
67 59
25 45
28 36
63 60
61 70
56 62
44 63
58 49
4 20
34 14
19 90
86 46
10 6
1 64
48 24
12 54
75 10
32 14
34 53
22 28
55 6
16 75
7 82
89 5
19 87
73 35
68 1
63 19
57 49
61 59
36 48
51 69
18 25
76 65
38 92
19 39
60 39
31 63
88 92
26 32
98 74
9 58
87 51
100 64
38 85
82 62
37 12
86 99
15 38
16 10
57 34
89 9
78 49
35 35
98 53
61 99
90 94
77 98
67 45
64 2
92 71
55 86
42 95
97 72
30 85
11 16
34 75
37 61
23 18
85 53
100 6
56 34
36 88
4 30
68 75
67 90
10 5
58 51
9 9
2 49
64 41
71 68
28 26
7 7
75 4
86 70
50 92
66 71
77 100
67 88
69 65
15 7
91 46
19 60
1 95
10 21
45 65
92 86
72 72
35 56
99 9
49 70

100 110
84 47
92 15
62 49
15 20
46 38
37 97
45 65
87 23
17 98
95 1
64 34
19 90
50 17
72 50
95 2
1 22
27 44
66 55
35 73
64 24
91 29
19 95
4 54
30 21
55 80
33 86
68 66
24 12
63 9
52 75
17 40
97 66
65 61
69 48
78 76
43 58
11 6
16 45
77 25
64 39
50 72
92 15
98 52
62 49
76 57
27 86
64 36
57 6
36 21
68 17
68 25
96 34
17 59
52 97
67 82
93 7
50 62
5 60
6 85
56 93
77 58
59 26
72 87
32 50
16 73
2 72
38 1
73 89
50 86
16 4
94 15
49 95
51 33
11 59
83 87
11 96
54 11
86 46
8 17
76 42
53 77
31 34
1 1
66 53
76 3
98 78
20 78
18 26
81 20
71 71
69 51
32 74
31 94
74 57
69 73
4 38
41 29
4 93
84 67
11 23
38 47
15 19
54 64
65 52
12 91
76 74
47 65
59 89
75 93
6 6

100 110
81 77
86 91
22 30
25 26
41 46
10 51
94 78
62 26
51 46
38 91
88 21
96 27
39 69
14 28
61 71
74 10
72 70
56 71
65 33
39 90
15 57
40 8
17 58
41 86
6 65
5 50
19 70
62 68
67 11
38 90
24 35
59 73
96 61
15 29
49 6
22 15
44 35
100 3
49 53
25 32
59 57
89 56
35 64
36 2
64 68
46 56
70 31
15 59
3 1
75 50
66 61
47 90
11 1
74 24
16 34
6 86
62 73
94 59
17 78
38 42
28 32
61 83
36 13
37 13
68 81
19 7
58 84
56 23
25 63
3 44
25 40
51 70
21 2
19 54
22 90
75 70
71 73
77 95
52 66
75 26
2 87
50 62
75 59
43 39
3 82
98 15
25 28
48 2
10 53
89 69
69 53
43 32
42 95
49 82
41 73
93 71
97 58
14 27
21 7
82 58
36 82
8 5
54 10
89 99
51 37
24 54
67 45
92 32
98 85
5 21

100 110
81 29
58 96
13 13
61 45
7 59
52 35
51 48
59 41
78 86
90 48
41 61
95 35
49 6
78 97
73 16
37 37
41 98
69 86
59 16
52 80
30 43
48 92
69 9
70 93
35 77
44 13
93 58
85 81
34 52
45 30
33 28
55 45
23 34
44 62
94 71
97 1
3 99
87 43
85 100
9 2
73 6
94 12
95 49
61 16
60 3
55 84
39 13
42 19
16 7
2 49
32 79
68 70
25 42
33 3
38 47
95 15
85 64
19 5
60 48
77 40
1 85
82 35
51 25
44 94
5 52
45 91
55 67
72 46
52 48
96 34
76 32
74 45
76 62
24 48
90 71
75 71
16 31
83 31
32 42
61 48
62 45
61 16
52 87
100 50
13 6
58 64
59 18
79 21
81 26
20 86
93 32
32 55
42 3
36 1
26 16
17 2
28 66
24 61
79 21
83 67
26 26
24 3
3 98
81 77
27 30
96 100
23 100
7 85
39 4
70 100

100 110
60 33
93 32
43 68
64 34
6 58
28 13
63 99
28 98
48 71
81 31
30 95
50 24
65 3
18 61
72 8
85 21
92 29
11 31
57 9
35 41
27 84
42 42
92 94
76 29
53 76
98 92
66 53
6 87
6 1
34 56
91 74
77 10
98 69
35 74
73 63
58 22
14 33
69 74
61 80
25 1
20 5
85 84
3 38
34 2
43 98
80 73
59 12
55 12
57 99
83 2
31 69
58 43
86 32
63 4
79 30
41 95
47 60
45 93
61 91
89 6
14 90
73 57
60 8
35 22
90 24
63 2
28 58
74 53
51 2
20 43
18 85
88 40
35 64
60 90
92 91
62 34
94 71
73 3
81 62
95 39
46 59
61 55
87 4
46 39
86 53
79 91
18 28
73 50
55 1
48 90
45 4
90 55
65 97
90 90
3 62
72 97
6 21
27 59
66 70
62 18
14 29
91 90
72 56
64 8
75 86
60 54
49 16
20 40
40 46
72 5

100 110
18 97
60 1
25 21
88 15
40 73
28 35
7 82
51 92
38 1
13 66
85 40
90 58
49 76
65 92
3 71
97 33
93 23
55 25
53 23
42 69
17 62
54 28
63 60
54 58
15 94
81 83
60 64
52 89
14 65
100 33
43 33
3 96
31 37
56 87
29 28
45 54
12 3
63 16
61 66
77 67
46 33
79 56
36 21
24 86
84 86
37 58
95 23
66 5
72 79
40 13
88 87
100 28
39 89
14 44
81 84
33 74
49 18
21 78
8 46
6 6
21 69
1 46
59 79
6 45
99 92
93 20
71 4
44 88
46 28
50 14
81 18
68 76
84 42
78 34
16 27
56 33
95 43
74 35
82 64
37 40
27 20
24 10
53 41
93 24
33 26
35 55
79 95
31 28
93 97
13 53
77 1
77 17
12 49
98 92
99 71
34 22
2 27
97 93
71 26
33 91
32 40
37 7
45 68
40 81
71 63
21 96
41 54
49 45
83 17
53 59

0