100
400 10
207 344
373 109
372 375
224 12
172 82
256 288
181 389
400 348
266 93
348 197

400 10
170 175
232 13
45 271
383 349
17 231
51 243
180 358
248 62
89 182
110 399

400 10
38 128
349 265
262 351
29 49
30 316
332 188
341 125
376 321
112 155
274 236

400 10
143 114
297 155
325 265
121 79
104 116
385 177
355 194
350 215
369 90
194 129

400 10
363 279
43 392
94 391
155 252
190 46
163 385
239 233
280 323
169 342
333 7

400 10
267 315
57 178
145 161
122 388
292 82
29 19
267 205
328 211
383 195
112 274

400 10
212 234
3 112
63 66
37 21
318 40
263 144
195 69
211 3
6 198
198 41

400 10
344 149
304 16
260 232
172 274
62 11
311 286
332 369
310 229
265 38
385 112

400 10
176 348
290 15
326 40
369 278
261 95
333 249
382 323
159 165
388 228
8 73

400 10
265 233
263 224
387 114
179 193
291 317
336 368
302 318
386 125
276 122
20 123

400 10
330 190
312 102
137 329
25 105
301 194
330 170
240 13
99 324
352 314
33 311

400 10
172 148
130 177
74 4
154 351
331 384
75 109
68 165
128 400
52 298
321 11

400 10
287 85
286 389
213 54
346 256
388 1
231 291
303 220
285 315
175 12
190 391

400 10
146 273
364 217
131 332
183 109
306 237
260 74
376 120
181 386
15 356
208 38

400 10
344 227
37 366
276 104
180 248
256 143
246 102
213 138
148 243
272 384
271 61

400 10
30 129
15 81
269 179
17 276
117 54
266 227
248 261
140 28
162 229
174 317

400 10
269 362
27 163
110 282
327 140
366 64
131 391
259 214
67 10
183 124
101 275

400 10
21 309
9 12
80 27
328 56
66 258
277 47
181 266
207 292
336 338
1 47

400 10
60 267
269 388
90 76
370 255
364 62
25 60
193 225
34 129
47 112
195 150

400 10
64 104
15 216
28 319
72 370
353 219
88 220
324 302
248 253
376 45
283 369

400 10
46 107
278 26
5 397
184 38
192 162
188 154
163 322
140 338
220 260
122 51

400 10
32 360
59 223
126 201
253 186
344 127
294 239
250 213
294 362
228 44
120 121

400 10
186 27
73 63
256 147
5 390
67 345
336 51
253 139
377 139
105 150
296 159

400 10
132 159
379 141
42 304
59 117
255 276
212 264
212 165
310 284
157 180
182 332

400 10
226 268
72 30
273 361
318 319
396 112
317 292
2 265
349 63
86 24
203 2

400 10
239 149
143 115
200 36
119 184
290 379
108 290
373 11
193 66
81 159
121 119

400 10
287 363
123 233
317 367
125 108
37 50
160 204
383 91
206 214
267 325
18 66

400 10
384 212
143 29
123 68
115 171
32 105
360 368
57 23
94 9
260 218
206 211

400 10
287 358
101 43
37 82
313 176
25 243
182 71
74 205
260 155
197 113
21 174

400 10
296 251
122 377
399 111
196 76
133 244
197 2
224 223
300 60
210 284
86 316

400 10
400 103
125 325
300 154
197 397
258 285
25 391
204 334
7 110
274 212
347 98

400 10
200 187
101 31
339 32
210 53
142 242
51 256
98 182
103 266
17 294
356 249

400 10
275 304
220 152
205 30
131 161
231 2
267 102
76 261
44 40
360 128
369 307

400 10
104 291
356 320
162 394
346 86
240 153
117 152
308 87
381 360
239 347
336 132

400 10
4 166
135 274
112 101
245 238
63 131
203 264
155 93
164 387
345 232
114 281

400 10
171 91
175 357
334 285
314 1
90 137
316 209
202 35
307 67
297 299
375 400

400 10
114 351
166 371
314 352
373 345
340 233
310 314
221 397
132 347
264 186
399 229

400 10
155 332
261 140
129 114
101 92
336 33
393 203
284 307
304 77
265 149
99 242

400 10
295 366
213 82
96 85
99 106
174 87
51 73
299 316
68 177
150 393
54 253

400 10
71 395
352 308
233 75
119 249
73 263
214 384
89 45
41 265
77 106
30 45

400 10
358 238
52 101
107 3
71 285
28 172
187 325
166 301
212 140
6 30
14 260

400 10
126 350
343 371
123 245
181 387
105 150
385 328
86 259
271 12
167 125
185 90

400 10
325 82
67 323
99 358
301 42
45 119
165 100
312 216
76 342
22 316
158 228

400 10
252 226
65 209
336 23
279 330
364 222
283 71
92 86
392 388
260 281
122 239

400 10
123 311
268 167
318 135
237 206
276 36
71 215
340 234
389 85
316 274
95 364

400 10
245 40
145 364
158 25
149 298
15 152
66 172
55 339
277 219
38 47
193 84

400 10
254 179
88 355
64 48
40 379
58 159
5 20
155 215
263 268
296 106
350 288

400 10
342 233
191 220
370 357
72 141
224 136
5 346
154 63
95 230
67 392
309 153

400 10
293 23
20 214
247 16
46 68
373 28
187 52
110 207
337 394
88 69
174 189

400 10
386 180
190 20
93 177
66 76
43 368
296 295
28 232
400 357
172 244
20 328

400 10
298 386
272 380
146 27
397 33
53 104
35 53
379 388
56 201
33 54
295 287

400 10
171 155
224 270
338 21
373 276
31 393
129 171
91 211
77 307
22 140
56 380

400 10
343 74
178 97
160 367
151 378
93 181
171 335
182 110
342 263
200 380
398 258

400 10
107 383
70 26
257 361
159 85
263 357
382 170
276 94
397 107
165 120
306 229

400 10
208 107
242 82
102 50
271 148
143 12
39 328
325 260
347 340
113 307
324 302

400 10
67 287
67 8
327 385
126 301
164 391
259 270
266 166
96 37
305 347
213 199

400 10
175 145
324 351
110 38
39 382
197 9
269 285
183 353
269 124
139 52
79 79

400 10
124 370
195 104
50 117
124 269
280 337
72 111
344 198
109 109
50 352
98 293

400 10
400 240
96 34
69 224
381 152
95 169
398 285
43 158
328 60
158 263
379 261

400 10
107 173
356 222
212 151
332 205
237 336
89 125
266 366
62 33
68 109
9 80

400 10
121 37
57 314
351 187
154 228
202 179
380 329
241 56
81 185
378 52
225 46

400 10
58 30
23 30
163 242
251 125
22 235
168 84
94 279
376 220
261 14
326 261

400 10
267 395
219 132
85 13
308 288
17 108
199 320
13 14
70 252
242 329
171 58

400 10
66 385
248 265
255 32
372 314
217 302
53 39
194 322
253 251
294 76
378 211

400 10
278 125
249 273
325 393
33 89
229 351
121 271
148 143
275 256
327 203
283 34

400 10
41 151
310 102
366 17
201 386
184 388
318 188
288 262
15 276
81 26
85 373

400 10
81 202
147 305
353 74
71 307
264 148
303 245
197 100
350 345
160 282
78 122

400 10
127 46
395 192
204 98
18 157
16 254
308 225
281 85
219 302
301 208
64 241

400 10
333 384
134 231
119 108
264 372
319 319
160 115
67 103
137 339
348 247
257 183

400 10
66 350
397 30
137 314
400 74
40 87
201 78
80 336
56 213
112 272
93 118

400 10
215 257
53 190
88 194
229 366
356 163
129 55
123 205
235 112
71 48
169 323

400 10
371 43
393 127
349 188
249 194
339 148
216 345
156 165
136 399
117 289
88 138

400 10
84 279
304 83
111 330
28 249
35 398
178 217
168 239
95 314
192 101
181 302

400 10
19 250
342 224
368 234
276 102
318 259
8 169
357 390
21 100
94 87
373 295

400 10
157 356
26 71
134 332
284 114
264 278
28 318
89 92
258 249
67 116
80 130

400 10
75 153
272 316
383 377
195 136
64 6
143 234
259 124
101 137
340 160
96 193

400 10
33 373
322 28
248 30
329 247
215 259
76 308
49 275
251 76
380 338
304 56

400 10
66 249
304 384
280 357
42 275
53 274
248 249
73 180
177 331
10 46
174 393

400 10
47 215
327 51
350 325
233 98
189 243
216 152
316 358
180 132
298 386
122 359

400 10
315 237
261 184
240 34
105 129
224 222
247 314
56 255
190 249
258 159
219 251

400 10
11 162
176 304
299 310
395 198
82 400
51 98
261 247
74 255
336 222
269 100

400 10
382 172
297 238
235 240
220 236
87 115
41 121
117 155
374 101
253 318
291 398

400 10
104 72
262 322
366 334
72 22
362 22
136 145
325 210
368 79
145 205
41 101

400 10
253 79
350 236
245 378
356 284
29 170
43 323
280 72
261 28
147 205
9 298

400 10
229 286
229 66
339 145
213 318
86 146
229 75
280 105
350 238
377 371
10 279

400 10
68 355
135 339
235 329
216 391
113 121
299 60
308 40
167 360
190 119
130 363

400 10
257 134
26 269
337 295
149 203
398 139
271 117
303 332
22 211
283 143
67 292

400 10
274 231
39 40
96 93
251 94
300 39
274 278
56 394
284 58
229 368
156 13

400 10
246 180
65 350
79 321
383 254
60 373
172 203
275 321
244 113
291 296
95 364

400 10
98 152
189 235
398 216
295 213
292 52
104 380
353 91
328 33
368 52
70 166

400 10
120 9
337 176
297 395
2 213
214 168
67 246
171 127
336 85
295 105
247 300

400 10
5 171
184 104
52 373
112 114
37 343
27 332
13 337
393 63
252 327
45 171

400 10
236 163
305 143
360 123
54 188
294 167
383 140
224 297
260 128
344 373
30 108

400 10
368 357
321 151
2 12
202 325
2 205
379 225
375 369
43 60
173 390
59 318

400 10
336 30
11 367
11 11
369 107
207 111
27 244
255 53
385 172
127 93
254 171

400 10
282 115
400 70
132 318
36 253
327 353
245 16
188 7
287 145
251 159
316 272

400 10
23 182
231 392
303 101
52 60
221 94
396 118
153 56
63 134
69 54
369 227

400 10
183 266
4 308
125 219
145 113
99 263
348 308
335 399
386 313
211 122
36 29

400 10
211 131
187 236
272 91
322 30
356 51
254 101
72 354
106 157
52 325
17 359

400 10
139 189
303 201
222 322
400 212
330 386
26 253
125 224
225 254
261 140
284 304

0