100
600 10
55 351
212 385
287 59
17 503
270 112
543 250
209 171
397 152
510 574
587 543

600 10
19 538
474 344
203 68
46 446
29 214
59 26
536 337
375 547
204 475
322 13

600 10
554 488
586 159
153 116
496 97
478 177
313 276
305 570
410 6
243 443
307 291

600 10
151 565
31 127
314 199
199 547
130 473
266 103
179 107
161 599
510 233
166 421

600 10
284 561
322 98
600 370
447 574
127 420
136 136
482 48
454 493
89 152
22 478

600 10
440 197
456 204
98 242
392 535
356 147
441 528
563 66
124 91
524 375
391 560

600 10
155 20
537 208
176 580
298 277
215 145
422 571
594 102
537 244
481 410
372 453

600 10
382 75
481 596
238 536
475 245
136 192
421 50
319 288
26 109
271 135
212 579

600 10
337 71
288 7
318 112
230 25
511 10
45 290
531 284
257 402
323 421
504 282

600 10
289 461
164 594
29 324
283 242
244 212
46 41
573 350
531 42
216 299
47 83

600 10
159 581
535 315
211 314
46 528
583 141
82 453
446 312
36 540
137 25
543 554

600 10
391 549
553 20
168 37
86 206
356 132
33 298
368 146
116 402
594 431
62 150

600 10
72 504
482 78
344 430
295 580
268 509
417 522
344 146
334 435
247 336
158 378

600 10
512 76
301 337
443 562
343 193
396 204
552 376
111 432
596 63
60 114
372 479

600 10
312 435
537 281
200 395
517 474
528 13
242 372
270 250
211 258
340 332
3 106

600 10
273 467
63 528
366 362
190 382
510 47
77 577
92 153
556 98
301 549
178 135

600 10
240 399
154 382
181 2
62 293
590 392
424 79
123 496
428 481
358 264
575 250

600 10
150 425
63 460
188 138
357 267
402 292
429 559
498 566
517 208
82 584
214 546

600 10
452 458
416 82
35 122
74 341
267 508
428 538
576 256
175 313
145 462
314 358

600 10
155 95
208 364
300 149
80 164
358 369
536 530
385 599
234 170
167 517
62 17

600 10
158 193
100 128
176 174
202 78
54 267
111 176
436 228
27 275
35 546
15 182

600 10
53 512
207 600
526 269
388 319
170 358
567 328
75 447
34 346
19 293
334 567

600 10
96 241
372 87
238 453
53 301
380 146
168 93
309 229
293 274
130 265
58 499

600 10
186 499
356 41
560 56
467 412
190 383
585 497
395 170
511 161
88 10
49 176

600 10
368 474
34 183
270 438
508 67
535 521
324 127
190 31
600 597
409 4
101 131

600 10
271 164
499 34
91 28
448 580
156 171
514 180
450 43
99 160
106 278
589 578

600 10
96 231
238 273
403 399
551 296
511 123
428 363
101 435
356 373
183 85
556 98

600 10
234 246
370 92
122 433
370 104
381 388
260 163
328 430
105 491
441 440
320 454

600 10
62 145
548 144
412 7
222 60
388 232
241 75
252 379
266 164
528 421
582 450

600 10
99 223
444 137
381 101
412 291
185 294
78 579
91 33
235 593
139 38
342 14

600 10
63 87
333 285
439 440
74 340
226 217
547 326
5 44
214 237
569 240
350 533

600 10
469 136
240 324
145 252
88 237
332 443
167 375
200 54
288 523
164 323
20 311

600 10
477 315
206 515
102 150
525 580
66 329
269 470
315 147
116 333
300 449
235 329

600 10
428 28
287 86
420 506
55 194
126 139
183 168
394 441
503 6
16 122
232 165

600 10
471 6
547 531
354 522
412 345
576 299
592 136
194 526
377 43
552 313
437 242

600 10
563 452
380 417
206 407
248 374
374 522
62 75
308 402
164 106
335 148
585 63

600 10
322 290
565 218
283 416
189 545
280 599
521 413
207 225
90 258
298 16
295 545

600 10
333 137
147 525
257 355
354 285
82 7
5 19
163 319
56 284
482 569
302 389

600 10
88 311
236 186
91 440
50 267
417 592
22 528
164 500
293 315
127 389
58 24

600 10
541 560
357 193
518 234
549 4
358 150
359 83
316 494
560 308
376 255
328 88

600 10
293 465
465 59
545 249
199 231
362 207
376 273
453 438
426 199
187 461
381 453

600 10
588 362
532 509
54 538
192 218
466 53
560 13
266 363
281 330
283 209
280 381

600 10
333 286
116 502
412 503
252 168
260 365
292 7
238 197
22 74
275 527
253 242

600 10
357 555
378 357
316 94
94 142
568 484
181 168
127 181
83 584
312 20
215 113

600 10
525 412
573 522
512 63
296 184
255 363
491 429
21 355
158 325
516 19
317 439

600 10
162 299
230 99
156 265
352 251
125 434
193 452
541 582
555 163
171 489
61 544

600 10
4 509
317 14
55 406
284 343
239 395
196 74
199 211
163 33
480 405
243 190

600 10
64 170
177 44
112 526
300 379
373 450
413 26
454 135
250 68
308 225
138 175

600 10
371 401
503 73
243 181
477 122
69 322
526 274
513 89
386 286
474 69
432 347

600 10
15 69
241 341
597 418
555 137
238 473
542 155
218 88
170 243
211 18
56 78

600 10
234 471
74 373
57 66
135 413
328 597
182 333
330 426
589 547
274 561
475 98

600 10
470 596
521 339
72 187
592 55
266 63
508 333
335 476
544 308
367 288
598 533

600 10
548 78
252 475
23 211
361 190
125 492
175 22
142 3
458 355
490 532
286 592

600 10
147 6
226 429
376 387
553 181
580 344
499 349
525 581
403 150
71 418
189 475

600 10
528 234
228 30
161 95
338 219
111 333
162 492
296 430
37 147
593 387
248 467

600 10
225 215
312 361
142 572
485 589
45 381
311 330
434 14
486 122
81 498
179 179

600 10
253 429
93 340
222 271
51 137
587 53
407 16
247 259
98 367
549 528
72 337

600 10
92 251
163 514
279 81
426 581
465 242
92 123
67 334
506 130
281 201
406 5

600 10
344 296
459 368
234 317
21 110
396 282
64 228
189 192
538 309
222 555
549 187

600 10
255 238
346 152
83 585
294 587
563 31
347 536
22 384
300 264
558 116
448 41

600 10
522 600
316 244
63 398
541 127
477 199
161 317
205 497
440 539
446 68
33 430

600 10
492 289
588 460
265 101
281 97
259 334
426 325
399 556
397 217
6 159
2 221

600 10
431 312
19 554
84 71
406 355
578 265
4 226
192 598
230 130
558 222
46 135

600 10
179 574
330 106
50 540
340 283
141 126
283 105
551 431
565 129
586 51
490 505

600 10
248 571
245 164
62 300
471 333
176 387
357 109
258 59
403 419
229 120
63 52

600 10
551 363
72 91
216 581
285 312
136 90
146 390
584 360
549 575
60 124
168 139

600 10
322 328
571 414
127 420
521 397
575 8
566 356
20 370
545 461
399 396
166 157

600 10
588 160
441 50
61 10
281 513
561 359
197 168
58 436
385 174
87 220
346 430

600 10
577 506
143 505
273 332
527 486
303 291
174 466
381 541
538 485
273 518
152 542

600 10
282 498
177 31
41 58
98 286
414 430
269 177
247 416
195 62
281 40
434 556

600 10
582 133
437 399
582 503
402 580
144 55
54 414
461 343
145 345
47 534
470 206

600 10
587 372
150 61
356 506
395 53
62 86
537 13
156 538
578 345
528 458
196 227

600 10
383 232
219 202
543 599
594 270
376 455
9 464
471 447
238 265
427 491
584 234

600 10
270 139
494 168
512 1
193 249
532 150
373 204
452 57
352 246
475 219
190 92

600 10
468 250
190 339
64 361
474 137
520 82
101 473
29 204
189 486
195 425
128 529

600 10
179 128
574 21
156 326
57 574
20 423
400 422
87 336
364 301
499 47
57 445

600 10
350 539
593 391
64 562
461 551
447 142
159 282
395 263
111 216
137 282
331 434

600 10
377 593
448 412
286 22
73 81
292 426
131 365
152 359
505 12
401 96
76 141

600 10
303 600
460 562
444 390
559 581
169 156
253 38
367 114
133 250
217 215
396 531

600 10
230 253
299 319
566 72
276 191
528 300
212 272
289 452
322 30
576 529
251 301

600 10
429 380
241 391
298 85
218 271
322 206
355 83
95 511
547 310
420 399
407 343

600 10
15 400
35 588
202 50
311 162
152 355
134 369
567 442
73 75
120 284
331 554

600 10
538 68
18 358
355 490
425 344
14 402
50 236
73 332
359 127
61 191
479 342

600 10
155 475
351 375
537 218
101 484
240 151
270 148
98 297
134 327
162 595
198 199

600 10
384 381
249 231
19 75
493 309
220 542
531 275
279 164
277 528
402 285
373 142

600 10
327 342
226 62
551 29
523 25
591 308
588 344
196 414
63 349
142 188
369 141

600 10
443 409
481 21
37 225
77 136
241 104
435 449
152 229
413 350
450 213
414 348

600 10
343 211
161 348
165 483
28 327
329 179
19 529
567 228
550 155
587 115
569 196

600 10
26 152
117 596
269 420
486 575
535 387
301 49
69 515
62 226
69 585
471 212

600 10
514 33
571 111
320 125
442 232
125 214
144 541
267 520
344 209
89 457
61 127

600 10
345 476
100 272
422 124
153 290
491 14
81 469
8 32
107 290
84 520
384 318

600 10
4 204
380 176
233 429
90 192
18 316
95 528
130 375
69 459
553 599
158 334

600 10
466 350
171 7
86 346
327 222
167 225
288 254
522 540
65 169
453 282
29 282

600 10
42 271
191 156
491 472
503 540
5 52
67 372
321 146
546 537
12 98
570 464

600 10
337 61
211 305
554 95
458 241
498 454
540 73
398 343
104 52
92 245
76 471

600 10
88 543
258 589
162 440
349 425
419 539
102 107
34 233
207 33
104 320
100 7

600 10
13 438
149 334
242 143
341 96
247 367
389 255
460 48
352 544
358 564
218 492

600 10
187 237
90 283
301 588
488 559
175 114
274 7
311 548
212 422
169 176
104 131

600 10
575 110
270 447
494 303
164 437
508 300
268 572
176 30
193 370
311 317
100 218

600 10
93 24
112 515
480 597
92 18
506 153
222 400
73 440
81 207
166 474
399 566

0