100
1400 10
1068 1234
390 282
483 1321
1241 46
645 615
368 1264
483 1129
313 1046
1322 1052
403 413

1400 10
855 205
1165 1285
1292 234
35 1281
1224 747
651 1335
849 1311
179 413
208 798
555 393

1400 10
1148 1000
955 662
615 908
1182 492
85 100
1069 427
1233 86
1387 681
757 1057
975 790

1400 10
465 1368
314 706
894 453
301 802
1143 1276
642 235
807 520
818 804
1053 1383
708 907

1400 10
29 591
806 584
810 705
1172 162
905 202
39 640
235 1099
488 231
643 987
1016 96

1400 10
771 1266
916 476
4 95
1168 158
762 610
48 1064
1288 980
681 316
293 131
853 833

1400 10
830 756
973 339
1095 13
175 532
1210 993
1083 984
220 1042
92 593
1247 198
798 581

1400 10
179 558
60 565
1391 606
836 47
739 505
1132 1380
431 1376
781 302
953 384
300 419

1400 10
41 797
808 169
298 24
1062 734
740 821
1298 1253
1249 872
1284 437
812 107
75 855

1400 10
1107 389
692 954
883 815
1360 1309
881 1369
987 1284
128 15
483 884
769 1123
458 240

1400 10
1026 940
607 329
847 730
426 40
581 187
49 506
574 996
499 536
1004 1070
491 160

1400 10
308 1116
1086 1265
568 281
1082 1185
15 563
107 939
88 1007
805 173
118 408
717 564

1400 10
1313 905
1400 1320
274 687
1180 490
297 868
924 910
1324 1270
889 994
533 1244
732 371

1400 10
163 1053
698 618
828 1204
1306 1387
1270 536
590 731
535 1242
656 494
1063 958
294 400

1400 10
1123 135
289 300
96 942
873 670
995 122
671 586
26 131
441 694
201 1205
1016 548

1400 10
998 1362
503 756
1361 193
830 1386
522 1228
1194 202
326 76
65 1364
876 474
504 366

1400 10
1087 1057
241 1056
1157 259
368 826
331 895
341 386
528 678
826 278
982 654
1072 656

1400 10
1108 1338
730 1114
900 1019
679 92
539 410
701 146
524 1110
302 493
721 574
251 130

1400 10
434 31
594 706
249 1003
836 1328
1358 836
276 1381
1071 952
592 842
82 144
210 1325

1400 10
531 556
776 925
241 1088
1068 704
1217 1101
395 713
103 171
1310 1357
983 643
420 300

1400 10
408 520
265 949
222 293
674 133
368 668
838 106
227 172
282 319
685 1098
1 1219

1400 10
656 319
894 1159
363 75
279 1202
298 563
835 160
877 352
179 1154
1375 305
214 1080

1400 10
394 1260
570 368
7 441
250 1286
561 998
1343 878
1090 1340
930 987
768 540
73 935

1400 10
423 1372
1326 719
829 96
1092 1339
174 1169
121 678
1349 582
1289 140
233 716
1243 839

1400 10
1194 1107
14 767
702 309
450 252
341 1192
501 524
589 1295
1256 1095
1099 408
430 345

1400 10
918 647
1293 794
852 342
491 215
180 793
60 91
198 772
706 204
1062 69
1234 267

1400 10
686 196
682 979
1021 971
17 539
528 990
140 5
515 1116
1069 1080
813 535
1242 1106

1400 10
131 678
558 454
1094 1101
333 430
310 1161
860 1204
1254 1063
314 1328
217 1017
345 592

1400 10
1048 556
277 667
648 1384
728 1390
1204 804
980 715
690 332
544 1002
27 305
211 249

1400 10
906 90
1301 606
254 212
1012 1228
794 835
1259 942
127 1087
1320 160
201 1114
1218 349

1400 10
81 35
801 749
541 1218
1352 496
15 485
1298 407
1273 743
882 765
385 1271
540 1267

1400 10
291 249
587 1008
152 1143
1082 225
157 414
1087 1122
37 166
498 1341
38 543
424 1030

1400 10
1362 774
1338 986
1117 1373
1087 1251
616 1241
869 496
694 987
3 1034
175 609
435 591

1400 10
584 1236
648 710
1339 423
711 898
174 439
500 1026
576 712
690 739
84 244
649 935

1400 10
1037 471
401 657
1355 1283
390 772
915 1143
1317 910
1233 1315
584 808
1057 1257
603 1227

1400 10
782 495
1332 1089
621 238
489 364
1392 866
892 1339
205 213
1016 80
619 987
1149 517

1400 10
297 642
452 385
392 1314
622 615
874 989
88 303
348 249
366 918
708 521
1281 1239

1400 10
197 280
465 1186
1175 222
1208 210
1223 975
672 783
344 159
452 202
570 1182
419 727

1400 10
364 1017
805 814
526 57
281 864
82 508
898 135
148 1314
1079 321
969 401
410 48

1400 10
519 1366
260 1186
1261 255
555 672
432 1213
1249 1043
44 569
1034 662
1268 317
464 1282

1400 10
73 955
665 113
926 1130
782 108
283 1329
249 128
850 1006
1021 453
1145 497
563 773

1400 10
514 1385
746 282
379 214
1313 1032
1140 523
639 493
541 112
559 1045
145 804
146 243

1400 10
291 329
891 352
920 767
449 5
576 1074
61 1105
745 335
232 569
415 512
702 1124

1400 10
1371 573
970 130
1022 922
749 1295
665 1046
1220 142
117 1306
835 259
695 54
66 932

1400 10
371 126
28 165
650 694
562 1248
124 976
254 116
494 70
908 689
922 379
983 1390

1400 10
47 793
1384 1139
8 107
516 1127
864 675
681 78
749 39
357 1324
1063 24
481 1300

1400 10
1340 1022
417 700
96 906
1382 1084
281 975
52 1242
388 220
955 649
919 944
1142 839

1400 10
337 441
1018 511
1205 479
359 458
149 579
1111 710
1240 1109
709 893
236 627
1358 831

1400 10
347 1072
751 1193
1084 404
32 1347
1216 1128
1245 16
289 889
1154 776
708 384
565 62

1400 10
562 1036
887 1115
797 309
1033 53
742 14
1081 1031
1042 35
262 45
170 1280
61 110

1400 10
202 304
1288 198
1345 1362
935 1250
304 1042
891 811
1073 1353
971 797
810 704
342 1311

1400 10
1192 427
143 1194
1197 519
1286 595
1187 604
563 323
372 862
167 535
1231 487
1389 358

1400 10
56 644
500 637
3 935
791 1214
933 954
1017 569
634 626
746 545
171 538
661 854

1400 10
321 90
679 41
931 763
364 1346
81 1080
860 260
521 452
403 712
257 1099
517 200

1400 10
99 997
674 752
428 1196
224 563
1354 544
787 88
1353 248
323 16
525 1188
45 826

1400 10
893 1241
577 848
1384 771
1380 468
795 1072
917 249
1017 286
893 563
992 217
460 881

1400 10
1280 1381
1089 1206
1103 1159
463 338
1128 998
456 1041
502 276
710 1032
768 24
913 87

1400 10
536 958
391 1332
626 155
206 842
672 833
1310 16
252 644
465 1108
1064 112
1249 457

1400 10
321 258
1266 139
1056 390
1306 1379
53 1029
369 783
1111 160
839 175
1149 613
1347 739

1400 10
652 808
603 343
588 102
664 446
1308 645
720 655
985 836
239 89
920 459
1073 182

1400 10
204 265
205 1354
452 334
426 572
817 374
453 223
1070 1282
773 439
9 218
1006 1093

1400 10
1056 500
554 264
1096 1068
834 601
56 893
584 211
1233 962
1142 1097
1062 195
1005 1037

1400 10
493 844
1125 526
325 1256
745 42
23 228
735 631
165 72
878 156
413 1378
422 187

1400 10
1059 1216
132 521
1398 731
543 880
976 586
60 290
1238 1140
177 1194
112 763
693 648

1400 10
345 684
1270 1283
225 1191
358 1022
587 933
45 531
1398 938
397 740
190 306
866 351

1400 10
1087 181
440 595
1188 1264
1272 484
439 851
910 697
1244 1108
65 1376
268 15
188 409

1400 10
39 1387
1280 986
1123 382
257 902
197 998
996 191
473 518
502 396
55 237
1078 425

1400 10
244 593
401 187
905 849
776 1020
30 1243
439 435
652 326
932 1119
500 364
322 79

1400 10
1270 893
895 466
885 943
627 908
604 610
928 1046
426 1262
514 1184
236 1299
267 1198

1400 10
554 238
1219 295
193 1180
762 719
1012 367
1320 1087
784 201
681 392
678 234
175 522

1400 10
213 739
1313 408
1052 361
196 773
616 257
759 1009
1350 379
433 1016
804 851
405 70

1400 10
1356 63
1116 759
770 605
1292 114
633 997
713 64
403 1155
1248 280
152 680
746 1164

1400 10
825 559
544 1157
685 1183
1136 116
434 906
1290 1341
116 1211
355 22
977 739
545 168

1400 10
360 763
679 405
1375 656
281 346
1176 310
557 886
789 398
188 1225
726 539
737 325

1400 10
840 882
68 393
688 819
1260 23
822 422
445 338
770 1081
109 329
21 584
470 116

1400 10
1284 1062
949 661
904 860
451 395
293 974
370 1353
233 1398
265 279
1364 850
226 123

1400 10
527 802
1303 825
513 1088
252 747
30 1107
1027 1074
582 983
1331 1110
450 227
366 836

1400 10
589 822
390 606
110 145
16 948
1305 1000
756 499
273 358
260 184
442 24
64 241

1400 10
116 41
759 459
856 57
823 1394
1026 1335
480 970
545 349
540 1001
762 795
286 1340

1400 10
1083 1253
1017 1172
1277 1158
1223 1255
164 950
194 1096
232 124
43 1289
1065 1008
742 1192

1400 10
1101 462
960 293
3 861
356 681
940 79
855 971
59 1070
118 132
628 297
1159 243

1400 10
147 1143
1264 157
818 1140
1022 1276
474 1111
1375 889
761 813
400 435
452 328
1092 49

1400 10
1066 428
1087 1017
1003 1236
1033 364
144 236
855 206
182 698
910 815
108 731
1116 959

1400 10
1263 383
867 1034
198 978
498 909
144 127
1344 884
599 638
723 238
348 1016
454 533

1400 10
489 597
512 711
174 925
102 1000
966 553
158 777
737 345
492 1256
470 454
1219 644

1400 10
968 647
886 337
1171 843
252 1075
1114 933
1056 1014
427 1172
1016 1378
534 708
1161 1169

1400 10
625 281
134 918
1305 1194
719 388
1264 871
545 1129
1362 993
946 289
120 911
151 609

1400 10
514 452
1070 593
1084 857
218 36
389 1033
928 1350
56 1032
243 427
1369 963
539 674

1400 10
534 1032
796 833
1097 56
714 1339
392 1136
846 1216
991 694
175 744
631 872
1355 1216

1400 10
409 657
42 231
1071 1057
1009 1351
792 71
1262 342
1307 67
530 226
417 72
555 551

1400 10
9 432
253 150
707 821
894 880
1234 942
95 431
316 762
370 51
1185 307
1029 1364

1400 10
183 526
717 1156
197 325
225 1016
370 749
342 501
459 740
1153 1034
685 354
87 839

1400 10
882 266
1345 1255
898 926
755 141
376 1288
294 714
568 1226
428 1309
1152 812
340 1148

1400 10
580 1111
526 915
182 552
1154 635
48 784
1176 1074
979 1039
477 853
555 577
821 534

1400 10
25 434
620 679
668 1099
1133 1184
886 1025
612 332
128 533
493 1151
667 658
1227 42

1400 10
1199 553
648 105
1160 303
162 720
811 17
1174 419
1071 1291
528 813
751 219
523 692

1400 10
1385 59
185 530
888 823
706 583
1190 1346
466 1298
1176 44
797 1372
200 525
107 915

1400 10
883 136
1392 610
1399 360
1102 684
1358 979
1365 374
1002 580
991 62
338 1330
234 289

1400 10
326 672
764 899
725 396
713 857
1232 448
1004 1347
1230 1120
1005 79
1112 448
875 312

1400 10
434 989
231 622
536 367
985 1342
592 556
1071 323
610 1300
1006 260
499 1044
1169 1343

0