100
100 90
93 92
23 92
12 61
38 100
77 93
75 75
12 11
98 54
72 49
89 25
68 79
93 23
42 83
4 72
28 92
35 35
9 37
78 58
10 99
98 3
82 39
99 29
14 62
76 18
74 8
92 55
36 70
50 3
62 76
12 54
17 71
79 12
8 56
60 95
20 89
35 71
87 100
48 44
46 59
17 44
60 7
92 10
14 90
67 22
52 82
60 8
72 47
100 26
88 71
38 51
78 1
25 91
3 46
22 25
90 7
100 63
93 67
41 67
50 43
38 67
100 45
33 99
48 37
82 12
97 98
16 33
34 52
100 18
81 88
72 99
17 73
26 45
92 72
33 47
56 10
50 33
1 80
51 63
51 98
97 39
27 86
70 96
96 76
71 7
41 24
71 86
6 4
75 90
84 16
52 32

100 90
14 93
65 85
50 60
53 6
50 16
81 22
35 36
5 98
59 91
35 4
50 97
62 85
15 74
96 3
63 84
19 35
27 100
57 86
97 98
49 17
55 49
29 46
23 10
20 61
97 93
33 22
8 89
42 75
79 21
92 100
85 84
41 38
55 65
18 48
55 19
3 88
98 58
38 87
48 29
15 48
98 53
63 20
17 67
11 10
57 96
55 29
53 88
95 18
5 78
22 81
96 44
24 26
39 67
61 53
4 3
32 62
5 88
50 74
48 89
44 37
54 15
24 26
34 57
42 94
75 27
51 79
42 91
53 61
88 87
55 31
59 21
48 40
48 29
29 15
62 18
60 87
15 33
54 32
60 35
10 24
79 1
61 24
99 76
77 67
66 23
10 14
98 82
11 21
88 10
93 29

100 90
58 36
100 7
80 78
65 7
11 89
43 91
68 42
54 72
9 54
79 66
1 60
25 97
50 20
93 70
50 26
7 40
94 51
92 34
98 96
75 55
64 97
93 58
10 93
83 67
38 94
65 18
34 38
59 41
84 4
12 84
76 23
69 59
47 77
38 82
94 23
66 66
75 55
84 65
61 22
48 86
94 48
92 61
65 55
34 62
37 20
7 53
30 59
87 40
40 12
96 31
81 71
32 76
33 98
100 90
42 85
93 3
92 49
11 47
20 12
94 5
68 68
99 30
47 30
71 48
91 9
22 29
67 12
86 70
1 88
39 19
88 30
15 71
70 47
63 23
37 24
21 22
41 63
30 25
36 25
93 20
48 43
81 77
64 46
1 28
5 98
31 31
54 80
21 100
43 10
98 63

100 90
76 41
36 43
10 36
52 11
94 46
39 73
90 77
34 62
77 92
38 74
42 2
87 27
88 80
64 8
34 83
63 88
61 100
95 20
6 15
91 71
31 44
88 24
97 74
100 85
28 26
77 28
31 23
48 1
94 96
66 55
29 44
26 76
87 35
90 42
5 29
39 32
7 95
33 51
1 58
12 75
59 52
36 15
45 79
64 71
39 100
2 75
12 75
12 80
30 41
11 16
25 79
36 75
6 79
54 44
1 96
58 62
82 44
56 74
30 36
88 80
34 16
72 34
82 68
65 41
8 13
92 48
90 48
84 96
26 7
4 37
44 65
19 93
95 76
35 40
29 97
51 6
57 70
58 20
87 3
96 54
32 8
30 66
21 18
93 60
62 96
7 53
48 77
100 73
15 36
98 95

100 90
65 40
99 24
20 5
67 6
86 100
5 36
36 98
45 86
40 13
81 68
24 71
42 30
88 9
19 66
67 59
87 34
41 30
7 41
51 62
43 84
37 84
74 57
52 93
23 42
40 90
30 76
42 14
9 53
67 60
77 33
82 15
75 47
100 75
60 45
74 68
45 13
17 88
75 39
62 49
80 56
11 31
68 2
10 41
64 71
57 15
30 35
5 9
56 79
45 39
20 83
76 65
88 34
97 63
67 76
79 99
63 7
94 28
55 39
7 81
12 24
7 42
77 67
48 45
15 25
44 89
11 60
17 9
12 87
55 34
18 22
68 21
29 58
73 74
77 3
21 29
27 78
89 63
69 90
77 82
15 68
36 78
85 81
35 49
44 76
28 94
92 26
1 48
53 25
73 75
16 24

100 90
84 62
7 51
61 31
10 1
24 53
57 18
33 82
70 6
86 83
42 6
69 75
91 81
3 27
37 35
59 85
39 55
75 54
67 34
83 29
30 76
29 93
75 20
38 42
77 62
39 87
57 13
53 46
56 69
19 20
50 82
83 45
22 50
1 13
89 48
76 3
16 83
81 45
68 94
45 36
41 99
32 79
50 27
10 73
52 79
74 82
35 68
14 61
10 89
93 95
48 78
67 35
13 19
14 12
89 9
83 41
37 72
18 37
31 56
87 84
14 64
36 53
58 29
28 20
37 40
31 44
81 24
41 46
65 29
87 96
60 55
31 34
40 89
86 77
33 94
32 4
80 71
95 23
90 20
48 83
54 84
95 88
72 72
71 41
55 32
3 44
68 33
17 37
69 8
29 6
67 93

100 90
90 84
88 3
78 46
70 19
38 87
20 76
27 29
50 51
18 86
89 11
52 30
53 65
41 87
33 4
27 11
16 15
79 98
7 95
12 32
83 84
82 8
14 88
25 62
9 25
51 56
90 45
79 63
31 80
99 7
58 77
3 81
71 96
92 69
68 45
83 66
70 14
55 10
27 8
68 6
21 45
3 16
59 31
18 32
25 64
52 46
29 88
100 33
77 21
33 66
34 49
16 49
5 13
56 54
92 100
89 23
41 74
20 24
72 68
96 76
21 13
39 83
13 53
48 16
89 18
19 5
14 33
27 3
99 76
41 37
80 1
68 82
49 7
22 87
39 82
8 39
71 65
82 69
6 11
85 32
66 53
89 11
79 48
50 5
8 28
44 68
10 19
78 67
18 17
26 51
61 64

100 90
34 81
5 45
78 12
33 29
45 16
82 60
55 44
28 8
51 21
3 23
74 79
65 53
82 87
13 33
72 96
20 31
25 100
37 94
91 18
10 13
4 24
98 56
16 99
54 6
26 84
72 45
63 79
91 77
95 93
47 37
2 55
90 94
65 9
74 53
59 74
98 68
46 61
28 63
88 15
26 81
78 71
57 90
83 56
49 24
15 32
63 29
66 70
19 9
67 69
41 29
60 78
60 52
16 44
66 95
20 72
27 5
67 1
17 49
2 54
43 63
44 39
17 43
6 100
70 86
73 19
49 98
60 17
90 42
86 94
16 67
3 47
33 49
17 92
72 9
74 10
51 69
23 67
82 69
24 20
69 35
77 61
58 42
89 92
8 32
87 80
25 86
32 88
16 89
96 35
73 30

100 90
35 22
64 99
82 50
12 87
92 56
44 9
52 13
25 77
82 3
48 29
71 4
78 85
85 72
27 26
25 13
90 38
32 16
20 78
28 31
72 100
46 68
21 55
25 1
28 76
92 78
62 39
49 87
52 47
10 15
32 23
10 82
54 6
52 99
43 55
58 97
87 26
13 39
28 98
65 11
44 64
55 99
89 84
6 45
55 38
52 68
52 80
17 3
70 7
89 52
25 82
30 20
80 27
95 66
24 43
62 34
9 50
77 38
97 49
45 37
57 23
91 82
98 73
69 88
19 86
38 69
23 97
23 74
44 32
8 46
91 23
49 49
18 11
60 75
31 40
73 85
34 6
3 49
70 49
88 71
88 4
96 29
43 84
86 24
52 33
46 46
32 53
66 60
45 96
88 46
48 98

100 90
41 14
79 100
1 90
7 18
69 52
49 100
37 6
47 55
65 36
61 31
41 49
32 86
76 73
23 70
12 66
82 93
50 84
8 65
35 19
55 80
22 11
83 39
69 7
74 81
68 14
22 73
64 85
9 59
41 35
61 83
94 98
92 17
64 30
28 36
11 99
32 46
19 65
60 22
72 23
60 10
94 68
91 33
30 61
54 32
88 26
68 80
17 10
79 28
86 87
35 6
58 10
58 88
40 59
53 68
93 67
6 59
16 27
17 14
7 42
5 96
7 92
40 15
14 21
56 35
3 39
67 25
18 36
93 96
13 67
76 69
38 72
21 94
42 20
51 92
6 100
73 69
19 56
56 77
77 55
59 71
24 45
20 12
35 74
29 1
24 19
76 38
47 76
22 71
72 55
36 28

100 90
52 21
98 9
87 45
99 46
93 64
82 59
45 62
25 93
38 45
1 90
59 6
49 97
32 13
9 13
95 31
10 72
22 52
3 9
33 48
41 32
24 25
65 57
5 57
24 48
99 30
68 52
82 82
90 13
3 19
80 64
60 2
76 10
79 79
83 92
45 80
21 76
35 9
8 40
69 70
11 9
96 89
15 3
78 82
66 72
1 89
53 34
40 95
83 58
58 97
58 52
19 57
27 15
50 44
83 94
85 34
61 13
9 73
94 60
73 8
75 2
10 46
86 62
24 69
17 56
92 64
38 98
39 18
18 29
17 73
74 70
25 26
31 44
39 5
28 1
94 9
49 49
41 3
6 31
23 79
7 98
43 40
20 88
32 18
17 16
58 96
38 41
78 29
8 65
6 25
81 21

100 90
51 30
68 64
8 31
84 88
23 21
63 77
63 77
75 81
72 43
85 93
56 53
29 79
43 72
53 24
38 71
81 45
47 42
19 26
72 16
87 53
32 21
91 76
86 29
83 8
40 24
89 95
91 40
4 77
39 44
34 67
91 78
88 8
23 51
71 7
84 33
3 15
92 41
6 24
27 10
56 90
53 45
24 59
34 86
39 22
94 1
58 86
75 11
86 27
3 84
26 56
89 76
92 97
79 14
8 30
39 37
36 10
48 79
62 17
22 66
83 65
43 18
29 75
65 82
60 45
50 27
34 18
76 20
74 98
67 66
88 28
18 57
75 70
21 6
91 7
69 22
38 38
33 32
22 29
49 82
72 62
60 90
47 52
54 22
13 35
61 72
82 95
15 92
6 41
55 4
71 38

100 90
67 81
22 94
83 58
17 62
20 99
14 64
81 93
40 96
93 8
13 78
1 27
78 19
45 87
36 21
96 92
95 37
44 42
81 23
17 18
1 14
12 88
22 10
41 5
52 55
20 17
6 97
68 50
55 43
54 25
46 41
55 53
37 87
85 22
78 46
7 34
97 9
71 15
30 70
24 90
80 33
10 99
84 77
37 73
59 85
61 84
57 38
25 2
94 28
60 48
47 2
97 41
40 51
97 8
43 43
5 72
100 24
82 53
66 47
14 47
55 74
42 36
81 71
23 61
37 42
68 36
71 38
47 92
51 38
68 94
58 4
80 43
82 31
59 61
75 73
87 7
84 89
9 35
17 2
18 15
11 40
74 43
39 31
3 90
51 66
92 35
26 44
80 82
2 96
97 31
2 36

100 90
15 72
15 15
90 30
13 36
46 50
46 96
12 18
37 3
29 69
88 41
100 99
8 70
59 83
14 56
95 13
21 68
89 76
92 89
40 77
32 24
64 12
5 71
51 46
85 37
20 72
82 1
49 59
58 23
75 55
47 54
8 90
37 82
1 84
49 12
83 44
81 40
64 57
77 30
16 88
99 9
52 3
89 8
68 36
42 14
91 19
97 77
23 85
88 71
84 92
90 55
75 3
57 16
62 95
96 44
63 10
66 60
44 3
89 11
14 37
71 71
43 31
60 77
58 94
20 11
30 75
7 84
14 64
16 78
3 88
71 38
73 81
56 86
100 3
65 87
30 63
87 25
56 39
45 31
3 19
84 43
69 33
94 57
34 59
63 22
60 59
85 90
5 100
90 91
78 24
37 70

100 90
48 41
18 66
95 74
74 53
95 66
81 97
15 96
82 23
72 37
66 22
22 32
17 55
6 98
5 35
4 88
93 83
92 94
44 81
84 18
71 19
49 90
86 40
97 82
64 67
87 21
82 53
24 90
20 65
35 14
94 64
79 24
62 79
28 97
63 35
77 39
99 17
19 6
95 76
72 22
40 97
51 62
35 91
25 44
85 62
6 32
20 3
66 33
32 11
54 6
54 19
95 66
99 7
78 75
87 27
60 1
70 23
37 74
87 23
25 13
11 87
9 73
92 18
98 70
71 60
28 11
35 7
21 21
52 90
33 92
66 52
27 78
89 51
47 51
41 74
93 49
30 36
61 59
19 43
35 18
76 61
70 73
2 96
38 20
7 28
64 56
57 74
39 20
28 42
59 83
51 98

100 90
20 53
56 66
93 7
95 3
67 1
60 53
10 22
48 56
42 91
5 65
31 35
68 71
29 4
74 56
37 78
75 39
20 93
28 56
57 92
97 99
76 33
97 66
70 27
25 35
7 6
11 50
48 25
4 49
88 12
48 12
58 91
89 19
75 66
88 47
81 42
79 56
11 72
2 89
27 75
93 57
36 67
79 97
28 20
75 43
66 55
60 95
47 58
37 42
24 94
90 61
46 77
18 64
49 81
97 63
64 17
27 24
92 60
86 51
87 47
40 2
14 70
18 98
46 22
78 6
45 32
40 69
70 13
36 98
89 69
2 22
23 71
80 32
62 70
94 99
43 52
85 94
84 18
87 5
89 69
33 36
30 49
99 63
67 12
39 31
3 8
80 31
52 90
67 28
63 12
17 34

100 90
74 17
74 5
61 65
82 46
36 31
44 13
30 10
60 59
15 34
46 24
48 18
86 62
40 17
10 55
66 50
74 55
61 94
52 25
31 83
46 22
21 22
2 81
89 69
98 2
33 47
67 59
88 78
29 58
100 69
33 10
13 8
73 22
1 8
28 37
24 52
88 96
59 4
35 96
13 94
98 69
82 89
40 44
25 94
9 96
55 5
90 67
14 28
16 26
18 44
34 83
84 73
80 2
17 52
6 61
61 80
76 39
82 35
94 13
92 28
11 23
60 56
55 35
41 35
74 17
93 98
70 88
15 61
31 82
39 32
24 86
73 43
32 42
37 92
99 68
62 1
40 30
88 89
71 82
2 15
44 18
34 19
98 93
55 14
83 11
38 22
77 88
67 54
76 15
43 46
11 18

100 90
77 81
58 8
44 39
96 17
50 89
72 33
20 17
74 17
87 7
60 67
28 74
8 25
15 99
22 85
17 87
44 32
6 92
72 28
11 77
61 63
1 97
9 74
38 93
85 33
95 1
99 48
19 68
23 21
7 54
27 84
43 92
95 53
87 25
69 16
66 49
13 51
41 20
41 93
19 23
27 88
9 60
100 81
51 63
66 15
54 16
37 96
19 77
32 52
94 71
79 9
73 8
71 47
14 34
6 87
23 13
84 83
8 21
1 82
68 16
32 82
25 63
55 95
85 78
82 73
41 61
28 18
79 97
12 22
96 72
82 50
95 48
88 83
96 76
24 42
80 70
45 36
78 52
82 8
27 12
84 56
97 56
79 54
12 27
41 68
61 67
23 34
74 80
96 13
28 76
53 73

100 90
37 40
93 81
56 31
85 14
45 48
95 50
18 63
84 81
27 80
31 32
40 45
80 25
96 94
46 66
42 62
49 64
38 5
27 90
40 95
96 51
23 76
20 40
5 15
66 38
95 83
33 63
90 68
87 90
22 66
49 71
71 32
51 99
94 9
64 68
19 65
10 32
45 57
28 16
5 32
80 35
80 88
39 3
100 61
78 18
40 99
10 66
65 92
71 59
65 62
64 79
85 36
63 21
64 64
74 62
86 97
44 40
88 50
89 28
16 62
31 68
19 69
51 47
42 85
63 78
5 33
90 90
45 60
8 58
15 50
13 95
37 84
66 52
62 91
68 56
72 79
49 34
16 48
95 17
77 73
50 24
31 22
16 70
26 21
79 33
84 76
58 20
57 93
25 38
84 22
77 85

100 90
15 44
60 48
44 52
65 82
28 5
46 61
14 4
91 72
45 95
11 39
93 13
88 58
16 7
8 63
42 26
72 40
67 11
58 40
73 68
51 47
39 92
91 84
5 42
51 83
1 50
45 47
68 45
31 22
68 47
13 6
93 20
40 44
58 93
79 54
44 35
16 76
49 41
2 64
38 36
1 38
21 52
77 25
18 76
26 14
61 34
16 49
22 42
95 28
50 94
62 66
5 64
81 28
39 90
73 65
28 65
75 57
18 78
90 99
70 68
49 66
53 78
17 49
20 87
71 41
95 51
38 89
46 67
78 54
61 11
67 95
85 20
79 62
58 70
90 2
96 64
58 85
62 90
3 31
59 82
50 55
83 68
38 52
41 53
26 93
76 13
79 65
26 24
39 33
41 87
54 52

100 90
2 7
59 83
19 45
90 46
30 10
26 44
31 93
2 68
20 37
30 89
62 84
18 41
11 53
70 70
15 88
64 70
24 72
62 85
29 64
61 31
8 5
51 98
90 36
76 15
66 40
43 41
25 22
5 13
42 1
29 59
32 19
96 1
60 60
76 30
10 85
25 32
87 24
12 45
6 69
100 89
91 31
62 1
87 87
1 78
35 77
20 3
86 22
54 83
87 80
43 99
71 45
67 46
96 21
13 62
25 1
77 81
24 50
21 78
96 83
94 100
32 93
94 73
15 47
72 45
27 20
60 61
61 77
64 90
2 85
71 81
31 75
84 74
52 65
78 53
4 42
64 56
16 83
13 24
27 44
26 34
63 95
72 13
82 71
17 78
26 60
30 8
23 52
98 23
61 85
70 33

100 90
38 46
54 68
94 75
76 74
42 3
25 59
91 75
67 64
47 3
73 46
48 12
13 30
39 61
85 42
14 9
97 13
31 22
79 18
47 63
85 10
10 89
53 19
92 37
91 43
76 19
30 81
49 3
15 36
25 40
69 61
70 46
36 23
76 16
54 37
48 24
34 35
72 94
16 68
21 90
80 7
44 15
19 41
15 91
13 19
94 44
60 26
6 97
17 49
1 53
29 97
94 54
61 16
29 25
100 53
31 48
46 56
39 22
31 7
67 11
23 92
80 54
82 67
57 61
32 46
65 21
3 79
53 17
44 88
73 25
43 100
49 45
53 10
20 8
58 67
42 38
41 81
31 56
25 73
71 52
35 10
12 88
19 16
72 56
84 21
68 71
83 26
15 1
96 14
44 13
97 74

100 90
100 96
38 40
19 55
93 62
23 9
80 1
99 66
95 17
89 11
23 63
70 53
48 1
87 74
9 30
12 38
11 58
75 24
92 100
47 1
82 23
96 8
44 16
42 9
90 52
8 36
83 70
44 30
45 2
60 87
11 88
13 89
25 51
58 7
52 11
76 74
19 50
20 4
74 92
48 89
97 38
51 8
5 99
1 56
29 21
8 85
99 38
36 73
21 88
50 42
32 2
67 33
97 18
37 72
79 59
87 77
30 71
19 50
17 73
57 99
59 73
12 6
1 47
33 75
65 16
89 27
3 28
22 32
7 65
36 44
88 96
44 40
83 79
3 35
30 13
23 55
10 87
22 42
4 64
51 34
68 67
36 51
66 97
93 86
45 17
74 97
35 1
52 44
59 47
22 90
63 81

100 90
20 24
15 96
51 87
71 72
71 54
33 92
77 96
17 87
67 56
79 73
36 9
56 5
85 25
32 32
78 26
67 97
70 60
75 32
99 35
96 12
19 71
44 16
93 96
74 32
8 72
12 73
21 94
74 95
15 69
73 100
95 48
6 45
34 24
51 57
21 50
30 52
92 69
52 19
96 11
13 2
42 6
44 99
80 31
33 67
83 31
72 9
83 33
23 94
41 98
4 79
42 26
24 83
67 68
80 22
69 30
15 52
26 55
22 12
84 82
60 97
87 86
70 11
31 25
100 26
99 85
87 75
56 40
58 21
57 81
46 96
35 67
53 45
87 90
70 15
31 34
97 30
53 63
5 1
43 64
15 31
34 99
58 26
8 78
80 18
23 95
99 81
40 64
13 96
50 42
39 60

100 90
49 48
11 24
100 14
53 63
54 75
56 1
81 23
57 16
79 50
57 75
34 28
31 75
31 13
89 29
78 100
29 57
3 77
100 20
53 44
27 20
13 77
30 9
76 26
40 76
96 39
48 35
16 86
1 2
100 85
23 43
40 34
29 97
71 1
61 23
31 40
13 86
29 61
8 49
97 7
96 8
49 64
70 61
70 57
21 31
91 66
68 68
98 89
24 27
91 22
68 40
51 47
65 21
74 30
52 71
28 77
18 23
60 84
30 39
66 21
54 11
98 90
61 96
98 75
98 8
21 7
88 92
33 39
11 68
48 67
64 25
40 54
58 36
48 19
38 68
93 35
18 12
32 20
74 34
60 81
14 49
45 62
98 61
87 57
57 28
96 44
61 56
70 60
79 44
16 6
58 77

100 90
85 100
95 96
46 22
71 5
40 62
28 13
52 32
49 4
15 92
9 41
81 43
27 55
52 34
33 85
92 94
2 11
19 53
4 12
7 98
61 1
76 62
31 52
65 80
76 71
94 66
30 79
5 48
11 41
34 38
6 93
48 53
39 20
83 82
6 7
73 36
17 15
85 27
51 90
76 50
91 49
86 25
42 71
69 50
21 32
63 37
80 66
97 10
38 98
80 38
42 38
83 52
48 5
38 25
29 94
71 86
27 59
96 89
28 36
36 77
6 60
98 11
89 19
73 25
30 38
13 62
27 75
63 40
43 24
83 94
43 83
15 64
37 28
33 68
84 60
91 57
85 44
80 14
44 92
58 36
40 67
43 55
79 10
5 62
97 82
39 18
72 95
66 21
60 54
54 82
88 91

100 90
85 42
68 72
25 7
59 98
20 42
42 93
90 73
45 8
39 40
34 25
9 32
14 24
32 17
74 16
10 87
50 62
18 10
53 95
75 77
33 5
74 48
82 90
96 91
43 75
25 51
64 78
25 60
23 87
29 92
80 25
23 7
20 42
40 66
23 61
46 18
6 99
50 7
55 17
54 24
96 8
62 14
15 86
34 36
62 45
9 83
57 59
26 36
85 41
76 75
15 5
52 11
14 43
60 47
63 97
30 10
51 9
48 56
41 16
82 95
73 6
66 42
41 61
36 69
9 50
18 24
29 43
36 43
45 21
27 5
11 36
69 60
78 81
74 48
52 25
50 17
30 24
63 59
52 18
48 34
98 76
95 9
2 19
8 49
77 91
64 94
11 68
52 46
74 72
93 42
95 10

100 90
96 9
54 71
35 57
42 69
45 50
48 10
8 85
97 44
86 69
63 83
8 87
75 10
6 91
62 45
52 70
55 99
22 31
91 86
40 22
61 8
21 15
21 58
18 34
33 42
25 15
17 87
4 10
4 64
98 20
89 24
90 63
84 10
6 95
41 34
68 60
20 62
93 79
68 9
39 17
51 7
11 33
46 95
62 90
3 71
1 70
75 65
5 79
74 35
4 42
60 39
39 5
97 30
85 15
50 52
4 79
98 20
80 26
62 21
87 21
75 88
51 27
75 46
54 39
27 28
8 74
89 46
47 4
62 21
11 95
90 58
1 83
85 39
29 99
91 44
91 83
17 94
53 12
44 40
26 65
3 43
53 54
76 43
58 77
17 89
47 80
28 53
85 51
70 11
48 88
68 52

100 90
85 46
43 52
86 42
20 73
15 64
58 9
97 89
22 32
42 41
53 85
73 6
76 57
11 6
15 91
19 75
72 25
71 65
50 76
64 59
70 2
37 16
71 23
30 72
96 55
14 16
94 93
94 41
12 73
18 37
35 43
25 80
94 30
16 27
84 49
43 100
33 46
40 7
56 3
18 100
28 36
55 79
54 63
94 89
72 88
19 77
21 94
9 6
12 24
11 44
80 35
71 18
37 73
36 40
65 24
13 81
74 38
44 75
20 76
36 82
77 86
32 100
5 53
96 70
19 44
58 9
73 34
45 75
28 33
69 41
45 24
30 71
94 29
68 70
64 59
78 21
57 90
98 21
26 38
87 81
59 38
84 26
19 62
99 20
75 74
88 23
42 29
33 41
10 44
51 16
58 83

100 90
88 60
72 70
73 93
4 100
16 82
32 55
52 73
75 81
91 69
43 10
62 43
72 89
96 94
22 7
70 41
59 45
27 22
74 67
88 5
17 97
64 82
57 91
10 40
30 36
16 47
56 56
62 26
54 9
61 84
87 69
51 79
60 98
38 45
38 15
76 54
82 57
80 70
9 3
7 17
16 16
4 88
41 66
85 18
93 68
19 3
72 28
41 13
97 37
78 15
79 55
15 69
84 21
74 34
44 36
86 89
8 93
4 63
5 20
92 22
92 32
48 79
64 49
31 12
57 57
54 52
53 44
58 61
63 82
35 80
43 50
28 93
10 63
44 27
6 36
42 79
46 14
45 88
25 8
93 8
11 87
62 92
9 70
17 51
84 14
75 39
64 68
73 23
31 91
56 24
50 42

100 90
7 36
16 7
33 5
21 8
100 92
52 24
48 23
69 11
29 42
35 79
47 17
15 3
42 49
96 62
22 42
84 66
19 86
92 11
98 58
39 28
58 15
30 70
50 21
86 98
67 30
65 70
28 55
91 65
53 50
63 75
63 86
89 61
43 30
34 100
20 86
26 20
94 30
13 20
1 1
86 84
99 25
32 48
8 7
83 60
99 100
30 98
79 78
14 98
8 8
63 69
42 26
1 36
76 83
20 11
96 63
44 60
79 6
16 4
31 67
26 83
49 53
78 85
28 47
12 8
6 8
41 76
100 34
1 46
59 78
98 9
84 14
53 83
17 80
64 5
91 31
39 39
6 53
22 29
15 32
51 73
83 79
27 28
29 6
74 8
56 22
71 28
33 49
27 49
96 34
93 53

100 90
43 82
66 50
46 26
2 93
53 36
92 2
12 7
5 50
83 77
44 20
22 74
40 3
86 7
80 100
75 9
85 97
21 20
84 1
65 96
66 29
53 4
12 17
14 77
37 65
3 65
15 72
43 82
94 9
9 41
15 34
10 43
20 92
21 29
25 63
39 74
9 59
1 86
90 1
24 45
7 14
57 41
46 60
52 37
15 17
20 32
24 75
47 62
18 14
9 3
62 92
92 80
66 99
58 99
68 38
48 84
10 79
9 20
40 88
38 61
12 47
32 18
95 46
93 75
54 72
10 3
17 56
21 56
69 14
72 19
47 26
54 33
86 52
81 26
69 3
47 15
1 50
83 62
57 20
51 46
2 36
39 16
98 84
47 57
94 63
35 19
39 66
59 77
65 65
49 61
53 48

100 90
7 98
21 99
15 85
84 73
95 3
1 75
61 39
12 21
24 2
58 87
54 98
83 53
74 90
37 38
72 8
45 80
5 39
7 77
19 99
17 51
13 22
12 55
36 87
80 42
34 69
76 33
67 76
61 14
83 33
50 54
72 65
2 17
76 95
33 66
46 18
49 36
26 94
43 58
53 74
56 84
21 14
74 85
6 82
84 19
91 60
43 9
100 16
2 13
78 26
23 82
95 29
86 34
80 96
12 84
38 93
51 6
12 19
54 43
38 83
7 94
6 86
65 38
89 62
70 25
46 99
25 83
45 16
73 21
90 87
59 36
73 96
26 94
38 72
1 37
18 85
10 25
4 31
55 34
98 49
66 45
86 27
60 9
69 44
29 53
74 79
85 30
38 62
71 37
39 93
1 31

100 90
69 94
4 20
8 35
7 66
90 92
81 63
33 93
45 62
62 10
86 85
98 51
2 90
6 96
72 68
53 32
24 4
91 81
21 38
60 64
96 4
61 8
32 58
61 86
48 21
76 3
7 11
15 35
62 84
73 16
98 49
30 62
52 98
80 35
68 80
22 5
37 92
46 59
72 53
39 96
35 60
20 30
56 52
68 86
89 10
13 42
58 58
1 1
34 46
40 74
94 2
12 98
29 4
26 82
48 62
90 29
99 78
39 63
65 85
4 54
12 24
14 62
80 57
58 86
21 37
70 75
91 63
82 39
46 3
99 95
33 17
55 64
48 58
88 49
50 86
95 80
98 78
5 70
98 85
5 69
57 35
34 82
72 13
10 6
69 3
82 3
28 88
20 17
80 37
18 36
68 34

100 90
97 24
96 53
49 72
77 60
80 68
16 95
99 88
44 59
90 26
68 50
22 69
93 73
25 8
66 15
80 75
14 20
100 56
7 47
88 3
15 97
38 37
55 29
97 10
87 36
53 86
35 79
11 21
85 75
19 42
62 34
53 75
18 51
47 82
85 59
13 90
51 20
75 92
42 3
98 90
100 20
41 58
20 80
74 9
38 59
8 17
38 12
9 11
45 88
72 87
89 3
97 34
79 56
86 55
9 45
6 82
73 88
88 9
58 89
5 31
94 26
67 83
54 13
34 53
32 66
47 45
18 56
79 85
69 51
39 94
50 50
54 97
77 22
23 80
59 66
87 60
34 5
54 48
7 17
79 66
66 8
79 68
47 76
81 37
18 45
60 89
29 95
31 71
3 32
90 2
77 64

100 90
46 61
67 26
87 4
83 17
93 87
15 73
56 42
57 17
53 21
3 72
49 69
78 28
82 58
50 81
36 12
77 46
12 51
95 6
68 12
93 72
58 43
21 49
26 84
38 67
48 64
98 68
49 79
100 2
72 41
41 17
66 25
58 87
9 11
99 95
3 80
100 94
65 74
38 55
72 96
65 49
7 66
13 80
58 77
94 57
71 75
92 56
1 16
79 79
25 6
34 71
77 4
13 80
39 40
11 50
69 65
6 85
19 19
66 18
3 27
43 96
37 58
65 15
9 14
73 51
63 8
87 68
72 9
93 39
33 10
54 4
44 2
8 2
29 65
47 36
94 16
72 100
98 86
53 13
2 79
33 60
68 70
100 81
74 55
73 90
95 34
69 67
13 62
49 91
47 29
7 70

100 90
3 83
91 57
81 48
59 14
54 88
44 28
25 1
30 98
25 90
64 84
27 30
13 45
88 15
39 84
87 46
19 62
64 24
70 69
62 47
40 38
19 2
39 98
51 98
79 92
64 79
94 70
36 96
88 98
63 76
51 89
99 88
15 90
17 42
22 79
76 30
9 20
36 35
42 29
23 70
41 56
36 39
48 77
54 32
49 56
92 54
57 65
64 35
20 76
97 30
94 92
7 43
10 4
48 25
47 45
15 87
17 46
32 20
34 46
73 9
40 19
10 72
90 85
80 84
65 43
38 74
46 100
12 63
84 4
33 61
29 38
95 9
8 54
66 81
14 93
14 92
64 58
46 74
33 77
52 28
6 14
5 10
25 16
99 21
89 62
98 89
21 71
32 35
60 84
56 3
83 99

100 90
16 25
22 60
35 23
3 34
11 4
3 45
100 78
9 22
18 72
67 54
44 50
24 26
18 55
12 6
89 35
21 47
5 87
5 88
39 95
42 39
74 7
78 59
87 30
21 62
60 43
3 57
42 7
13 75
29 90
93 59
24 60
89 5
36 22
32 87
41 28
20 70
14 97
9 53
44 91
79 60
62 6
33 66
32 86
25 46
24 92
70 3
32 44
58 77
29 26
79 15
66 70
72 54
75 72
4 63
62 83
73 18
99 11
60 64
63 83
98 59
5 8
75 26
85 48
8 14
1 21
73 40
37 24
44 98
34 16
74 65
47 36
71 68
29 87
74 58
33 89
97 37
99 69
66 88
49 55
41 50
18 82
84 97
47 99
72 29
78 12
90 10
63 32
24 55
98 11
69 42

100 90
54 16
100 43
20 9
70 32
29 3
4 9
64 79
2 30
15 38
63 58
78 49
72 8
97 85
14 88
35 23
58 50
49 77
70 99
96 72
82 24
26 81
48 41
52 46
54 50
25 8
86 30
36 64
45 67
33 62
31 9
56 55
92 53
24 98
33 21
10 76
67 23
93 6
77 8
12 64
75 38
90 90
88 24
24 42
16 93
69 81
55 66
86 34
67 76
11 47
60 51
18 87
98 48
48 26
82 15
68 70
24 59
2 36
30 74
24 42
66 59
66 8
75 62
78 31
56 91
89 37
76 54
6 32
35 32
75 93
49 84
66 43
77 23
6 66
29 16
11 89
1 56
34 52
79 14
5 7
9 21
67 26
5 98
50 88
44 24
14 30
33 94
76 44
73 25
7 96
37 12

100 90
51 81
52 50
87 90
96 51
72 70
52 39
77 54
26 34
56 59
87 93
59 60
80 39
81 82
3 69
11 35
52 85
71 46
29 82
22 38
88 30
4 44
72 92
38 59
90 36
8 66
47 72
57 29
83 25
19 90
38 32
88 98
9 39
83 95
15 39
67 8
89 97
7 81
19 36
17 33
95 21
47 49
1 54
91 75
57 13
9 99
3 83
81 46
89 94
52 81
68 51
54 63
72 77
9 3
83 88
88 58
96 54
54 10
87 52
98 44
12 28
89 37
85 58
78 90
91 100
33 77
80 95
76 35
41 30
68 10
12 35
66 22
56 12
25 46
33 45
98 4
57 69
19 28
90 70
1 98
68 72
90 68
96 48
33 5
24 79
31 71
37 60
88 18
36 94
33 86
93 16

100 90
96 37
22 81
44 79
15 68
81 55
83 79
85 90
99 29
7 11
28 81
38 30
85 78
5 14
74 56
72 6
74 30
93 6
95 96
77 68
91 83
59 94
21 11
4 10
62 73
67 44
74 73
82 71
13 75
40 42
78 89
60 6
64 6
99 46
99 9
58 86
54 86
62 29
48 99
51 95
8 50
53 23
39 90
5 13
3 91
56 54
31 27
40 72
33 4
51 2
2 5
4 99
96 3
53 99
65 76
91 93
13 53
45 47
92 53
30 75
57 7
35 22
46 46
55 69
98 68
9 10
89 54
43 30
30 64
89 75
54 10
10 69
77 19
92 94
100 53
4 34
6 42
88 76
55 59
94 88
77 62
41 79
53 78
55 33
28 77
62 44
34 69
71 78
35 3
69 25
30 92

100 90
4 86
57 18
69 42
24 34
68 26
26 72
52 26
92 83
96 27
25 2
1 89
53 53
58 53
29 73
27 86
59 63
70 84
50 30
32 31
51 57
33 89
49 78
53 26
21 52
61 40
76 53
47 1
49 12
56 99
50 73
99 78
72 21
96 12
60 67
36 64
88 100
14 64
24 73
52 6
98 46
5 81
64 89
25 53
61 70
23 93
6 13
80 81
76 77
5 63
70 93
67 95
52 74
22 52
46 55
46 84
6 52
30 1
99 6
46 88
86 56
40 92
58 86
71 41
48 79
98 12
22 84
1 74
81 78
52 13
25 91
71 46
34 25
43 35
5 32
85 67
89 36
3 45
87 20
12 79
41 66
34 83
25 83
80 18
79 66
39 99
89 78
57 57
6 35
100 75
50 87

100 90
22 42
9 1
47 18
18 57
68 93
75 79
45 60
25 46
84 85
71 98
3 30
91 76
84 23
37 1
99 6
46 69
47 20
52 23
43 30
80 51
9 74
85 94
45 90
75 47
47 65
54 81
82 63
31 37
56 47
99 94
43 37
10 89
3 47
63 12
21 51
84 63
19 16
6 69
59 53
69 96
92 1
79 6
96 3
89 86
85 75
74 35
15 6
73 57
95 34
55 15
34 33
74 17
10 42
27 26
31 22
93 15
58 23
92 39
73 64
56 48
90 30
17 28
39 50
21 28
48 25
76 64
96 9
40 68
39 32
50 79
57 20
50 65
68 78
3 52
73 94
50 15
65 4
70 70
12 42
23 82
94 8
52 3
84 13
35 10
84 21
23 65
88 75
43 49
56 12
59 86

100 90
2 12
93 88
33 55
39 55
73 86
1 71
95 22
57 27
75 28
30 37
49 79
59 73
24 59
52 45
30 23
15 98
16 36
76 1
2 76
93 49
71 99
9 56
60 14
15 80
7 29
53 78
59 32
21 64
79 89
2 100
81 44
78 100
49 12
64 84
42 1
20 64
65 43
53 42
52 30
17 81
2 13
15 78
33 57
59 74
64 16
81 2
24 61
14 22
36 76
7 45
52 88
97 92
60 76
9 93
41 42
31 86
79 90
56 29
23 5
98 45
77 13
86 74
8 19
53 92
68 91
13 80
37 90
57 82
2 75
26 95
66 77
7 20
79 50
48 61
30 89
24 19
4 71
21 66
74 24
9 23
50 92
12 82
89 17
37 80
52 7
30 76
39 94
95 83
22 24
5 49

100 90
41 70
49 35
48 99
11 13
55 24
19 65
10 25
3 18
25 51
19 4
95 76
39 57
5 42
33 64
86 41
40 88
56 52
71 48
5 24
64 32
1 27
44 95
87 56
93 73
47 80
15 86
36 100
18 96
99 78
8 26
4 89
50 84
82 95
96 12
29 19
40 38
89 6
48 46
11 100
71 9
23 51
3 85
12 56
42 18
97 21
66 98
45 52
50 29
77 7
49 90
51 65
11 10
54 10
78 27
44 91
52 91
95 41
79 35
39 94
59 55
9 41
29 41
70 6
37 80
64 86
80 14
31 25
87 63
40 30
54 36
81 19
12 13
12 72
96 30
99 93
44 52
25 73
84 22
21 55
6 88
73 64
3 3
5 12
99 27
11 53
68 59
65 45
16 44
29 94
21 89

100 90
93 26
93 61
14 31
80 49
87 28
94 42
66 7
52 18
62 70
2 77
86 57
78 56
2 7
40 24
89 100
53 24
30 47
18 30
67 65
96 79
19 38
53 22
4 99
57 4
43 22
93 11
80 66
100 24
55 16
23 79
96 68
46 42
87 91
88 41
63 52
95 80
45 56
30 11
97 97
30 35
88 68
18 56
62 87
18 51
78 63
41 97
62 21
96 20
34 36
71 64
90 55
11 65
6 52
48 75
11 35
89 3
92 8
41 69
10 76
12 53
60 79
84 48
27 19
68 11
16 31
3 95
70 36
74 33
90 57
71 28
26 79
54 47
99 69
88 59
99 98
58 40
6 72
58 46
83 37
77 63
10 64
90 7
8 32
11 52
68 54
21 19
41 62
12 7
2 56
67 88

100 90
19 96
48 88
27 27
98 13
45 46
40 67
39 49
85 20
36 43
94 74
33 43
65 50
33 19
11 48
11 100
13 4
84 22
23 10
56 53
4 13
15 3
18 54
77 38
65 19
38 98
23 99
64 6
18 81
100 53
50 96
80 87
97 15
23 67
25 60
14 9
25 4
5 55
12 88
39 36
30 5
57 41
41 21
99 14
21 48
81 17
97 35
40 23
6 14
87 95
98 79
39 99
90 35
89 20
21 84
27 15
27 71
28 43
14 100
68 95
34 91
8 89
29 69
56 66
100 30
11 2
52 25
68 88
96 11
21 92
92 56
37 21
91 52
70 63
8 29
19 53
70 20
95 98
9 10
77 39
45 52
71 77
72 8
22 11
15 59
66 42
72 52
61 24
22 78
3 35
3 44

100 90
77 88
12 65
24 38
94 1
84 80
86 23
4 91
22 37
32 56
26 1
91 8
71 6
27 17
63 81
45 48
58 58
33 12
96 12
5 32
31 43
2 23
49 15
44 86
33 7
6 73
32 44
2 69
44 95
60 67
50 76
22 65
88 52
30 34
10 36
22 97
58 68
64 91
30 39
84 1
48 96
13 96
51 83
32 48
39 7
50 24
66 62
51 32
21 25
26 31
55 29
74 31
63 34
76 35
78 68
58 21
9 47
98 81
6 29
92 8
42 99
77 75
100 86
89 1
76 70
56 29
19 26
58 40
26 77
74 95
2 23
49 59
2 8
73 88
9 63
64 29
30 93
31 28
62 63
49 44
12 28
11 8
40 9
22 15
50 48
86 77
53 30
98 16
4 78
97 72
67 55

100 90
16 3
2 43
81 55
98 84
83 1
93 92
25 3
57 67
13 4
50 83
45 78
43 68
69 77
47 38
74 61
48 62
47 27
51 17
81 3
5 31
85 72
87 74
51 56
30 37
3 23
55 34
76 30
55 27
31 12
7 2
96 62
75 87
24 96
44 12
53 97
20 92
59 66
83 32
76 51
14 6
2 77
79 24
42 53
100 17
4 89
11 86
5 7
37 85
29 88
19 77
52 21
10 99
73 69
23 47
23 51
55 75
70 84
29 76
70 32
67 22
9 91
54 19
97 41
36 90
21 18
19 25
52 92
45 65
19 7
34 80
56 13
33 88
30 17
52 72
31 17
37 67
82 61
49 47
21 10
71 26
96 30
68 59
10 47
43 2
61 46
18 39
60 33
75 65
89 66
23 83

100 90
78 59
44 13
89 70
95 99
77 41
65 27
85 74
5 51
94 74
100 93
22 42
69 84
34 44
31 4
65 2
46 15
94 78
67 26
63 16
32 34
32 82
1 97
35 67
61 97
99 79
58 19
53 25
93 59
33 8
62 62
48 99
25 18
80 17
33 31
94 98
59 75
80 85
53 23
95 5
72 50
12 46
44 40
17 85
12 84
79 50
37 42
60 13
60 3
20 55
50 82
94 10
45 88
70 66
78 32
76 70
87 33
41 62
16 67
17 48
84 93
71 3
45 95
94 56
45 10
33 86
80 61
52 30
94 22
11 24
35 20
46 12
44 80
50 35
82 74
24 66
11 70
19 58
94 2
59 45
54 9
30 92
21 78
82 45
88 38
52 100
73 87
70 28
48 85
85 94
10 96

100 90
68 77
90 57
97 17
64 87
80 19
27 25
76 15
61 36
62 25
23 45
8 69
71 46
91 38
41 18
4 44
89 23
16 30
16 21
50 30
51 6
99 18
30 44
52 25
94 46
78 18
3 41
66 1
43 14
36 38
39 38
90 41
27 5
24 48
91 31
84 52
33 8
15 94
60 40
100 33
1 28
91 37
47 50
67 57
15 93
74 80
80 44
32 100
49 90
34 88
35 51
89 78
65 77
29 63
33 88
28 34
95 15
79 85
34 10
36 7
74 64
11 54
46 70
5 70
51 27
70 39
63 14
89 5
86 32
24 90
85 93
75 33
24 48
77 80
28 92
77 84
54 74
87 50
29 1
67 64
61 56
86 24
80 70
27 90
99 29
2 73
4 34
47 55
34 70
22 36
95 77

100 90
98 5
17 56
16 58
57 38
51 49
74 45
79 73
88 9
89 22
86 30
99 65
32 36
44 32
57 20
99 92
38 50
55 62
40 58
93 12
99 67
91 34
14 88
70 9
74 6
16 4
7 86
28 87
100 86
42 13
69 4
21 94
77 53
22 10
89 13
99 60
51 18
16 14
24 93
93 22
42 14
24 55
10 52
13 83
92 91
82 90
17 46
58 49
79 37
71 83
22 25
49 73
75 55
10 73
91 79
55 67
36 41
32 84
50 44
83 54
65 69
93 14
91 22
62 76
34 69
14 48
74 13
94 98
66 5
61 62
70 69
56 36
11 42
1 11
24 61
31 82
1 16
93 71
40 74
66 12
76 42
18 65
24 41
34 50
98 93
92 35
36 39
44 89
73 55
88 65
56 10

100 90
79 28
32 5
79 62
79 53
51 83
92 58
46 99
90 38
90 54
69 1
15 86
19 22
65 49
44 10
9 22
40 73
68 1
65 11
22 17
87 74
34 83
1 20
3 30
55 84
31 36
96 6
75 81
4 65
43 51
21 72
37 29
48 89
27 27
83 64
90 30
30 68
7 54
89 53
33 66
94 16
40 3
27 31
49 55
74 20
42 64
79 51
87 97
98 8
85 84
83 23
19 96
65 17
98 43
18 62
16 78
98 72
70 34
14 43
79 100
38 88
19 48
14 80
71 96
82 44
41 39
51 48
37 57
24 92
60 56
77 46
48 29
15 12
33 68
25 65
54 44
100 5
3 37
2 91
24 45
27 32
31 88
43 90
83 31
29 71
85 59
74 57
5 92
8 13
74 53
39 4

100 90
89 32
49 14
17 11
70 64
68 97
96 95
90 60
13 95
73 13
5 52
71 75
95 4
77 20
75 65
95 79
70 11
29 86
89 96
85 78
16 1
49 65
39 84
21 5
9 35
34 81
16 36
93 98
86 74
92 74
15 21
90 74
68 57
94 95
96 91
17 71
99 1
18 96
8 12
35 42
57 96
50 60
65 21
24 70
26 38
2 81
30 66
39 96
2 31
54 21
73 65
49 62
28 29
91 3
87 9
93 67
62 62
72 48
85 25
86 68
49 68
50 54
96 12
47 12
45 44
41 58
78 1
25 55
72 30
81 87
89 23
6 37
45 54
8 61
80 4
1 90
10 40
92 72
82 98
53 100
40 43
26 22
36 21
80 89
7 53
39 1
57 5
85 69
88 100
99 66
39 33

100 90
70 89
74 51
47 94
50 44
55 50
2 70
46 62
38 94
51 1
16 81
37 67
52 7
62 3
35 32
42 63
14 54
5 99
51 75
40 59
3 87
64 21
7 15
34 46
55 44
1 2
5 92
51 56
6 28
98 20
55 10
72 86
79 72
33 13
64 80
41 10
80 55
93 18
13 29
7 70
81 78
37 63
64 94
83 68
87 24
4 71
44 33
100 34
83 11
49 63
51 7
24 53
90 33
67 95
97 97
46 5
28 86
22 94
93 72
7 35
92 86
25 33
94 3
1 30
16 59
4 48
27 9
90 16
53 98
19 97
55 22
40 2
34 62
65 96
47 97
39 56
32 29
15 89
30 6
15 26
82 33
7 72
20 49
95 38
52 22
39 81
1 96
81 58
65 84
64 90
5 4

100 90
3 89
55 3
52 26
51 7
29 62
48 2
83 3
17 34
92 6
18 29
32 79
11 37
10 43
26 97
64 92
99 99
25 60
42 34
40 40
39 44
24 46
81 26
88 37
30 78
88 69
47 39
18 33
39 68
38 63
71 27
21 16
87 95
17 48
42 26
24 66
5 46
94 93
99 30
3 12
45 78
51 15
26 19
49 62
32 63
37 55
7 99
12 40
49 97
80 67
90 20
98 61
56 51
59 20
53 1
30 41
53 20
32 18
16 84
72 46
48 7
65 24
15 5
84 20
60 47
78 18
44 11
33 97
63 42
76 45
49 59
23 91
36 3
33 35
60 54
74 4
65 18
25 19
84 89
43 22
16 22
31 76
80 88
91 52
90 76
3 45
38 83
28 57
17 92
41 63
58 41

100 90
73 98
16 97
91 37
92 45
11 42
96 50
84 16
36 75
36 43
87 82
39 73
78 75
36 80
74 48
95 28
79 90
37 99
63 5
97 59
30 66
72 11
65 45
73 55
49 41
17 32
70 21
35 50
71 1
79 66
73 19
62 35
47 29
46 39
11 37
72 66
57 65
12 44
61 67
16 85
87 98
100 30
88 23
14 46
54 56
18 14
6 32
4 24
26 9
61 54
31 58
83 84
91 3
97 81
23 64
24 34
97 90
1 6
17 22
9 91
58 58
80 5
33 66
60 82
9 34
12 66
30 5
30 17
62 24
33 11
86 2
13 38
53 11
24 92
6 17
88 61
7 85
44 88
90 27
1 52
74 32
77 40
14 94
23 66
100 68
76 39
82 93
48 55
52 85
66 31
63 69

100 90
99 33
97 23
60 74
93 100
48 44
74 62
100 43
65 14
82 41
82 29
63 18
89 6
47 89
99 56
61 20
34 83
42 85
32 39
64 71
7 50
20 17
46 71
38 39
99 92
23 32
22 90
58 19
33 33
71 50
35 49
20 88
66 41
9 76
99 81
18 55
69 72
42 59
83 5
5 9
9 12
42 6
68 65
7 75
72 19
39 20
79 15
11 92
30 61
31 30
96 24
64 65
70 27
20 96
26 92
46 91
43 33
37 64
70 85
71 26
29 6
89 54
31 94
24 56
46 72
66 33
53 80
8 77
93 86
73 93
72 7
51 18
57 35
84 86
52 70
44 59
32 63
95 59
45 61
8 79
99 35
34 37
45 79
45 79
97 9
81 32
67 15
92 23
31 27
47 78
47 46

100 90
40 27
94 89
85 15
69 96
62 40
3 45
94 34
83 50
65 66
67 15
95 98
44 4
68 80
42 23
82 70
60 38
68 1
2 98
79 46
95 25
11 34
49 69
25 79
63 81
85 46
50 24
74 97
38 100
74 42
54 84
37 85
51 55
40 16
27 94
11 87
22 21
43 56
53 87
61 13
78 16
89 1
2 19
10 78
3 49
76 37
22 83
35 52
99 73
11 10
71 91
16 90
88 13
22 97
66 3
55 100
92 35
84 19
34 4
48 98
78 84
80 68
84 17
55 8
5 8
78 36
71 43
95 76
65 1
40 72
80 48
63 70
63 83
40 40
10 68
22 34
32 69
93 37
38 19
13 72
97 63
42 58
38 10
40 67
41 90
40 55
6 45
51 51
85 9
76 3
95 33

100 90
44 55
74 58
62 48
65 48
28 66
20 94
89 4
20 2
63 93
65 1
38 85
55 85
30 38
4 82
99 31
23 76
84 88
33 65
1 2
20 49
86 70
16 87
22 79
30 11
8 41
74 90
81 28
63 97
93 55
49 50
24 49
32 79
13 95
19 49
79 67
98 64
19 7
72 70
72 85
25 75
58 13
45 33
98 12
73 73
68 3
72 56
100 10
52 72
25 88
90 41
32 1
9 52
28 69
12 62
52 100
61 57
76 5
77 47
16 1
7 26
3 38
72 74
99 58
59 3
44 73
14 70
39 58
76 64
18 89
30 78
21 17
52 59
26 36
17 53
96 71
71 56
2 76
23 64
52 73
18 56
51 75
100 14
77 81
7 84
18 92
81 40
64 41
67 17
51 90
14 42

100 90
77 65
36 59
22 14
76 28
64 98
14 48
20 83
31 83
33 97
65 65
58 1
67 23
88 54
15 94
85 26
74 2
86 13
77 3
56 55
21 70
81 93
14 78
47 47
18 81
42 52
79 95
17 56
32 54
93 10
73 85
48 41
59 58
40 12
81 27
13 59
94 8
54 19
98 44
49 85
98 10
96 94
8 55
82 29
72 6
36 10
74 18
2 4
45 30
75 25
91 27
68 3
13 21
27 53
2 61
37 56
18 95
83 14
51 27
98 13
62 56
70 37
39 14
24 42
80 13
10 78
82 32
100 83
74 3
29 84
4 17
47 47
3 6
39 28
13 61
31 7
56 83
23 17
61 45
29 59
44 54
57 62
37 5
62 45
42 26
29 79
19 90
30 15
44 46
22 84
46 21

100 90
39 29
7 7
89 30
66 81
14 4
96 72
85 40
47 84
84 7
84 59
29 22
47 82
60 6
11 41
8 96
5 70
23 16
92 94
85 81
80 5
9 79
79 38
10 14
8 21
96 89
89 91
89 77
93 69
74 43
27 85
37 69
71 70
92 99
88 75
44 65
3 6
51 13
11 53
8 12
54 36
83 63
13 70
5 52
89 1
52 85
24 38
70 33
81 38
65 89
54 100
31 67
80 65
20 21
16 27
68 70
48 68
76 60
18 25
100 26
77 40
76 78
41 34
46 14
7 85
60 80
78 2
8 5
52 99
6 100
16 9
17 13
47 33
47 38
9 87
86 98
36 12
8 20
91 52
9 23
35 42
1 99
13 91
100 52
81 19
50 86
65 86
88 69
76 73
33 82
22 88

100 90
56 75
9 38
60 15
32 52
73 34
63 37
61 100
20 49
66 13
17 33
20 23
74 8
30 34
46 36
96 53
6 4
56 59
20 16
10 55
59 71
66 35
64 2
67 61
10 13
32 41
19 68
35 17
46 56
59 27
15 99
67 74
64 58
65 98
75 71
11 55
5 100
82 93
1 7
60 50
93 96
21 100
91 45
32 58
70 55
11 17
19 3
80 20
76 53
57 56
11 64
23 73
29 85
16 69
78 4
91 26
13 85
15 66
3 30
94 11
36 47
15 88
79 78
15 37
20 19
57 66
37 85
58 58
93 33
16 77
92 12
17 65
23 47
54 72
49 34
93 10
15 73
21 54
5 27
53 77
42 12
75 33
68 88
83 19
59 82
19 56
17 58
31 41
22 64
2 8
79 49

100 90
7 35
88 19
3 79
33 86
32 55
28 98
70 8
44 53
27 22
60 51
36 88
55 71
35 39
62 73
72 76
92 77
60 34
33 98
2 31
27 21
91 32
80 50
46 72
39 52
66 72
61 28
25 76
25 91
79 93
57 61
97 5
19 41
61 82
53 93
82 12
30 79
90 48
77 16
7 69
84 19
5 64
78 87
73 62
89 9
40 3
61 78
56 53
69 23
37 100
35 87
37 65
30 78
86 88
57 94
76 21
40 40
74 58
26 43
66 16
85 46
86 89
61 25
29 29
83 54
100 49
57 9
46 67
5 21
60 100
71 14
64 32
76 89
70 56
1 34
82 90
62 85
77 12
45 97
42 55
24 50
100 88
25 15
65 100
80 71
60 17
33 67
54 78
33 6
62 13
47 60

100 90
92 84
83 72
75 32
99 89
45 48
12 75
5 59
57 10
60 14
32 47
91 1
78 42
91 1
72 24
2 60
100 57
53 66
65 92
7 20
3 89
62 50
31 78
26 14
84 62
79 33
5 67
19 42
83 72
80 59
90 10
32 84
97 36
79 56
84 88
30 52
89 49
59 93
40 5
71 14
6 82
86 34
51 41
18 63
46 24
81 14
98 32
51 72
83 74
84 86
47 87
71 7
37 78
83 47
3 50
6 79
71 51
69 4
59 14
31 61
20 49
60 83
50 17
92 14
47 84
62 10
29 26
11 45
93 55
58 30
93 5
15 24
17 98
17 60
89 24
47 43
42 17
17 84
79 15
56 84
66 17
99 20
7 87
46 96
31 30
54 52
40 85
25 51
1 2
63 78
30 68

100 90
73 26
1 94
79 7
68 37
71 94
38 50
26 99
67 36
44 89
46 78
73 100
97 84
66 77
83 8
61 92
20 5
32 30
54 10
22 41
51 78
65 80
76 34
48 84
28 50
76 72
83 29
19 10
19 81
73 44
33 96
70 9
14 96
100 39
93 40
87 34
67 68
12 42
52 100
79 94
30 75
8 38
44 73
82 7
54 68
75 79
54 81
46 10
76 66
38 22
1 59
62 56
56 70
66 62
78 76
9 36
82 67
7 67
42 65
42 76
100 62
22 90
36 72
60 87
49 91
34 26
88 14
9 60
29 15
52 79
76 28
19 96
65 4
12 80
91 70
71 66
62 46
30 15
10 38
35 86
3 95
89 46
75 19
25 83
51 54
68 42
96 74
27 84
49 42
56 12
33 23

100 90
18 98
29 88
89 100
16 11
96 92
3 79
59 26
29 44
98 85
85 7
33 74
1 67
5 51
76 31
29 42
17 89
69 63
63 11
78 27
19 2
31 82
97 8
38 14
96 80
97 50
85 4
61 46
36 88
94 40
89 16
84 98
100 44
4 70
99 61
54 100
46 83
48 87
12 8
16 94
24 97
45 42
29 51
40 37
92 42
23 33
81 36
15 43
17 23
26 41
92 43
89 21
22 35
75 68
8 99
53 50
69 22
24 45
2 11
90 77
43 14
57 66
49 47
74 99
52 3
45 46
37 55
19 95
76 73
40 51
96 33
1 7
80 53
54 79
5 47
36 55
57 95
70 76
4 78
24 19
89 28
37 41
31 59
47 98
6 41
64 3
59 65
15 54
68 28
50 99
60 91

100 90
39 27
72 78
78 73
76 58
2 69
99 79
71 3
32 35
45 25
73 21
57 8
81 24
78 2
51 69
71 39
89 7
78 39
34 1
69 89
30 46
57 100
8 73
24 29
17 96
75 80
52 20
74 30
77 9
92 18
81 75
66 43
73 10
26 80
99 7
9 18
26 21
28 47
80 65
66 98
83 31
95 55
86 77
90 27
74 88
32 85
72 31
50 46
66 58
65 75
31 52
33 39
78 100
90 61
82 90
64 28
64 6
9 1
9 63
27 97
7 31
89 71
44 14
50 85
93 42
97 43
92 1
76 41
91 44
91 48
54 92
75 23
80 84
84 90
81 24
81 98
12 60
49 93
14 91
49 45
61 79
63 60
71 28
29 81
31 88
67 42
34 30
71 50
34 99
70 78
10 61

100 90
88 45
13 95
86 10
75 40
76 93
62 99
60 64
68 52
91 72
67 13
91 10
40 73
41 25
96 57
73 47
63 90
71 86
39 8
75 96
35 49
58 8
61 65
74 65
25 98
62 88
92 63
88 80
66 35
88 7
74 87
54 88
13 89
42 50
53 37
60 82
26 31
55 22
57 34
51 37
7 89
62 29
14 90
59 18
63 18
61 1
15 89
21 3
64 18
73 47
55 9
29 26
80 40
25 41
19 84
66 94
19 51
93 72
14 58
35 34
55 17
17 62
29 64
82 83
29 57
55 75
19 33
30 99
73 60
74 97
11 16
67 73
5 12
26 66
98 50
95 74
66 87
10 79
1 42
46 4
24 58
26 37
48 24
20 66
41 81
60 56
99 33
26 68
100 89
98 80
67 72

100 90
26 3
5 75
58 26
73 5
31 26
52 70
99 20
63 46
36 93
68 54
51 68
92 66
59 5
79 31
36 37
39 25
36 12
39 69
17 89
9 63
29 81
11 87
40 33
57 8
66 65
27 33
28 30
38 78
20 11
71 87
99 13
97 71
31 60
42 14
3 75
33 94
3 20
84 17
34 24
54 9
19 73
25 20
65 62
12 43
30 39
71 10
10 92
10 85
52 9
47 72
88 75
54 24
65 96
8 21
56 23
34 95
18 10
73 55
91 67
41 66
1 7
95 88
1 94
42 31
44 52
86 82
28 16
3 30
42 65
40 100
64 49
22 72
63 57
21 2
58 13
53 87
19 8
27 87
58 19
59 91
35 6
77 20
35 28
87 84
54 49
60 49
22 46
34 65
7 95
73 23

100 90
28 90
71 5
12 89
39 71
52 37
99 4
3 18
27 15
30 1
100 62
96 78
67 12
92 66
5 33
85 93
66 8
38 27
28 96
24 1
100 13
82 31
43 49
80 30
6 96
90 93
17 20
75 90
61 73
29 67
100 18
4 11
86 39
22 75
41 59
21 35
11 99
98 5
27 24
5 9
47 35
63 2
51 14
61 35
25 64
50 43
89 72
39 80
49 35
17 83
100 40
83 23
19 46
74 89
72 3
62 65
81 47
4 98
51 43
55 19
62 5
94 63
89 63
70 10
83 69
46 71
77 93
52 15
98 37
61 33
53 75
8 47
5 78
68 32
29 51
56 11
13 99
23 84
56 99
86 28
37 32
24 81
39 20
95 32
16 11
62 67
20 20
38 6
33 20
24 67
70 98

100 90
59 99
25 4
39 65
10 80
100 16
66 92
39 13
38 16
14 43
35 10
24 32
27 75
82 99
19 45
91 76
45 60
13 66
7 91
34 28
82 6
11 67
3 3
35 61
71 78
43 41
2 12
59 23
95 84
13 42
89 40
48 34
43 81
48 83
52 82
17 26
71 90
11 5
8 62
87 18
66 33
96 41
23 49
99 17
85 98
17 1
89 17
63 77
87 20
46 25
5 55
95 74
38 54
39 76
17 67
23 88
60 77
6 54
32 61
54 51
97 64
91 83
90 65
96 91
28 53
52 22
88 9
57 22
77 71
20 100
65 75
17 100
86 63
55 8
70 76
53 29
52 79
28 81
54 83
56 85
55 70
11 38
21 24
91 4
17 1
15 5
22 62
59 62
41 53
46 35
70 40

100 90
54 7
33 19
51 34
81 28
47 45
30 52
28 55
52 34
63 25
16 20
47 99
26 95
1 90
21 68
28 25
31 70
70 15
34 83
83 35
73 48
51 58
15 18
93 80
42 64
33 17
37 93
97 13
4 64
63 95
45 48
2 95
77 93
44 29
84 16
41 35
10 90
52 80
71 1
14 82
63 26
90 80
76 23
8 74
63 5
79 20
37 87
57 84
18 92
5 85
90 5
19 16
3 45
64 34
12 38
36 45
3 83
6 32
34 15
15 54
76 20
13 1
93 56
71 44
9 26
52 87
76 39
68 87
45 54
21 39
46 75
21 69
13 1
81 20
90 18
82 41
71 43
88 13
67 88
64 87
65 30
36 78
15 30
22 80
99 48
59 94
12 91
63 76
64 18
44 16
67 77

100 90
41 95
6 10
9 28
64 38
47 57
32 13
34 20
92 88
15 63
25 7
93 52
8 76
41 50
33 4
17 5
62 42
60 36
38 6
14 22
96 79
86 48
43 34
92 66
1 25
87 49
76 68
53 47
99 1
20 89
36 75
100 65
68 75
3 95
38 47
84 83
56 30
68 94
87 26
26 14
99 27
1 32
38 88
97 78
46 100
3 18
7 95
22 54
62 26
63 3
68 21
6 20
38 28
92 34
69 16
72 68
29 22
95 22
9 30
8 91
4 69
34 13
18 46
35 75
63 9
41 42
46 6
55 2
94 84
4 67
35 19
72 46
21 3
25 56
89 10
49 10
24 16
43 56
81 66
69 35
60 26
47 63
42 16
66 33
45 98
70 76
86 28
16 31
17 48
44 51
42 95

100 90
98 89
88 61
28 95
80 97
90 61
77 44
51 48
15 61
48 92
8 62
52 65
68 45
96 28
33 66
2 30
26 26
98 20
17 31
93 12
30 83
56 59
79 37
40 90
80 58
28 29
19 96
68 75
26 20
46 14
14 41
46 42
98 83
89 53
45 45
72 7
17 73
54 1
69 48
76 57
65 45
16 15
10 57
14 74
57 32
24 24
11 11
75 64
87 95
26 76
28 32
19 41
97 76
27 13
24 91
12 79
44 11
48 17
59 13
85 49
45 32
63 72
30 7
5 2
69 75
70 57
49 88
67 31
79 1
34 46
10 59
88 97
92 43
62 20
2 27
61 21
63 71
34 62
50 33
79 6
63 99
92 68
81 17
47 97
33 87
72 91
30 5
63 24
18 86
76 16
80 49

100 90
33 91
29 13
6 95
57 11
7 67
48 23
10 25
15 86
71 41
4 7
26 28
73 96
32 58
2 45
33 58
91 78
34 14
51 77
45 96
82 91
25 53
53 74
95 48
53 80
18 100
34 47
53 40
12 46
37 91
25 31
79 28
73 85
66 54
1 59
77 29
77 51
92 43
13 5
89 52
53 15
85 72
2 1
75 59
33 28
19 17
78 3
3 37
9 41
56 37
70 81
85 14
74 23
77 23
76 60
19 34
37 51
84 89
17 62
37 70
58 41
19 21
26 49
64 52
50 53
66 49
78 58
20 59
78 100
67 80
15 35
25 64
90 14
88 64
1 48
87 38
90 88
48 62
14 21
62 65
8 59
38 14
43 86
89 90
43 63
18 42
18 97
60 30
56 60
18 35
9 39

100 90
51 50
29 50
90 70
98 63
49 97
85 55
54 91
52 42
72 4
11 42
37 5
34 75
30 40
22 9
24 55
3 34
48 52
35 43
51 45
60 32
85 35
40 58
78 18
89 14
11 79
46 43
42 63
99 95
3 71
34 25
19 22
9 100
66 8
74 26
88 68
35 58
84 21
47 61
87 67
61 76
7 28
33 88
46 42
52 81
79 95
26 77
24 62
17 58
71 99
81 8
74 38
93 58
55 57
25 75
60 58
6 66
42 35
57 42
84 2
6 30
73 6
40 90
86 64
50 35
56 53
96 96
80 85
33 97
96 33
53 34
60 75
65 71
43 53
71 90
87 28
80 71
10 48
44 96
77 9
38 8
93 66
44 26
49 95
43 95
96 20
73 67
45 25
43 49
35 52
37 7

100 90
49 12
46 98
27 86
18 84
63 21
57 63
100 78
27 88
28 31
73 89
61 64
12 54
89 22
99 83
39 9
52 76
33 77
9 7
62 39
61 64
78 97
15 19
59 62
57 60
52 75
96 97
48 1
2 60
40 98
81 98
87 33
75 99
19 89
85 72
76 71
13 76
50 55
72 56
57 58
31 98
43 75
39 9
19 81
79 60
60 61
46 12
8 83
46 20
45 34
65 48
41 82
76 29
64 99
11 7
35 46
60 49
3 34
96 25
98 61
41 1
36 70
38 12
1 38
66 99
97 44
8 71
81 2
96 93
93 19
2 28
71 65
30 3
18 17
6 53
17 43
78 98
78 50
60 4
16 24
66 63
33 30
9 46
32 86
36 62
5 37
62 65
3 31
42 59
79 82
4 82

100 90
97 14
66 84
65 91
66 16
63 59
46 93
62 27
82 6
58 21
100 72
15 52
31 17
53 25
3 92
73 6
94 59
20 7
58 32
42 69
20 33
74 53
83 48
38 41
32 69
65 75
18 67
88 22
42 8
72 48
30 22
82 70
100 39
76 64
90 19
7 14
61 19
11 41
83 37
73 27
5 11
90 98
46 43
79 18
51 82
68 22
96 91
71 83
32 97
21 95
100 71
83 33
66 40
27 93
27 12
87 54
72 83
65 57
29 41
62 54
77 95
18 28
18 53
83 74
2 47
2 52
76 46
4 20
88 83
15 26
7 39
90 26
47 15
49 83
4 58
87 18
16 28
48 53
62 25
1 92
67 70
62 90
37 95
37 38
11 33
89 7
56 94
30 24
61 5
28 19
36 91

100 90
76 29
44 68
55 37
84 65
51 99
43 1
100 98
57 1
15 46
52 72
68 20
91 14
21 79
55 26
65 51
61 89
51 21
1 1
84 98
88 22
69 64
67 78
42 35
89 53
63 98
78 1
97 12
92 23
73 84
65 45
11 48
26 12
69 86
92 86
4 17
97 53
78 7
99 4
8 89
36 53
39 60
4 64
96 6
68 73
90 81
48 48
79 2
93 45
2 5
33 45
62 81
87 85
39 91
41 85
33 82
4 90
29 33
77 33
98 9
72 62
80 47
2 77
14 77
59 48
69 78
96 17
40 49
32 83
61 29
76 79
46 17
86 81
86 31
21 8
45 12
23 96
4 50
48 19
51 39
40 14
87 3
63 14
44 38
35 14
82 55
23 48
65 25
84 26
63 48
10 24

100 90
80 83
82 67
65 15
6 6
65 10
86 1
80 59
59 69
93 59
60 22
77 35
71 62
83 38
37 33
24 16
33 99
56 15
12 1
77 86
83 72
22 32
93 89
70 68
21 19
5 6
77 28
58 20
64 37
70 60
25 27
8 32
88 43
25 55
75 4
48 59
2 16
79 78
74 71
16 64
10 95
65 32
77 15
16 69
95 44
61 82
75 22
41 56
83 48
72 17
29 58
96 40
76 72
34 61
70 36
8 84
44 52
29 43
44 16
62 97
37 13
36 69
88 54
93 89
6 19
29 98
95 63
15 79
51 68
73 33
69 26
37 53
91 83
99 61
55 53
74 83
6 37
57 45
58 19
48 68
54 8
53 15
34 96
33 9
43 62
48 20
63 77
74 92
9 99
43 99
10 7

100 90
5 32
50 97
13 82
46 84
9 21
12 89
61 25
95 83
63 17
44 71
62 62
81 6
80 98
15 9
50 78
55 21
48 63
29 47
88 80
22 3
100 23
31 16
73 54
87 79
73 31
35 56
18 73
42 8
83 68
61 6
43 90
70 79
65 25
48 92
84 65
54 94
9 6
63 27
75 30
29 1
59 80
20 44
79 97
3 63
4 25
7 74
75 14
56 29
72 79
68 95
1 19
60 92
2 3
95 33
37 66
81 53
57 50
21 88
59 98
24 42
97 65
80 96
38 17
11 57
32 94
70 70
100 67
97 78
75 20
50 36
11 22
91 6
55 96
98 18
64 3
16 34
4 61
14 34
28 85
70 34
1 36
62 77
45 79
42 81
27 39
30 31
24 67
73 33
66 98
57 75

100 90
11 48
19 41
41 27
66 18
79 83
4 76
63 78
50 35
46 56
43 70
72 19
80 81
83 82
38 2
16 25
10 95
67 15
92 6
53 30
81 25
56 75
62 30
52 59
70 3
7 85
85 57
100 94
16 71
10 91
25 90
99 14
50 90
80 34
93 27
93 47
19 61
33 78
18 60
98 69
84 35
95 76
26 90
75 54
32 54
96 29
95 94
60 27
68 57
5 63
72 57
100 86
7 35
26 27
73 28
60 13
56 88
25 36
70 62
20 64
35 69
90 16
1 18
82 95
5 87
78 15
40 79
28 60
26 79
24 79
76 65
95 27
43 11
55 14
30 65
58 38
30 32
93 60
13 33
1 32
40 27
74 64
26 5
44 78
10 37
7 93
79 50
47 96
18 7
43 41
31 52

100 90
99 75
60 100
62 88
7 54
60 8
34 25
36 72
9 10
70 70
83 24
55 54
24 52
74 4
24 95
9 54
3 97
97 78
83 71
65 78
59 95
10 43
52 90
98 100
8 97
71 20
73 94
51 83
94 33
47 86
48 75
10 60
67 23
51 68
15 20
68 56
8 70
16 20
28 81
48 72
46 75
45 70
28 65
83 88
14 42
52 68
39 83
57 81
93 29
77 75
13 54
3 29
79 89
27 72
87 93
80 36
96 79
87 83
28 48
71 36
94 86
86 1
36 13
97 32
10 98
14 70
28 52
10 7
86 59
80 46
95 28
97 77
5 100
62 81
17 72
2 35
73 14
1 8
37 49
23 66
34 83
65 31
75 87
80 5
79 59
39 40
62 67
65 45
74 33
24 16
80 79

100 90
4 72
65 48
47 68
38 92
11 46
15 38
88 3
53 8
3 74
83 23
52 37
52 45
32 62
63 88
4 64
6 78
20 16
83 84
57 36
66 1
17 66
40 15
8 88
31 23
86 83
86 17
91 83
22 98
28 34
33 45
51 64
74 6
7 29
40 66
73 95
1 72
84 5
43 43
18 71
97 46
23 54
29 26
67 21
100 93
96 84
73 54
8 95
3 78
100 36
26 55
77 40
30 6
28 23
64 26
27 3
70 43
97 57
17 83
24 9
18 27
47 39
49 93
84 6
29 44
88 96
91 11
96 33
44 100
85 71
2 58
46 48
5 53
53 48
35 18
7 61
18 26
9 18
95 52
49 36
55 85
20 14
30 97
68 5
55 4
71 10
28 98
49 51
3 41
89 94
48 34

100 90
22 76
70 89
92 19
40 51
24 42
19 5
14 57
18 84
18 62
81 100
3 38
71 62
41 57
51 79
78 2
48 71
85 16
61 21
100 82
72 18
12 3
18 61
48 99
27 20
32 49
24 81
35 72
4 93
17 64
83 100
96 57
44 84
95 19
50 100
92 99
5 50
84 17
45 94
67 14
80 67
93 71
72 91
92 29
74 14
24 82
65 15
46 33
5 91
81 13
66 77
9 52
1 28
46 90
16 47
27 37
72 92
25 17
60 88
77 63
75 16
94 4
8 94
81 69
17 66
92 71
56 91
15 57
37 100
43 97
7 82
100 3
23 7
63 57
99 3
55 40
51 12
31 46
5 51
98 32
98 62
4 32
83 95
52 6
21 7
84 56
12 70
79 67
31 79
32 65
38 33

100 90
12 91
37 22
1 57
50 4
17 91
47 38
78 45
86 10
76 90
49 13
39 17
57 47
89 24
26 34
11 26
85 58
54 52
8 3
13 38
2 96
70 6
18 23
63 21
7 14
63 98
4 46
81 68
99 39
80 54
22 83
91 34
63 21
72 25
13 4
93 50
40 53
37 12
78 33
30 68
22 64
33 9
59 52
43 65
84 3
62 80
25 24
24 61
21 83
50 46
91 80
73 86
55 78
4 46
56 40
87 59
18 5
27 69
68 50
74 60
11 4
28 77
93 35
7 70
34 80
2 63
49 16
52 83
99 6
13 25
71 46
26 94
92 34
32 56
39 84
57 94
46 94
21 84
27 12
62 67
2 74
32 43
21 10
1 69
95 3
53 80
41 29
13 62
59 71
56 5
92 64

100 90
94 90
5 16
80 11
76 85
51 50
75 57
92 42
23 13
29 55
53 27
93 78
1 87
37 46
89 25
82 36
32 52
39 15
37 21
37 5
77 86
58 11
89 32
3 56
56 33
65 71
29 59
68 22
94 76
80 66
4 7
83 98
19 38
82 59
9 73
2 48
91 32
57 11
52 100
27 99
93 90
27 67
32 19
91 71
36 34
35 57
95 2
71 22
8 46
8 36
98 73
12 46
76 33
36 51
50 81
45 45
64 2
28 10
82 62
70 41
10 39
27 68
1 54
9 54
4 62
97 58
88 76
6 14
47 89
67 1
68 84
97 99
77 40
57 41
21 30
81 39
89 81
8 81
13 81
18 24
18 77
10 13
49 84
42 6
29 13
13 4
85 33
23 70
83 6
14 8
49 54

100 90
12 93
85 17
44 82
55 89
51 36
90 6
55 20
11 6
78 92
91 42
53 25
17 90
61 87
90 54
69 13
25 37
97 89
99 29
6 93
74 99
66 70
4 62
27 51
82 32
30 92
41 54
19 77
9 65
28 61
69 51
64 88
80 27
60 49
32 39
88 16
40 96
88 62
29 95
19 75
83 72
36 98
36 46
28 23
41 2
41 84
32 13
21 51
45 48
3 18
15 80
70 3
15 66
91 42
76 92
20 18
87 73
96 83
73 87
17 34
95 4
24 98
60 45
35 83
90 86
67 40
73 42
51 31
69 26
53 97
85 98
69 21
61 21
17 67
30 97
29 83
52 26
26 10
90 13
65 92
63 98
38 72
62 57
82 93
90 31
56 43
45 21
58 89
8 44
79 53
33 26

100 90
94 71
99 40
91 86
100 29
7 23
36 13
34 16
49 36
11 80
10 57
52 60
47 26
44 71
39 50
56 30
22 83
55 46
97 76
27 28
60 20
81 44
66 88
2 58
56 10
22 99
57 7
50 36
56 55
42 14
51 72
24 32
55 63
82 70
3 24
46 86
86 73
52 84
21 82
83 65
57 44
95 54
55 46
1 7
67 46
95 73
80 86
34 31
75 82
47 9
69 69
45 80
96 1
65 54
66 53
86 98
84 70
46 68
3 63
81 4
46 43
19 15
35 28
42 69
21 11
8 60
69 52
22 46
81 2
39 93
49 57
41 38
94 15
4 12
50 61
90 9
40 75
41 57
59 44
88 8
39 12
53 69
96 17
85 26
53 57
39 92
45 18
69 26
4 57
28 98
29 62

100 90
46 59
47 73
32 94
33 30
99 65
98 62
74 78
74 92
10 60
97 11
24 42
49 22
1 34
66 39
99 57
61 30
56 59
43 78
17 3
82 40
36 57
72 27
27 55
51 89
38 70
96 47
1 43
33 67
57 61
42 12
73 85
23 37
20 84
30 73
90 41
6 25
52 72
82 9
98 39
82 83
63 15
86 45
20 66
1 56
81 63
36 91
96 17
47 75
65 23
68 76
74 86
90 97
25 44
86 63
80 80
30 13
50 84
24 35
15 51
11 42
82 74
88 83
59 81
84 52
29 60
44 18
70 45
38 94
13 85
11 22
56 18
85 91
82 28
92 8
35 9
20 20
30 80
25 15
91 77
10 92
54 4
51 52
72 18
20 25
96 72
59 99
39 40
89 97
77 30
87 48

100 90
16 63
98 37
2 76
20 90
53 20
53 36
29 24
48 94
28 37
35 38
81 17
23 36
87 3
8 15
94 29
93 76
100 58
34 24
61 36
24 23
29 86
72 46
87 44
11 33
43 24
86 1
14 100
22 42
95 66
57 77
70 43
54 53
19 23
14 93
41 14
48 3
77 51
12 23
46 47
24 28
36 7
17 48
73 31
76 21
11 5
10 5
90 96
1 27
57 78
27 44
10 22
60 29
17 15
14 74
62 64
29 18
12 91
62 64
6 6
96 72
22 35
21 88
65 28
52 85
40 70
78 94
86 67
26 89
43 2
97 43
72 56
59 88
83 64
33 81
76 55
49 1
100 68
81 66
83 43
58 20
42 5
79 30
2 65
89 50
35 88
71 39
70 84
87 6
100 22
69 60

100 90
26 4
77 84
29 62
81 37
11 43
31 21
15 69
93 18
65 4
64 3
77 30
46 93
45 59
99 83
79 96
8 4
44 51
7 63
91 73
11 73
28 14
53 41
40 42
77 71
10 83
97 4
80 99
61 74
97 23
80 91
91 89
76 56
68 74
69 49
42 30
85 93
34 54
15 100
86 74
53 91
12 31
95 3
78 2
81 87
93 84
88 71
62 28
67 59
59 90
25 59
38 52
20 26
10 86
89 30
16 36
22 14
100 12
44 43
36 55
44 62
15 77
78 61
21 63
41 25
88 6
45 21
94 90
100 44
86 22
21 79
40 96
47 2
59 4
32 14
93 83
26 19
25 79
90 42
83 20
77 5
60 17
42 8
30 98
3 13
26 88
1 54
18 18
18 39
32 54
97 79

100 90
52 65
80 1
29 64
53 93
36 58
28 94
81 5
26 74
16 53
7 36
28 30
67 26
75 88
42 26
6 87
54 49
19 34
79 83
2 55
49 3
3 55
6 56
96 5
87 78
36 79
60 72
68 71
76 82
7 41
84 56
80 27
61 2
12 23
8 77
39 25
84 46
56 3
51 50
54 19
67 43
87 44
62 93
98 65
80 40
75 45
75 69
23 5
89 9
31 21
61 75
16 25
22 55
98 6
91 44
35 11
80 26
18 59
13 1
21 94
1 79
71 31
81 77
37 52
58 46
66 13
70 90
26 66
53 42
4 45
32 36
95 13
70 36
30 98
39 10
91 88
96 5
23 100
98 83
94 61
80 92
99 94
78 46
97 10
23 51
76 48
55 37
50 21
41 42
100 24
97 24

100 90
70 86
82 44
4 86
11 68
46 58
33 51
69 28
57 56
71 63
83 16
90 45
12 98
28 89
82 96
94 81
64 70
96 10
97 42
28 17
94 18
65 49
88 27
6 67
32 16
12 82
97 89
78 54
6 50
39 80
20 91
69 77
6 50
43 9
42 28
67 92
67 88
12 46
66 91
22 48
68 23
30 19
29 5
54 81
65 93
38 51
29 9
55 21
4 87
81 94
4 11
54 37
28 95
80 57
94 96
38 19
59 64
73 82
74 55
62 30
92 83
14 75
51 78
32 62
83 78
78 70
78 69
40 98
74 72
62 75
87 48
27 67
97 24
13 9
75 12
17 96
72 91
54 95
33 93
27 31
10 68
11 14
63 39
68 39
69 54
55 32
95 41
29 3
12 11
100 38
61 100

100 90
68 20
75 71
66 87
74 49
38 64
65 38
22 59
55 5
90 38
80 80
35 14
83 58
5 4
10 1
35 14
73 68
86 71
88 8
90 41
32 13
49 18
53 53
13 95
83 76
73 17
71 63
99 23
66 92
25 89
25 36
40 38
17 78
11 4
6 60
40 9
37 92
24 51
96 36
53 6
70 53
24 9
65 43
60 89
11 60
37 37
14 69
91 26
60 87
79 6
9 18
43 26
42 19
59 66
68 55
84 75
47 11
48 6
52 31
30 65
53 39
47 54
38 96
1 48
3 30
16 44
35 90
34 75
18 8
74 59
60 59
9 21
70 51
25 45
71 43
67 86
47 90
41 99
97 29
2 29
18 14
46 55
95 19
3 35
21 75
17 52
43 80
75 84
16 9
83 20
52 78

100 90
22 24
58 54
10 6
76 55
44 26
62 34
44 82
99 93
2 51
37 64
72 50
48 94
82 38
68 68
54 26
41 93
42 57
11 18
15 61
29 7
47 78
24 16
86 25
60 66
93 4
60 90
35 91
55 15
52 78
15 13
88 55
20 23
45 45
22 31
21 85
60 85
1 47
93 82
69 80
64 70
29 49
33 23
97 96
81 48
62 23
67 12
6 93
57 60
94 17
2 58
79 26
47 78
64 32
29 30
93 90
18 68
46 43
70 49
89 82
31 77
78 88
11 26
96 1
54 75
3 30
17 47
40 82
79 39
30 27
68 54
8 28
12 70
21 71
3 72
65 12
45 87
23 36
56 66
27 32
60 93
79 35
36 20
70 81
29 44
93 87
17 73
9 71
11 28
52 14
88 38

100 90
76 25
39 13
36 59
54 4
46 90
57 15
79 53
67 79
66 28
14 71
14 46
89 62
28 42
84 25
20 25
90 91
77 19
80 14
58 100
70 86
82 72
84 84
34 57
58 31
8 5
5 48
37 85
58 47
13 51
57 77
10 13
73 53
52 63
48 86
87 34
79 59
80 75
34 24
34 95
74 76
5 31
96 87
32 40
24 56
93 40
74 64
34 46
80 37
67 81
62 17
91 95
21 66
85 23
53 46
86 48
56 9
2 61
39 14
82 3
14 72
11 24
43 44
6 84
28 37
39 32
25 61
45 10
82 75
97 61
9 84
72 26
20 100
66 43
97 6
90 10
63 11
39 50
98 87
44 6
96 69
70 26
23 5
44 74
47 36
42 65
4 41
59 51
95 70
66 63
75 52

100 90
20 68
76 93
52 15
96 91
67 40
62 27
42 46
74 55
54 96
25 66
53 57
81 87
50 30
25 2
39 14
24 77
94 35
3 25
24 10
8 23
39 46
2 92
4 28
30 56
88 45
68 24
8 79
8 80
13 61
35 9
48 55
91 77
4 81
34 31
53 28
82 4
77 81
64 88
47 50
64 79
73 99
90 52
99 71
91 2
8 74
86 69
18 49
65 64
15 6
73 75
55 56
29 78
14 81
15 89
22 49
89 1
44 58
37 98
56 41
19 5
11 44
1 52
80 61
80 61
16 6
65 23
81 78
53 53
93 19
52 61
99 78
97 56
88 97
72 73
28 50
58 63
38 97
100 42
49 89
28 76
86 70
92 9
56 46
74 29
35 15
79 69
5 10
63 87
38 14
48 91

100 90
25 27
88 92
1 94
16 90
5 10
67 30
5 57
38 30
58 43
43 22
48 72
21 32
48 52
6 87
61 62
89 95
32 36
3 21
39 37
33 12
29 90
27 70
6 82
22 12
92 94
51 14
100 48
61 68
59 59
40 37
88 76
26 31
54 80
9 74
78 33
96 81
22 27
49 67
76 4
1 34
19 55
37 92
82 9
25 52
64 96
85 78
59 4
78 78
71 54
51 73
46 63
37 35
81 33
52 6
38 21
59 22
47 79
94 28
48 60
88 44
99 21
74 25
84 41
24 35
49 87
67 72
94 67
82 3
56 29
63 11
87 38
61 63
78 86
68 91
80 22
27 47
20 27
40 43
18 29
68 82
11 11
13 86
39 91
79 40
25 47
39 63
26 3
16 72
3 63
42 24

0