100
100 30
55 83
5 23
41 67
36 4
59 17
3 100
49 6
44 37
31 69
76 34
59 99
75 69
33 41
8 73
4 22
8 76
78 8
69 77
34 37
43 41
33 34
14 63
15 27
13 81
48 51
86 78
86 19
4 38
60 17
100 58

100 30
7 52
23 79
88 44
20 5
16 52
99 45
10 96
53 8
41 27
13 38
92 96
12 94
31 59
48 43
35 6
41 80
80 2
74 8
74 19
30 16
84 43
67 13
66 59
69 57
52 7
66 53
20 19
41 23
86 49
42 50

100 30
30 96
55 29
84 73
94 62
40 41
72 87
95 86
38 12
13 26
40 62
33 81
58 95
84 86
69 25
36 21
57 12
23 98
23 79
74 6
97 55
14 52
85 36
91 64
53 57
42 84
11 75
95 41
89 40
18 12
50 40

100 30
51 37
50 55
60 67
61 79
100 3
62 29
87 55
80 96
90 96
40 70
96 70
39 69
63 30
24 16
81 93
73 16
34 30
10 93
18 7
24 58
90 38
30 90
94 81
82 34
69 14
2 64
32 34
59 47
41 87
41 30

100 30
61 63
3 59
15 50
46 29
43 33
82 95
37 60
89 35
51 56
48 17
93 89
92 71
37 56
23 37
99 19
36 83
26 37
65 9
41 59
10 72
33 70
48 86
56 35
79 42
80 67
33 70
17 42
30 5
64 4
35 61

100 30
98 57
90 97
17 31
65 8
60 51
8 2
81 90
39 32
23 76
53 76
73 58
74 24
39 2
11 40
64 92
56 63
61 13
14 90
6 10
77 10
73 87
89 25
78 50
65 51
34 21
29 93
20 17
10 12
47 48
28 95

100 30
28 84
47 43
54 68
97 49
31 11
97 44
36 84
41 74
90 15
95 33
61 4
14 66
97 42
10 10
18 81
94 15
51 84
1 13
98 84
80 74
75 7
48 10
35 4
70 1
98 66
33 14
41 79
29 38
55 56
74 43

100 30
36 12
39 66
50 19
54 4
69 53
72 100
44 66
38 59
5 29
41 18
46 28
87 29
36 66
75 90
39 46
79 87
5 81
4 8
32 60
29 67
28 16
27 84
8 42
38 60
80 13
28 84
25 49
19 47
58 54
17 45

100 30
15 94
14 34
66 11
55 41
49 24
28 42
92 64
63 62
73 86
85 62
55 57
11 39
12 69
18 23
11 81
6 45
24 47
89 23
55 33
32 91
23 46
18 80
1 31
78 31
15 68
3 14
54 18
10 74
12 66
19 13

100 30
54 74
47 94
6 21
97 15
63 4
81 25
46 62
51 93
67 98
63 44
70 12
6 60
92 65
90 58
19 28
52 48
91 82
93 15
58 12
17 59
15 28
13 96
41 17
16 51
67 50
29 49
40 78
74 13
59 6
71 50

100 30
65 4
93 75
25 23
12 43
45 2
32 97
54 81
44 74
77 84
98 81
35 42
72 48
8 49
17 16
44 9
65 66
58 26
15 97
36 2
89 36
81 95
78 2
27 56
12 81
42 3
92 34
4 58
13 9
96 57
4 77

100 30
87 65
40 7
99 69
42 71
13 28
60 78
36 27
51 19
67 12
36 15
50 87
43 21
44 43
49 69
41 40
43 15
27 25
5 41
8 54
28 33
32 64
44 93
69 13
19 91
94 51
42 30
84 2
96 12
70 19
79 93

100 30
1 16
34 44
42 31
64 86
96 95
6 47
39 85
35 36
46 35
30 63
11 30
51 23
94 93
21 97
53 99
76 65
78 71
96 53
73 9
91 44
50 52
27 47
24 1
94 2
46 1
87 5
1 74
16 4
44 67
63 18

100 30
79 31
13 14
81 58
75 26
80 97
57 61
5 91
22 12
13 98
75 1
65 26
56 13
65 67
93 15
40 57
20 87
46 7
90 23
61 1
5 26
78 6
27 47
90 75
37 37
21 84
1 25
65 83
28 47
13 1
79 16

100 30
22 59
17 69
60 88
50 61
7 82
30 63
6 93
61 52
66 70
85 99
5 13
71 75
17 4
78 43
36 32
95 5
78 67
69 19
48 17
92 30
9 49
58 88
3 30
61 85
58 11
37 65
84 11
7 28
63 47
62 28

100 30
33 6
43 78
34 24
72 4
91 76
61 47
22 34
73 76
99 42
40 91
27 83
44 45
92 82
58 49
92 49
99 5
47 55
61 14
25 86
90 92
53 31
84 53
3 36
74 63
16 45
61 48
61 13
65 66
94 52
78 94

100 30
83 67
84 41
58 77
41 42
16 48
32 16
83 3
32 47
9 87
83 55
71 32
19 28
97 99
82 46
25 2
81 9
67 100
43 83
32 43
38 13
6 23
35 91
7 52
49 69
40 82
19 5
100 55
38 22
85 15
24 94

100 30
3 4
10 66
4 71
9 21
87 9
64 100
79 4
59 86
79 42
14 54
46 32
91 33
65 18
58 74
27 69
75 27
14 41
89 29
74 17
66 99
43 64
33 94
54 64
100 71
50 61
41 45
35 87
18 30
51 16
14 98

100 30
62 20
79 33
57 16
3 17
4 89
99 26
31 36
16 57
19 43
20 32
20 75
75 92
63 9
34 9
9 44
42 45
41 13
43 59
100 12
28 88
7 100
34 45
6 23
35 26
10 36
57 95
52 39
83 54
20 66
47 40

100 30
58 96
55 39
95 6
81 16
55 84
19 54
82 10
82 12
16 70
32 73
99 87
31 93
13 9
49 62
71 100
7 40
35 77
58 10
49 84
45 52
60 94
80 34
64 13
60 98
72 7
99 87
59 29
37 97
96 27
61 61

100 30
44 1
94 3
32 45
63 97
9 98
89 22
90 80
6 24
20 58
3 15
52 10
81 37
69 88
39 38
34 93
89 47
72 27
100 77
75 84
45 46
75 99
67 39
15 100
88 16
20 32
8 65
77 40
7 60
58 18
31 18

100 30
73 41
50 74
53 40
49 5
22 80
14 37
22 67
66 67
9 25
63 88
2 34
35 56
29 72
64 73
96 76
37 17
64 61
86 19
38 93
69 47
94 93
47 29
81 36
29 78
83 4
59 55
98 28
40 94
53 88
69 75

100 30
77 29
89 9
29 20
36 58
25 70
67 34
97 2
69 10
14 57
24 1
5 18
94 95
29 29
31 89
80 88
60 3
59 44
97 48
78 16
49 23
12 37
41 59
43 55
2 90
42 50
51 45
60 58
5 22
82 17
32 17

100 30
34 49
95 63
51 68
17 30
50 27
82 61
7 82
62 29
65 17
44 37
72 60
20 88
38 20
72 33
7 94
34 94
47 31
99 5
59 94
67 57
62 3
26 61
97 73
41 76
55 35
41 33
18 79
53 38
78 27
84 48

100 30
92 24
24 24
54 92
84 20
99 16
79 23
43 59
21 100
25 29
84 52
97 62
57 12
40 46
34 32
31 79
74 6
2 34
20 32
8 14
15 62
82 66
83 89
86 10
74 27
38 57
27 38
1 56
71 92
6 31
43 59

100 30
71 95
54 64
6 38
44 21
48 94
84 77
77 13
86 26
8 80
59 85
85 78
78 77
98 99
68 65
11 88
4 58
19 63
3 83
95 73
71 29
9 15
92 66
82 69
22 26
4 73
39 79
15 45
31 71
60 48
87 83

100 30
100 21
67 87
41 97
30 73
91 97
64 69
51 53
59 6
96 54
29 91
25 32
48 74
56 29
17 56
43 60
79 25
41 68
95 82
99 11
72 42
51 29
97 60
43 81
69 82
59 71
54 35
3 31
51 18
58 52
100 30

100 30
54 66
73 15
41 72
49 54
35 97
18 58
49 44
94 99
24 68
5 32
96 93
1 76
92 43
93 22
47 62
62 94
35 60
25 87
75 15
69 1
28 75
44 85
79 56
33 20
70 87
86 56
50 81
54 6
99 78
60 8

100 30
37 18
58 17
98 84
68 38
8 86
4 74
51 49
98 70
91 93
49 95
13 45
77 9
94 10
49 91
19 76
76 12
75 98
35 68
64 54
81 62
74 79
12 66
82 31
65 52
58 43
96 61
84 17
46 34
23 32
78 96

100 30
49 55
21 71
82 77
88 52
20 40
59 22
23 16
56 63
63 21
54 90
39 70
61 54
79 21
26 17
84 38
4 98
34 46
4 94
2 91
72 85
59 83
29 55
63 63
67 47
46 77
84 53
12 15
19 24
90 76
64 30

100 30
97 61
9 47
83 99
6 57
41 77
73 32
2 84
4 44
62 97
60 11
69 79
31 90
11 85
9 96
71 76
55 28
8 31
16 67
17 50
100 50
19 8
45 13
52 49
40 68
60 46
42 100
6 39
36 30
40 66
40 3

100 30
70 58
97 84
50 64
57 46
49 49
71 11
8 55
94 33
26 97
23 89
51 24
88 73
16 94
74 92
76 92
99 14
1 98
2 36
19 67
65 61
75 38
60 3
12 96
86 30
7 24
4 63
66 86
28 18
72 24
56 21

100 30
86 69
45 16
100 8
85 76
47 42
32 48
22 85
99 13
32 63
36 1
83 47
4 91
63 3
48 57
9 39
74 99
12 21
35 39
11 27
89 6
52 12
48 48
56 21
90 85
86 78
73 17
13 46
27 33
20 92
16 46

100 30
28 54
41 62
67 28
62 46
66 77
60 95
86 87
2 24
59 17
36 13
1 19
24 77
4 49
93 49
66 38
63 63
20 78
48 61
17 43
86 45
14 73
88 73
71 83
27 48
87 46
82 51
38 80
99 31
64 46
51 100

100 30
14 38
87 72
25 21
100 10
20 41
97 21
42 8
90 72
78 14
23 56
2 76
29 51
61 40
77 60
76 14
11 88
78 47
64 44
4 19
59 25
5 60
50 34
70 16
15 25
100 13
34 67
18 40
57 43
77 73
84 71

100 30
94 50
67 63
45 64
7 95
28 35
60 74
73 87
28 73
40 56
19 12
66 55
16 73
66 25
83 12
15 52
96 5
100 63
26 65
88 96
54 75
64 73
1 24
70 83
65 52
21 10
36 91
77 42
43 72
63 45
88 19

100 30
18 77
29 25
12 74
63 63
18 79
5 29
71 41
10 40
54 63
48 8
38 75
73 37
61 67
40 97
99 96
67 54
85 48
24 17
60 81
73 34
97 69
100 65
32 24
33 12
74 18
71 17
41 52
63 46
28 78
82 100

100 30
23 93
4 23
28 60
65 71
12 74
27 85
52 7
77 46
53 41
23 13
90 73
94 22
85 18
81 39
41 42
86 56
8 92
14 72
72 10
36 15
70 33
31 79
91 36
70 60
33 25
73 20
82 7
22 24
21 76
19 4

100 30
16 15
70 11
5 49
21 34
27 50
44 61
83 84
98 38
67 31
18 25
73 71
86 88
20 75
77 75
88 72
39 90
18 29
31 11
77 29
30 71
50 10
83 89
44 83
69 18
8 53
39 6
15 19
78 11
35 78
15 42

100 30
79 85
5 78
14 33
72 21
22 10
99 28
85 89
78 85
68 46
23 34
21 57
82 6
67 45
66 33
16 90
57 14
50 29
25 11
72 96
47 28
30 41
8 52
53 12
84 59
20 56
85 15
69 6
91 91
24 54
77 48

100 30
76 80
27 53
67 89
86 87
96 47
37 56
88 36
16 30
3 9
10 93
61 48
51 54
1 92
74 30
54 49
86 57
79 49
91 63
40 11
19 51
51 26
17 75
23 3
48 77
23 39
74 60
80 1
88 21
97 75
8 86

100 30
45 56
37 41
52 99
96 88
85 16
57 32
73 20
85 24
70 30
16 59
89 92
37 49
28 71
42 84
61 2
57 52
92 89
10 60
37 63
93 12
90 26
97 37
90 6
63 84
8 34
92 6
45 71
23 9
4 8
6 100

100 30
21 22
30 7
91 53
99 51
99 25
99 69
10 90
50 89
47 91
50 18
50 42
1 31
5 5
81 35
5 96
46 33
33 34
9 80
88 5
7 53
35 98
79 9
39 44
23 86
54 18
51 70
22 6
44 76
54 8
76 37

100 30
83 17
17 35
18 81
100 11
57 45
77 58
50 19
68 17
24 45
55 53
36 77
18 5
68 7
40 9
20 42
79 94
51 91
35 62
39 45
44 28
44 87
19 94
18 24
54 37
78 26
87 73
68 62
16 92
44 51
61 21

100 30
96 86
47 27
19 77
51 5
81 31
58 47
48 58
94 58
61 71
78 32
54 42
19 79
38 47
80 31
22 92
66 13
86 42
44 67
2 28
28 74
40 52
30 91
12 26
45 94
81 49
62 52
48 95
34 10
89 67
74 36

100 30
50 32
43 49
19 65
44 67
95 15
77 5
25 10
41 86
35 70
37 37
3 31
30 69
37 5
57 71
8 4
69 79
63 75
78 71
48 59
75 51
35 43
37 96
82 29
56 12
2 29
61 44
51 69
86 44
100 52
99 21

100 30
66 100
80 53
38 33
33 90
19 78
6 38
45 71
29 58
83 88
43 41
28 90
15 96
83 90
73 5
56 2
53 49
44 80
36 41
56 51
33 95
99 10
97 21
67 70
98 60
41 24
10 59
65 99
26 5
31 93
74 82

100 30
24 69
55 89
47 49
52 51
71 27
76 73
40 29
74 59
13 16
96 14
46 74
91 74
43 6
72 81
68 3
13 18
10 50
89 65
45 24
69 53
40 89
79 73
84 85
88 6
24 40
30 36
33 83
3 12
2 48
74 94

100 30
69 32
38 6
48 17
28 38
27 13
29 66
48 91
71 67
55 97
42 62
41 66
53 2
42 34
45 3
82 50
58 47
49 43
45 95
13 20
93 47
33 44
27 29
48 6
9 79
98 66
23 90
65 25
90 1
47 17
18 69

100 30
28 89
67 100
32 24
27 41
99 79
80 58
62 48
89 1
6 93
76 4
74 38
19 86
13 1
26 52
5 28
43 14
42 68
18 32
92 33
15 41
45 34
100 94
25 62
11 24
42 43
92 34
59 32
52 30
55 66
61 75

100 30
90 21
73 9
68 43
80 19
15 84
30 42
83 44
3 34
34 74
93 57
18 79
58 82
94 9
66 27
7 5
93 87
90 72
40 47
7 83
19 58
83 13
36 31
54 61
2 39
37 46
40 58
55 49
50 20
33 30
77 39

100 30
20 87
63 25
17 30
26 80
1 37
17 96
43 80
46 45
43 87
43 37
32 48
12 77
76 52
37 55
17 75
10 98
83 14
81 31
2 61
50 12
84 59
65 72
60 5
14 88
49 8
96 9
15 51
22 68
87 15
54 55

100 30
14 48
69 43
22 54
88 64
8 51
42 26
49 9
7 96
76 21
79 34
53 68
94 44
3 71
76 61
13 59
97 87
65 51
60 10
20 6
45 5
54 83
77 94
99 46
59 77
23 74
72 84
70 63
2 54
13 97
58 59

100 30
79 82
19 65
75 15
94 53
75 23
39 56
24 18
28 90
21 25
12 53
43 61
54 27
70 32
94 55
57 21
100 47
89 77
77 38
38 8
94 20
33 60
27 58
81 61
24 11
84 1
87 29
93 51
63 95
39 26
11 74

100 30
59 56
25 75
61 18
43 54
13 44
12 6
63 55
63 91
44 93
18 32
73 31
19 85
77 78
87 21
20 48
52 62
88 34
24 11
73 17
48 73
26 62
5 20
80 32
39 97
72 15
60 95
51 87
88 92
51 91
21 78

100 30
53 41
4 72
93 19
82 69
88 48
35 27
48 38
93 79
60 59
22 95
94 62
37 43
18 7
16 98
94 13
32 18
78 91
5 68
48 34
71 56
42 4
4 90
27 21
39 54
52 24
16 6
27 69
29 60
36 34
5 65

100 30
88 20
70 78
35 66
51 17
83 6
48 76
84 29
17 31
89 8
94 3
31 45
81 20
6 99
100 27
19 11
56 90
22 41
97 17
81 94
9 43
99 56
69 99
60 24
63 95
76 4
2 22
76 35
20 74
61 59
21 19

100 30
81 12
100 81
98 26
93 6
60 37
55 18
61 85
68 56
30 45
33 17
91 66
91 85
33 90
59 14
63 56
54 56
24 18
56 23
20 28
62 11
12 94
75 81
71 42
67 90
71 61
81 37
76 44
22 45
96 19
57 38

100 30
16 32
80 54
21 53
52 62
12 7
91 82
68 66
76 9
86 28
2 18
32 79
11 88
95 35
11 11
71 12
19 25
59 67
35 77
43 7
4 22
84 60
21 4
78 75
62 100
23 41
27 56
68 86
71 41
56 62
62 11

100 30
45 83
66 23
60 90
72 83
71 78
63 53
45 2
43 28
3 76
14 58
75 47
3 33
28 28
52 34
70 24
38 40
20 92
45 92
39 22
66 27
43 99
58 29
82 85
44 30
15 64
91 56
87 98
20 40
48 85
98 84

100 30
84 82
28 60
21 45
87 96
84 98
3 94
30 97
4 72
15 45
70 69
32 4
39 82
64 46
82 12
29 75
94 49
21 44
10 45
97 82
51 37
5 14
51 61
72 61
59 97
6 11
49 91
31 97
59 53
3 73
95 30

100 30
84 25
69 64
13 25
50 7
11 93
85 89
61 35
16 48
64 34
56 83
3 85
13 17
72 91
55 42
70 92
69 87
19 22
69 92
99 56
26 4
38 27
46 92
66 45
72 12
55 38
84 94
15 17
74 16
20 12
10 59

100 30
81 93
46 27
12 79
30 1
4 38
61 47
61 85
42 75
50 98
89 63
91 96
28 3
98 25
93 77
51 61
82 78
70 22
20 66
45 27
55 44
96 4
65 29
55 74
84 94
22 24
86 43
50 76
52 85
89 99
94 13

100 30
19 18
28 71
9 17
21 6
70 58
94 55
43 18
74 5
43 19
31 56
8 28
73 33
39 81
98 16
31 70
3 86
65 3
69 26
12 49
21 42
62 62
79 89
28 100
8 16
60 70
2 33
28 93
86 18
7 6
70 89

100 30
4 23
82 62
77 79
36 39
91 95
80 35
85 99
29 62
79 68
12 75
16 20
43 30
64 47
14 60
34 8
45 39
17 60
1 71
36 96
3 58
43 79
6 52
13 70
23 65
69 93
65 22
18 22
46 2
30 39
3 11

100 30
53 34
48 66
21 54
67 40
1 18
86 67
98 22
7 54
37 29
52 70
58 55
46 87
68 45
3 73
18 17
87 78
99 7
88 14
27 41
79 65
86 77
69 91
77 97
61 78
34 100
13 24
42 13
55 66
83 3
45 76

100 30
43 69
63 72
93 20
85 34
52 10
22 64
22 71
76 92
14 3
32 22
6 88
64 77
3 20
51 48
61 28
11 92
20 8
94 90
76 77
36 20
44 17
97 6
29 61
21 95
56 83
4 28
71 3
31 10
100 62
42 76

100 30
97 30
91 27
39 49
18 78
81 88
73 72
54 80
39 68
16 1
43 87
67 47
99 89
39 24
55 66
24 91
26 27
15 58
47 61
99 55
98 43
33 30
12 16
33 66
81 7
52 49
48 87
37 2
60 63
56 46
89 8

100 30
30 7
67 46
64 84
74 74
75 4
7 84
65 93
18 77
10 36
10 3
36 30
98 3
21 40
37 33
14 60
67 54
53 69
98 4
41 99
71 36
30 66
35 66
2 83
80 59
9 26
25 56
89 30
19 45
42 11
60 66

100 30
76 64
56 41
97 49
73 2
27 4
54 9
37 7
14 91
80 65
25 6
33 62
2 22
49 46
60 10
92 40
65 13
14 21
94 58
48 38
38 20
60 67
55 90
95 42
72 100
54 91
19 9
56 32
75 30
91 20
64 80

100 30
29 14
50 13
99 6
16 26
54 87
76 61
66 64
84 12
80 7
71 48
80 92
6 66
24 33
12 75
76 32
38 74
16 58
42 74
9 29
38 77
40 96
70 95
95 54
23 8
43 46
98 17
52 79
86 64
26 73
50 58

100 30
39 30
40 29
40 33
72 19
20 42
93 22
49 85
33 16
51 32
82 64
81 81
24 11
62 17
77 42
75 77
88 58
4 38
69 20
82 44
49 73
80 28
23 75
7 92
66 18
24 81
80 86
91 82
75 61
45 24
30 71

100 30
78 62
34 88
95 42
69 30
96 58
38 49
29 12
34 53
1 31
93 74
4 13
63 93
20 47
34 87
20 29
56 75
10 56
95 10
79 53
100 84
12 46
75 65
43 71
15 34
37 50
83 84
28 58
34 25
78 66
83 15

100 30
22 70
82 22
63 95
54 33
20 77
75 53
17 25
53 28
19 90
24 77
63 20
17 29
96 90
25 72
51 30
88 21
38 5
68 52
29 28
61 31
54 5
96 11
34 99
22 67
95 28
53 99
22 26
82 98
31 44
24 24

100 30
100 46
91 17
66 54
7 97
82 66
75 96
66 25
68 71
12 29
69 49
80 100
25 44
48 48
73 7
63 65
89 7
79 30
69 43
83 88
83 38
77 97
66 75
50 5
1 65
4 91
4 20
58 13
6 65
72 13
21 7

100 30
70 98
15 48
33 90
3 35
51 46
56 25
16 35
1 71
68 62
62 61
58 79
96 28
78 19
49 12
25 41
52 56
32 1
85 64
99 35
41 89
17 5
32 43
19 36
38 63
38 66
30 72
98 100
80 38
93 70
85 91

100 30
80 10
23 53
50 54
23 16
80 2
39 96
43 74
63 99
83 53
85 24
97 44
69 18
34 84
9 13
29 26
14 63
96 63
48 61
8 74
40 51
44 43
76 68
5 36
95 77
63 14
27 76
62 21
52 76
56 98
90 39

100 30
99 60
26 32
30 95
58 57
80 17
98 19
35 14
66 38
79 46
68 9
72 6
73 87
38 63
25 46
62 76
89 40
67 23
18 16
88 17
18 29
58 43
27 100
25 57
63 29
3 53
90 38
22 99
31 25
24 91
98 23

100 30
47 1
3 100
79 27
81 20
80 63
52 33
32 47
61 34
18 9
91 78
85 63
41 15
31 6
77 16
52 43
81 12
100 13
61 4
25 27
71 86
75 80
80 2
33 13
82 14
76 87
74 26
69 55
71 71
68 53
97 37

100 30
37 79
8 10
43 14
41 85
72 98
2 41
36 82
8 4
76 84
99 13
88 62
28 60
13 84
74 34
23 82
26 5
48 49
4 66
18 82
25 30
2 88
2 2
1 12
25 22
82 39
35 100
67 5
87 13
47 8
47 53

100 30
22 43
16 97
48 72
98 7
92 59
52 57
13 35
51 44
24 27
28 87
22 85
55 7
24 57
36 87
4 95
79 3
9 42
66 41
6 95
93 63
26 8
97 57
48 96
57 95
51 32
89 6
31 47
53 23
40 77
58 17

100 30
48 71
64 82
75 93
43 22
47 47
13 12
22 85
5 42
100 7
2 29
11 10
88 80
39 62
93 75
10 68
74 58
76 94
18 43
76 10
24 57
75 94
45 63
35 17
22 63
59 1
31 7
12 7
100 42
34 66
100 44

100 30
59 63
7 72
90 83
26 30
65 35
55 29
19 71
81 78
20 16
2 59
26 84
79 48
96 74
100 87
80 11
64 44
64 83
21 34
59 51
28 66
54 7
1 11
62 25
48 36
66 85
71 91
4 27
87 58
47 97
54 44

100 30
19 54
4 93
19 4
97 11
94 34
89 56
63 91
26 75
15 37
57 34
90 75
33 10
3 15
7 58
10 50
3 85
52 6
31 12
22 30
33 35
28 72
92 11
30 34
6 38
1 83
79 15
73 32
23 44
52 6
61 84

100 30
67 63
92 14
92 8
21 20
63 98
38 83
31 30
81 37
56 99
54 38
19 92
93 20
84 49
51 66
13 77
49 66
72 59
44 70
60 29
28 64
29 88
94 64
35 72
66 26
13 14
36 36
73 72
76 6
36 95
21 85

100 30
45 72
8 24
57 10
72 42
85 19
18 36
74 57
96 56
80 54
17 4
93 91
15 91
76 64
37 15
23 67
89 100
89 74
72 13
6 25
43 26
20 27
28 28
15 22
26 14
91 74
34 87
94 5
12 13
55 69
5 59

100 30
70 87
36 48
34 33
43 48
68 5
59 48
80 2
44 91
17 12
91 33
3 24
80 62
6 64
90 51
37 60
9 38
36 53
48 5
91 67
64 8
58 35
23 11
28 95
32 78
39 90
64 7
57 75
86 65
2 91
97 42

100 30
43 14
82 83
54 76
59 72
27 36
60 92
26 24
75 24
59 13
14 37
62 92
99 3
8 22
78 1
87 88
89 28
84 45
38 100
87 50
23 50
19 44
96 76
29 4
9 53
47 8
60 39
41 14
70 37
55 38
49 44

100 30
7 37
51 29
62 38
74 58
50 13
7 56
25 87
72 12
91 95
27 44
36 16
51 88
53 6
77 15
96 43
98 35
98 35
2 91
55 11
2 59
43 4
86 71
25 92
72 79
72 22
39 48
88 99
41 48
4 21
31 17

100 30
94 66
1 6
90 76
20 82
18 39
14 60
86 42
84 94
39 85
53 87
72 82
58 22
65 61
39 99
53 96
3 96
8 58
62 56
1 78
94 2
98 76
98 43
9 1
99 73
12 42
69 75
26 42
47 32
57 31
89 44

100 30
85 86
9 79
83 53
60 55
7 89
49 72
93 81
63 67
83 71
96 24
46 53
36 93
63 44
90 89
36 84
97 74
7 3
49 82
73 53
33 51
82 25
95 25
1 57
75 30
22 22
19 2
27 80
4 73
30 31
38 44

100 30
71 15
86 52
72 99
94 63
72 15
31 27
10 34
85 59
13 85
5 65
31 37
81 71
23 97
41 50
40 28
50 57
46 40
37 70
83 74
21 38
94 43
42 84
34 89
89 65
89 93
73 50
85 83
70 51
77 51
44 9

100 30
42 89
72 19
68 36
23 96
13 65
34 51
36 55
1 46
17 47
58 74
27 95
60 12
66 48
13 6
13 34
86 47
40 83
42 58
44 65
95 60
50 43
82 14
92 54
84 83
60 29
60 74
64 100
14 8
54 8
62 92

100 30
74 83
30 48
12 69
63 91
91 94
31 8
80 95
42 85
29 22
25 61
71 94
72 69
36 84
61 1
6 95
1 72
79 4
13 44
39 46
32 56
79 54
16 92
39 88
43 68
52 4
40 87
52 28
51 79
86 78
71 4

100 30
59 70
20 79
52 3
69 76
95 34
9 63
41 61
77 32
22 58
18 11
21 1
55 84
91 50
55 76
8 75
58 5
89 97
33 85
2 10
91 51
80 40
57 39
24 1
81 67
10 57
72 83
63 97
66 8
73 86
77 18

100 30
46 35
29 24
9 78
6 81
35 5
77 93
13 12
58 47
38 40
19 43
100 89
61 53
58 72
1 10
61 29
38 23
9 91
28 11
2 81
44 42
86 62
55 85
71 51
97 74
36 86
74 70
89 8
44 81
60 30
68 35

100 30
14 77
35 92
66 20
95 90
16 60
88 51
67 91
69 66
34 26
70 82
39 42
57 16
69 48
10 42
35 47
48 53
2 82
4 50
7 93
7 16
77 13
90 9
63 25
66 8
68 17
69 3
6 17
35 34
12 43
76 69

100 30
28 26
68 94
18 45
25 27
81 43
95 60
59 59
51 40
14 47
68 76
15 24
47 60
42 100
35 71
47 73
98 91
62 13
50 96
46 61
57 19
4 100
3 30
46 99
50 95
7 65
37 3
22 73
21 70
45 94
62 47

100 30
53 59
82 31
6 22
23 79
82 57
40 96
55 13
45 91
39 76
59 29
48 80
16 99
94 50
47 51
20 46
22 62
80 85
46 44
76 65
60 17
96 88
91 27
99 39
78 93
23 88
91 84
44 10
23 29
64 80
78 62

100 30
98 47
58 6
10 95
100 78
44 1
7 78
88 93
16 81
2 88
43 22
65 71
33 95
85 4
94 8
25 19
20 94
73 86
76 94
78 93
51 9
80 72
11 88
6 33
72 26
98 10
11 17
91 11
23 99
77 83
86 17

0