100
100 70
18 23
89 86
25 69
4 2
71 77
8 11
70 19
80 99
40 45
23 78
62 73
70 62
57 29
29 27
71 77
67 55
22 38
94 49
63 54
86 63
54 18
22 94
19 99
10 45
20 93
23 9
88 92
93 89
78 86
98 30
49 68
82 91
66 95
1 56
80 75
52 62
59 69
53 8
4 33
39 32
61 24
71 69
96 60
61 39
94 58
75 71
63 27
26 85
86 15
4 39
15 32
91 66
90 88
44 47
8 89
33 20
44 53
23 69
91 85
10 98
56 54
24 18
60 25
89 63
75 98
85 74
93 57
12 27
59 76
13 74

100 70
16 16
56 5
89 48
41 50
18 97
68 78
53 26
100 68
90 68
80 77
94 34
7 67
44 58
45 72
93 59
51 70
87 68
7 55
49 84
18 34
54 46
26 29
70 9
76 6
32 65
23 87
11 63
22 18
80 19
10 35
81 62
82 27
81 30
77 71
35 74
5 6
90 97
15 76
39 31
54 42
83 41
93 57
95 83
66 14
89 40
40 74
60 77
61 65
61 46
36 55
88 20
72 37
10 50
39 71
1 29
91 70
42 29
46 58
44 83
29 19
40 2
95 54
4 8
31 88
71 93
33 78
15 79
78 2
23 22
26 31

100 70
76 28
59 95
39 6
53 57
41 45
71 65
21 3
52 93
50 29
100 44
62 56
42 44
70 73
92 84
24 10
78 27
27 63
46 5
95 49
76 97
59 4
53 94
68 90
63 11
97 49
55 23
28 41
40 29
17 77
28 16
87 39
19 70
95 74
84 73
90 87
36 96
39 90
18 73
29 99
22 100
21 76
83 62
80 85
5 49
88 70
58 68
75 12
72 43
83 24
86 66
63 48
42 47
78 93
73 65
1 55
31 59
43 26
77 31
84 83
2 64
12 73
8 23
15 65
54 6
7 86
41 72
58 87
5 62
40 85
26 88

100 70
17 39
64 76
87 23
25 95
52 12
82 73
2 29
63 70
9 92
4 66
41 87
7 74
4 45
47 47
65 49
34 34
96 94
49 84
3 88
55 31
48 61
98 60
9 96
58 99
79 77
65 8
40 16
76 46
94 82
75 87
46 64
16 58
91 58
1 57
82 79
2 27
74 52
80 16
6 39
76 40
13 48
49 3
65 84
24 87
26 82
77 14
13 76
99 22
75 98
61 28
68 99
43 2
28 10
99 10
95 89
92 37
98 19
67 53
28 69
23 62
30 23
7 91
13 92
60 62
25 95
97 10
26 42
97 62
100 22
3 85

100 70
53 13
55 63
35 82
78 82
87 95
52 58
86 52
69 58
78 68
70 33
46 85
26 11
38 80
80 37
36 55
65 59
80 63
2 5
60 87
87 63
30 4
18 11
75 56
47 59
67 5
68 97
60 91
3 59
80 98
92 31
79 63
76 3
28 58
84 28
23 5
56 10
84 85
61 4
21 62
68 63
70 74
28 96
48 49
98 60
7 48
75 48
40 86
2 42
95 98
2 7
21 46
45 30
8 36
44 70
33 83
96 1
36 3
56 58
97 62
48 66
15 48
32 19
6 96
78 51
61 84
9 53
78 32
34 91
17 29
63 20

100 70
5 31
73 29
16 86
87 35
32 47
88 5
27 19
30 67
48 5
7 84
28 15
21 4
36 40
40 53
37 100
33 21
69 57
20 15
26 7
78 1
19 4
10 13
33 51
10 48
38 65
76 73
57 36
41 83
75 26
5 100
71 25
30 68
91 65
91 87
59 31
9 89
9 89
73 52
32 37
54 73
25 97
36 49
79 40
4 12
76 66
28 76
78 82
29 54
83 92
89 57
100 42
10 30
49 16
34 93
33 76
91 19
21 18
15 54
3 43
73 73
92 10
93 87
39 51
41 46
18 21
25 78
96 49
17 23
30 65
16 85

100 70
7 13
14 50
70 92
48 43
92 20
75 100
49 72
69 69
1 61
16 77
15 48
15 55
40 79
12 87
57 73
17 85
53 20
23 88
45 61
10 46
13 19
57 44
2 88
10 95
50 20
13 23
69 15
92 40
64 64
23 6
61 2
100 50
56 28
55 13
37 75
80 36
32 9
94 30
66 3
90 52
17 97
24 94
45 67
19 63
58 90
18 28
58 84
14 77
52 45
58 1
46 24
51 12
18 73
60 91
53 35
93 43
49 55
87 17
49 68
77 98
6 19
27 13
52 40
51 23
73 39
10 97
71 33
70 24
2 65
53 96

100 70
96 9
30 57
88 30
44 50
22 14
96 25
79 100
34 29
38 100
56 36
70 41
1 3
24 49
36 26
57 66
51 91
38 68
45 83
45 94
20 38
52 72
89 8
53 80
72 29
65 80
35 39
51 82
18 97
1 76
75 96
50 95
86 85
100 27
41 71
34 36
95 42
43 24
38 22
20 15
48 83
37 92
24 96
77 55
2 82
79 68
30 17
95 60
3 32
37 84
97 5
19 70
47 6
28 57
82 87
62 13
24 53
50 36
71 16
1 36
60 3
100 36
83 19
97 75
65 14
6 95
70 3
25 43
46 73
80 93
9 58

100 70
41 65
18 53
75 53
77 69
76 17
12 53
78 71
45 53
64 2
67 41
3 19
87 45
50 14
26 92
81 44
54 67
11 4
28 11
74 32
63 46
38 85
80 24
46 23
65 10
90 19
85 50
83 37
10 73
72 22
54 64
67 79
95 40
12 43
67 39
46 90
17 56
76 65
92 42
24 70
94 17
93 23
1 10
34 21
9 78
14 62
37 58
68 79
20 28
98 35
39 61
79 9
43 15
100 9
20 54
35 40
72 87
88 77
87 100
93 78
61 97
31 13
31 98
100 58
69 79
74 2
44 19
44 60
1 30
21 3
9 67

100 70
18 16
88 41
5 47
94 35
71 33
11 71
96 64
6 86
93 87
27 91
31 94
82 86
99 84
77 97
68 6
73 62
61 43
48 89
63 53
35 49
82 40
36 3
69 14
26 45
64 11
87 46
22 35
76 96
10 54
41 52
27 81
15 82
20 81
33 81
71 74
33 58
90 33
33 53
29 6
67 54
35 77
83 41
17 76
46 96
30 89
85 3
27 83
31 37
38 23
54 42
43 39
4 34
76 2
93 93
22 59
39 50
27 49
94 75
4 94
25 93
22 21
34 37
91 75
30 5
88 76
57 13
83 92
9 82
86 9
95 29

100 70
79 57
52 81
73 62
84 58
88 89
70 43
17 42
3 68
54 44
36 66
32 33
95 3
66 76
52 75
6 96
20 72
13 69
73 45
53 98
46 86
18 86
4 33
64 70
97 54
32 18
54 67
50 1
1 37
100 66
90 72
85 98
80 33
59 30
99 77
17 47
89 96
36 87
15 54
35 82
34 22
47 25
85 17
37 23
81 77
82 100
11 28
94 42
53 5
2 17
57 26
11 78
15 11
16 28
49 36
66 15
87 26
86 86
56 42
4 16
91 96
83 86
61 58
22 71
75 75
77 18
14 89
84 7
60 49
52 36
32 27

100 70
87 94
9 1
46 65
54 16
4 4
5 93
57 22
59 52
74 24
47 2
59 8
20 72
84 44
71 67
27 52
30 3
35 52
15 1
10 65
31 64
34 81
56 6
24 76
76 41
59 22
80 48
83 85
46 41
45 55
94 78
60 22
98 4
2 43
68 15
23 39
57 56
7 48
84 85
62 45
67 59
53 24
58 8
4 68
53 87
96 89
58 43
71 5
46 57
63 69
20 67
60 32
73 8
94 62
84 37
87 10
88 99
3 99
66 13
38 82
9 97
54 33
95 91
52 35
82 36
58 65
63 20
70 57
2 35
35 85
55 91

100 70
58 81
75 34
15 60
70 21
37 36
9 34
30 98
92 81
97 90
89 78
54 41
79 30
68 15
57 70
30 95
7 14
69 97
96 82
18 59
82 15
12 98
91 91
3 37
64 39
33 89
23 24
22 50
95 59
29 61
83 58
95 97
82 40
1 96
31 66
47 90
28 74
46 83
50 90
17 56
40 93
97 23
41 84
92 9
8 9
90 80
33 78
26 82
20 34
96 54
4 63
55 25
99 34
8 65
93 60
54 45
92 35
80 13
29 59
21 81
78 96
10 47
31 91
21 59
93 70
58 98
72 16
79 15
49 43
95 78
10 3

100 70
42 93
25 9
74 23
46 13
27 78
92 41
88 83
48 74
87 45
58 99
89 43
43 82
41 21
38 82
18 40
67 26
34 93
34 14
94 56
47 55
9 6
36 10
46 2
68 77
44 50
4 51
99 97
13 69
62 96
73 16
25 2
87 37
32 72
28 68
82 14
25 90
46 51
32 41
7 16
69 50
7 52
42 80
70 8
56 81
88 74
42 69
40 19
77 13
36 90
70 35
90 73
84 61
8 49
43 33
79 71
6 84
76 46
20 84
21 37
27 100
100 57
47 64
51 66
11 33
11 73
92 86
16 47
53 56
51 31
79 70

100 70
27 88
2 78
85 1
69 68
4 61
43 12
48 24
88 26
66 72
89 81
27 17
20 50
85 88
17 73
9 66
59 15
54 19
75 94
71 99
1 81
75 58
70 21
12 73
67 4
10 59
51 90
93 11
48 76
48 1
57 8
100 72
77 2
84 92
16 70
13 36
69 47
26 31
21 54
86 16
71 18
40 4
66 14
15 2
45 16
70 25
68 37
82 20
67 68
18 17
98 12
14 77
53 1
71 3
80 59
63 80
58 79
97 16
99 24
92 30
81 6
37 24
54 83
37 68
11 54
73 82
12 19
88 37
22 28
36 62
34 43

100 70
68 70
48 59
16 65
80 25
77 18
76 94
39 38
12 12
44 24
97 76
87 43
94 92
46 22
93 98
79 24
44 56
8 92
88 28
46 59
97 24
75 53
76 76
36 49
21 43
49 51
97 5
76 94
98 44
56 72
25 69
4 77
73 22
1 28
23 23
91 9
33 14
78 75
63 95
57 44
79 22
51 92
79 79
45 55
23 30
88 37
100 55
85 3
60 72
24 99
60 86
66 2
35 90
90 62
39 57
100 47
60 37
21 70
62 3
82 66
77 18
18 73
83 97
18 17
21 11
58 64
22 63
69 32
22 54
92 15
97 24

100 70
73 71
74 74
100 90
3 42
58 64
43 76
10 10
40 35
68 56
9 14
32 3
29 92
81 49
91 75
42 27
8 16
43 91
85 60
13 29
74 33
39 21
1 1
74 5
69 54
50 10
16 28
85 25
44 23
11 31
48 19
25 10
58 11
54 38
71 51
26 15
43 51
80 61
58 16
32 36
87 90
33 85
59 77
63 68
90 66
95 97
13 21
97 63
30 4
17 52
61 50
72 52
99 11
41 38
65 36
92 69
13 58
44 73
33 2
18 70
15 56
62 20
99 36
79 8
57 84
50 87
6 61
58 88
32 100
21 88
97 23

100 70
56 33
49 19
5 99
79 90
69 37
34 7
32 93
35 88
73 59
38 22
20 33
25 79
30 20
88 88
44 4
48 7
99 17
34 98
12 52
82 76
80 75
12 52
74 34
88 30
91 78
7 53
16 40
71 38
60 4
64 77
67 59
5 78
54 18
38 82
78 26
90 76
97 28
76 39
61 6
38 51
76 32
59 68
32 45
77 44
45 93
67 75
41 62
72 95
77 7
27 25
92 91
65 61
98 46
33 55
7 58
74 92
94 23
93 48
32 23
53 42
100 50
24 36
54 13
30 65
49 83
34 66
88 72
100 41
62 99
71 39

100 70
33 19
7 80
25 72
37 91
50 1
14 25
14 70
49 44
8 85
24 31
99 54
78 5
72 27
25 50
23 51
36 63
12 59
93 28
47 68
22 94
65 52
76 53
48 94
27 86
44 66
21 60
69 28
93 40
80 86
52 20
34 84
34 65
51 97
16 34
65 29
12 99
12 53
25 60
81 53
75 6
71 68
69 28
88 18
92 42
16 65
27 70
70 62
52 39
12 75
54 43
43 98
60 73
61 44
33 26
25 99
45 17
52 8
17 41
89 21
97 79
82 94
4 36
99 35
20 90
3 42
97 11
27 72
95 74
2 29
28 63

100 70
40 62
80 44
78 1
54 84
33 37
51 59
73 19
99 97
18 70
57 72
19 27
69 44
83 8
46 99
70 53
13 41
82 99
92 54
89 36
18 86
66 11
8 37
26 19
64 26
42 79
52 86
86 51
88 73
45 31
17 76
51 9
36 19
63 68
18 25
37 21
65 65
12 39
41 19
55 47
10 81
58 21
91 50
80 60
83 51
45 76
20 8
48 7
42 19
8 99
22 73
46 43
43 41
48 42
42 54
23 62
49 79
91 40
32 39
44 84
64 91
23 15
22 20
37 50
10 81
15 28
48 14
14 22
76 98
15 79
78 20

100 70
24 86
42 41
34 90
16 28
2 20
76 32
21 45
15 64
54 27
22 45
67 23
81 43
78 78
5 19
82 15
97 95
70 32
89 82
45 51
3 96
79 22
62 72
98 80
30 95
40 90
35 73
45 2
90 99
74 19
34 90
88 6
17 28
98 76
49 12
18 38
65 13
71 51
36 78
59 14
11 84
89 85
25 17
4 72
58 91
99 79
21 82
69 55
22 52
73 34
58 25
38 80
16 2
35 21
69 46
88 82
62 80
53 25
11 71
38 23
51 91
40 46
60 48
49 26
15 27
63 58
76 51
51 80
80 72
60 75
49 29

100 70
35 95
49 11
46 41
99 41
58 57
70 78
59 74
19 38
88 21
55 8
89 3
5 60
58 74
100 2
42 52
48 98
33 64
38 83
12 82
19 80
33 14
31 17
44 16
59 85
85 64
42 4
15 82
97 95
89 5
84 79
31 54
2 67
11 91
4 10
96 14
12 67
82 48
1 50
17 57
2 57
23 84
67 62
54 39
40 50
82 47
38 22
34 29
36 40
6 66
41 3
75 41
84 34
72 74
41 47
13 25
92 35
52 31
25 39
97 51
17 3
87 74
48 65
59 62
91 18
98 43
15 97
71 3
98 95
39 92
9 72

100 70
78 46
42 31
18 98
35 42
32 56
19 72
80 88
47 3
55 58
78 19
34 32
39 55
47 70
88 19
90 10
86 2
30 86
35 59
93 16
86 82
58 13
47 1
38 95
65 94
92 20
18 5
18 13
71 26
69 89
74 49
28 23
18 22
43 4
32 96
7 37
64 33
73 4
60 44
35 79
8 57
84 69
18 30
12 1
36 25
88 55
3 90
90 60
73 28
64 43
55 25
34 85
81 49
97 78
64 29
88 68
6 58
61 58
90 95
5 66
49 20
37 15
78 14
25 23
98 42
36 43
17 1
77 20
21 50
55 45
6 21

100 70
43 1
25 10
36 87
34 35
52 69
29 6
31 50
34 94
68 18
78 31
67 9
68 57
11 40
62 70
42 67
94 81
36 81
41 39
86 99
95 42
28 85
35 60
11 89
95 55
22 56
65 13
37 65
96 31
36 77
76 34
76 89
80 35
96 67
97 11
92 94
62 46
74 1
5 71
61 58
5 22
100 79
40 88
46 88
48 68
97 20
78 94
93 63
74 62
16 70
64 91
90 70
76 39
25 55
55 35
20 83
95 16
55 98
89 99
97 61
58 68
4 49
37 65
64 12
47 60
11 86
29 78
100 30
94 46
17 22
3 33

100 70
61 80
3 76
36 79
95 69
11 49
72 97
82 69
57 49
8 17
55 3
35 17
98 24
34 32
75 87
40 56
89 55
55 30
2 39
13 32
59 96
25 38
21 60
57 49
24 99
9 20
65 90
58 32
71 42
15 80
61 39
42 18
36 30
73 73
64 90
21 14
16 80
24 56
36 68
5 57
69 15
49 96
8 76
73 63
64 78
7 42
3 69
23 32
10 47
53 39
59 40
41 47
18 46
88 10
76 55
97 47
4 59
29 35
73 23
65 5
98 37
99 92
23 46
83 77
40 24
2 62
55 94
58 33
87 91
57 99
48 14

100 70
13 11
46 55
68 55
93 88
32 8
76 6
29 27
66 58
74 67
70 4
99 8
34 36
92 73
51 64
44 27
63 38
22 64
53 16
40 83
94 20
64 23
100 55
42 91
40 31
86 62
64 67
92 5
52 86
2 71
99 74
69 38
59 87
9 80
92 67
44 43
25 95
13 77
6 23
77 72
31 11
8 100
4 90
71 16
80 62
72 63
14 65
6 80
34 70
86 40
61 44
98 48
74 38
57 74
15 75
45 39
60 65
68 15
26 12
16 44
69 73
41 36
57 80
59 80
25 45
51 14
91 39
74 80
38 3
55 29
62 71

100 70
33 45
59 98
19 28
21 62
80 15
83 59
70 60
66 36
79 66
42 90
29 41
3 100
82 44
45 11
75 30
47 71
5 44
29 29
5 77
7 54
2 63
23 96
95 96
87 67
16 92
27 58
98 67
7 44
63 69
39 40
47 34
27 41
61 49
47 63
2 15
1 54
82 23
70 31
70 76
72 47
61 12
97 26
36 97
80 73
5 12
51 16
2 7
50 57
54 39
23 66
27 80
99 48
67 60
55 32
81 36
99 26
30 30
43 51
69 60
9 57
59 42
13 42
28 1
51 57
33 5
62 96
76 13
97 44
3 22
60 50

100 70
52 63
49 15
82 30
2 13
73 81
60 39
64 86
59 24
17 85
39 20
13 3
84 9
64 41
89 9
97 7
58 70
95 64
38 3
9 63
94 15
90 9
85 45
35 80
68 73
53 75
59 25
42 89
79 52
32 33
30 34
100 29
21 60
11 47
36 92
42 55
60 9
64 22
46 15
15 17
13 74
52 49
6 74
13 45
48 91
59 57
2 35
62 59
82 69
80 54
33 88
77 59
40 92
77 13
62 4
70 61
82 36
69 52
20 45
97 21
44 99
74 49
80 41
91 90
86 28
90 21
67 68
70 38
81 27
73 56
90 95

100 70
35 62
8 11
84 49
90 53
21 12
90 43
21 31
43 9
28 8
21 53
91 56
96 64
30 90
48 41
3 68
11 8
23 40
86 63
97 80
6 85
24 2
71 99
60 73
47 62
93 31
76 72
6 99
50 6
28 16
63 97
42 47
49 26
18 18
45 76
30 68
27 45
89 11
23 52
91 79
21 82
72 100
68 11
76 48
39 87
71 90
72 54
88 89
21 32
94 60
35 95
94 87
51 48
89 48
81 35
61 42
37 82
78 55
17 5
2 29
19 13
90 9
38 25
52 79
91 36
36 81
89 73
28 43
66 74
95 52
86 46

100 70
79 66
5 29
24 77
13 14
90 54
45 20
77 36
1 87
85 97
100 27
25 92
30 35
42 35
39 62
90 53
25 44
79 73
76 91
41 74
100 14
1 45
48 90
8 59
60 9
2 14
96 50
6 25
30 20
19 31
45 89
10 62
75 16
11 37
45 75
36 92
90 27
100 42
48 47
53 48
35 30
90 74
1 21
32 39
16 20
24 50
19 42
21 96
7 35
34 92
28 21
62 55
60 16
54 25
17 25
56 39
41 99
6 12
100 73
24 6
49 32
51 98
50 58
61 8
99 91
76 57
49 60
28 75
70 9
85 2
85 73

100 70
66 55
62 5
33 94
100 82
33 21
82 91
54 66
47 49
24 4
33 51
18 56
8 74
76 48
45 50
90 22
47 30
11 45
68 13
49 13
96 26
6 98
39 43
15 79
95 50
27 59
87 96
46 57
62 72
18 48
35 14
97 46
92 7
47 61
60 92
24 60
85 89
18 1
60 94
46 93
5 63
60 47
37 32
15 94
26 36
32 35
54 63
73 70
88 13
65 17
56 60
58 79
6 60
97 82
38 89
69 77
96 84
74 92
40 21
62 64
27 51
43 10
1 21
51 44
40 45
58 38
2 80
55 60
44 92
46 52
94 1

100 70
53 11
69 3
64 8
38 51
66 77
26 71
19 89
4 58
98 61
76 9
20 56
86 68
25 69
14 3
96 9
81 97
11 24
58 16
80 43
33 85
40 15
29 85
25 68
40 31
55 96
19 81
41 73
14 37
61 21
80 89
65 73
91 85
34 41
72 19
80 45
28 8
23 51
32 46
62 53
98 32
85 99
64 74
30 3
1 94
46 43
4 49
17 99
70 63
20 59
59 56
43 63
73 44
1 1
62 7
74 95
7 29
52 68
86 89
51 17
43 19
78 5
22 9
39 53
16 9
75 82
14 98
67 20
16 66
5 84
74 93

100 70
31 94
60 72
76 54
33 9
74 5
19 13
22 3
18 28
54 46
41 98
36 13
85 53
22 39
58 63
83 27
76 79
100 91
2 31
55 71
11 51
1 58
96 67
62 94
24 93
53 11
65 76
98 79
21 6
69 38
56 83
89 57
10 13
34 33
83 48
46 17
39 79
38 42
14 19
96 57
80 98
95 9
72 91
16 62
93 93
91 76
45 15
14 61
66 25
64 1
68 47
21 25
20 46
91 59
51 91
24 86
63 80
22 79
27 67
39 76
38 70
45 70
30 28
83 51
37 98
24 57
25 40
75 30
24 49
71 43
12 8

100 70
64 14
14 85
75 16
56 67
81 59
12 39
78 93
82 70
21 93
71 81
13 23
44 18
84 85
36 10
81 11
46 46
14 75
60 48
12 8
92 21
88 86
63 8
71 6
65 22
87 12
18 32
39 95
4 39
42 14
25 43
48 51
90 37
57 20
65 32
27 24
33 78
82 22
100 85
33 20
85 85
33 28
70 6
15 28
40 30
36 50
91 82
41 63
6 97
34 18
68 4
63 44
2 11
38 30
54 1
64 33
37 89
50 39
73 37
86 27
77 56
42 39
72 11
94 26
95 93
94 71
19 56
96 40
66 88
58 36
76 36

100 70
90 94
74 93
63 57
69 49
70 47
59 22
98 92
16 61
27 85
61 21
84 3
5 99
30 83
12 100
2 23
61 39
70 48
67 10
21 10
30 44
59 3
97 87
58 97
15 6
2 32
34 63
70 3
53 85
27 40
82 18
37 13
73 57
77 71
47 58
9 15
4 77
43 18
2 53
59 8
42 98
38 91
21 1
18 57
32 32
36 67
78 80
34 96
56 55
20 12
54 41
93 75
30 6
6 15
89 87
43 80
60 5
50 19
83 7
50 21
16 25
57 53
16 34
86 37
67 9
16 6
25 47
27 7
36 28
76 8
11 2

100 70
17 1
5 57
62 2
81 56
14 49
72 17
13 92
23 41
3 92
43 81
78 53
54 91
98 73
42 34
100 69
50 93
52 78
99 80
51 55
89 69
71 73
67 8
53 52
40 75
11 30
35 40
18 9
19 13
70 49
7 76
82 37
3 72
1 19
66 30
68 69
38 39
53 68
11 30
51 47
37 26
81 79
49 29
87 86
12 24
72 43
23 90
52 65
84 62
28 81
94 90
67 61
81 14
68 40
23 99
60 64
9 53
58 58
26 15
32 43
90 28
99 85
42 48
51 13
62 25
9 84
55 59
70 30
94 70
80 26
43 68

100 70
68 40
65 77
44 7
96 91
7 28
18 6
51 52
29 42
61 75
35 2
77 32
71 35
8 35
14 68
83 66
95 60
69 87
86 54
38 20
5 11
100 81
44 53
8 82
43 81
17 29
13 28
40 42
5 74
47 70
85 4
22 47
55 9
86 20
9 95
38 36
94 38
89 48
31 79
79 84
78 58
15 2
17 12
28 92
23 14
36 54
54 45
52 20
95 36
45 55
32 73
73 73
6 12
25 96
64 44
49 97
72 88
51 87
77 64
100 9
53 47
6 31
88 49
76 97
84 90
7 12
15 80
99 28
29 52
41 84
52 64

100 70
17 41
99 64
67 18
84 11
49 34
75 82
11 23
100 28
17 58
57 10
18 76
11 99
1 99
55 25
56 93
23 90
37 24
14 72
76 91
23 77
94 6
5 57
20 79
94 34
64 22
49 6
47 2
48 75
78 59
79 78
13 44
68 23
32 96
11 11
47 32
53 55
8 7
49 56
24 18
64 50
99 62
34 61
89 7
96 58
46 98
47 85
11 8
53 72
77 71
52 45
21 39
31 49
27 8
83 48
1 50
61 62
87 66
12 5
2 71
34 99
53 59
28 62
23 89
23 9
79 99
46 23
59 1
62 37
33 99
82 55

100 70
42 22
5 27
72 66
66 66
100 21
71 59
10 62
32 81
21 91
1 25
7 36
57 96
15 6
81 25
68 24
30 42
62 95
76 83
87 83
2 33
92 52
91 91
89 22
64 31
70 29
71 56
49 91
81 90
59 32
15 31
81 74
55 85
55 16
56 86
55 50
20 46
29 93
24 86
76 17
6 20
58 94
48 2
71 18
41 86
90 19
38 67
66 4
97 29
27 86
90 62
33 79
91 97
86 38
43 75
30 23
78 11
77 81
9 56
73 27
56 53
36 62
25 20
74 3
60 81
66 31
52 70
92 85
87 88
91 2
46 14

100 70
71 1
88 99
85 24
83 45
15 49
30 26
72 6
77 58
36 16
77 91
70 24
14 26
34 97
79 53
10 47
26 66
13 76
72 100
84 66
38 1
2 63
52 13
79 29
77 63
12 91
56 63
28 7
18 67
98 30
21 88
18 10
26 44
9 11
38 55
40 81
57 67
14 90
56 9
18 56
62 88
35 88
73 57
41 26
93 51
15 81
93 12
13 99
51 68
34 36
96 9
30 48
12 46
55 88
17 72
16 95
94 66
91 7
55 86
45 19
37 37
17 33
14 98
29 11
65 12
39 75
47 50
97 9
16 75
63 13
88 44

100 70
34 99
15 5
2 7
10 97
95 52
26 70
26 3
98 32
69 81
26 69
63 91
36 16
67 92
27 9
62 47
30 56
61 72
29 23
89 44
87 83
55 61
36 72
99 43
65 62
19 21
66 26
16 56
33 9
35 5
56 39
60 14
24 52
59 58
9 31
49 46
20 9
25 88
49 67
7 38
49 70
48 100
4 4
51 22
69 93
22 67
52 68
45 76
35 44
19 8
30 52
98 26
42 51
69 47
78 32
15 17
54 41
19 79
100 19
10 94
69 11
15 44
82 4
26 86
19 39
15 69
24 62
25 69
41 69
82 64
28 68

100 70
37 18
10 50
56 81
29 98
33 63
7 51
40 32
29 69
41 50
4 95
77 19
4 13
28 42
99 76
10 26
98 26
93 72
25 4
40 79
17 59
43 13
42 39
54 6
24 14
40 63
16 45
59 47
61 53
87 25
9 91
28 60
75 60
72 83
8 83
84 13
71 72
7 77
46 68
45 46
26 68
59 24
19 81
28 18
19 75
88 86
98 59
21 2
52 84
78 25
19 96
69 84
46 70
58 39
60 95
40 49
5 81
71 39
67 49
12 98
33 43
3 98
36 66
4 69
54 69
73 33
39 61
98 60
47 88
54 3
18 39

100 70
86 97
93 31
2 90
57 2
91 29
27 22
13 98
53 37
17 89
78 32
5 48
21 90
85 45
76 87
68 60
23 96
21 24
42 56
74 36
18 20
98 63
9 15
70 37
45 32
93 25
19 85
82 2
78 64
55 98
90 63
25 17
36 11
44 23
49 45
27 57
6 39
89 78
30 4
30 49
79 53
15 57
65 19
55 87
95 21
42 14
61 9
6 48
83 2
96 89
33 98
38 19
15 6
55 57
27 25
37 39
78 74
63 24
57 82
62 72
16 68
46 4
11 83
76 33
42 31
50 99
18 48
17 79
50 89
100 74
61 50

100 70
13 61
99 52
2 3
54 72
61 81
94 81
16 7
71 3
7 4
61 46
56 88
57 61
92 60
43 56
7 92
26 43
86 60
33 13
64 42
25 21
64 9
40 55
69 7
64 34
5 43
6 41
13 44
59 96
75 64
33 91
69 31
10 56
22 70
65 40
95 1
46 95
43 23
28 56
87 65
60 27
79 85
37 95
42 94
99 67
24 79
85 69
95 61
38 48
62 27
59 31
74 55
30 98
50 67
83 18
19 47
69 52
64 45
35 35
84 25
37 56
98 33
99 51
51 16
65 82
46 39
92 25
79 19
44 100
60 79
7 71

100 70
50 64
17 20
88 26
33 85
81 16
45 45
97 45
27 25
41 46
90 60
60 97
15 96
92 60
71 5
59 2
57 13
53 91
74 67
56 54
88 13
4 32
97 44
35 96
65 10
20 18
38 24
64 55
3 14
34 96
48 67
23 55
24 73
50 29
34 72
58 80
90 73
17 51
44 66
7 68
16 43
81 26
10 68
98 17
42 67
85 48
38 28
94 68
38 100
8 69
6 88
19 60
38 44
60 44
7 91
47 57
29 51
7 48
5 46
37 36
63 72
87 35
42 28
16 20
7 5
72 47
72 40
89 9
57 83
33 16
14 10

100 70
1 91
33 67
61 4
29 24
86 29
85 10
93 62
20 29
30 2
43 83
76 66
56 64
58 6
91 6
98 67
10 38
81 66
47 20
8 16
61 42
20 100
84 44
14 10
70 54
9 7
19 44
29 70
61 83
15 4
45 71
30 61
88 78
65 64
95 8
95 71
25 25
38 93
93 1
98 63
12 33
60 99
44 40
86 83
89 69
82 60
20 31
11 39
35 5
99 12
34 58
93 5
73 5
77 12
58 65
27 73
74 41
26 13
97 46
78 14
94 93
25 75
15 79
14 73
54 32
14 6
26 3
14 40
94 90
75 23
40 21

100 70
44 53
52 18
34 80
49 2
15 39
24 35
48 27
95 62
91 34
87 86
88 22
75 73
67 85
51 68
14 15
88 58
7 15
23 77
22 76
58 83
97 31
44 4
73 70
31 37
62 92
86 61
3 4
63 11
35 69
44 38
3 92
49 55
76 57
100 33
19 94
31 92
16 92
38 79
28 17
32 96
87 80
86 62
48 47
84 68
62 52
86 32
60 16
11 95
4 54
20 68
16 70
4 10
78 13
88 65
60 100
72 17
54 48
71 70
48 100
40 40
63 7
67 57
27 23
99 74
84 16
53 38
2 56
28 93
2 95
57 13

100 70
52 51
23 12
48 77
68 87
42 86
63 2
48 5
35 40
76 58
38 41
54 6
63 17
75 80
12 78
48 17
95 61
8 35
60 21
84 95
21 13
73 15
37 92
48 82
75 62
37 74
55 38
81 96
75 31
5 93
78 46
53 45
61 99
27 62
10 30
67 84
93 60
92 20
53 49
97 15
42 64
82 53
46 38
63 65
77 9
89 11
75 66
30 91
34 11
29 67
1 99
40 93
78 1
52 93
1 91
56 24
56 52
7 58
62 28
63 43
30 86
11 34
88 81
11 16
49 90
88 63
99 18
64 80
64 54
88 61
90 73

100 70
71 24
22 4
96 28
71 23
48 94
50 47
65 13
75 78
29 98
11 41
99 15
52 36
45 86
5 68
92 68
37 15
49 58
42 19
80 15
69 90
36 9
30 2
71 67
9 41
62 27
9 41
32 60
17 25
86 34
5 79
40 62
33 97
79 17
95 88
26 70
19 10
21 62
51 85
93 26
80 42
63 11
75 69
80 62
20 14
35 59
90 55
92 87
98 52
82 64
99 62
90 77
73 32
38 88
85 39
98 89
60 50
14 94
20 80
86 43
84 93
13 77
65 81
62 25
45 91
70 26
19 51
73 62
58 51
52 36
12 5

100 70
45 18
67 61
85 91
9 7
93 78
46 25
12 92
78 97
26 83
77 76
88 11
13 82
49 42
28 35
45 43
80 83
37 6
68 16
90 76
13 76
80 59
99 18
7 18
28 50
36 54
5 15
61 37
75 60
30 2
1 81
57 94
73 36
38 97
22 84
69 34
57 24
98 52
92 7
96 88
23 34
3 10
41 31
75 55
99 60
98 16
49 33
72 75
73 99
88 66
57 20
34 69
65 83
82 48
41 80
9 13
8 75
50 6
41 41
27 7
44 63
10 56
80 60
60 72
8 94
43 31
47 98
55 21
52 29
12 77
59 32

100 70
42 100
26 84
88 8
28 17
59 67
84 26
20 78
71 68
23 97
64 67
98 52
4 48
95 46
51 12
2 80
57 30
15 90
13 100
59 11
55 23
43 21
5 51
82 61
21 16
16 10
83 9
36 17
33 64
30 71
34 14
32 89
8 29
77 2
14 88
52 82
4 11
50 86
58 10
87 10
37 54
4 13
42 45
73 35
35 2
77 81
30 55
90 68
15 28
64 75
25 58
99 54
67 19
90 87
96 12
86 54
58 27
58 45
67 52
28 1
66 45
10 45
27 45
67 48
32 53
80 2
57 32
76 32
13 42
46 54
65 93

100 70
42 99
97 32
35 100
91 35
34 62
78 69
54 37
83 13
39 91
51 94
33 13
69 21
6 77
9 20
23 17
9 24
72 51
14 74
50 8
72 68
56 50
88 44
63 57
56 88
23 72
37 93
2 82
11 9
3 62
28 62
68 46
15 60
79 32
22 81
41 98
90 4
92 74
84 16
79 58
60 65
30 90
63 78
19 100
99 75
49 70
94 34
26 6
29 56
67 51
28 63
63 70
2 22
13 42
33 97
88 61
49 60
41 23
56 45
50 44
91 70
22 31
35 80
9 59
50 13
11 89
49 40
60 4
13 46
53 51
35 72

100 70
92 29
50 74
15 94
28 41
86 80
1 9
45 90
85 7
31 55
36 9
85 56
10 28
9 22
28 46
13 97
21 52
61 23
28 42
60 75
13 34
24 8
51 63
81 64
64 73
87 7
34 4
80 41
37 41
77 18
83 98
68 38
73 44
38 16
58 35
34 55
98 79
79 67
49 26
8 76
60 7
77 44
32 98
38 84
94 100
47 13
6 20
27 38
1 39
14 9
85 16
95 66
44 84
27 44
83 27
97 73
19 46
52 87
83 54
80 51
10 2
94 46
48 4
86 97
28 61
22 48
28 73
37 32
58 54
33 11
4 17

100 70
85 48
34 28
13 16
50 98
60 48
57 58
89 66
90 17
9 100
63 8
68 50
79 44
21 79
24 78
28 88
71 76
99 77
31 13
6 81
18 48
91 9
90 64
40 82
71 58
100 1
86 96
76 2
39 32
33 30
20 36
78 37
100 8
98 100
32 76
37 76
42 1
66 10
33 62
60 23
78 8
10 83
63 73
76 66
56 3
68 100
80 59
59 53
23 29
52 95
25 24
2 61
98 10
52 13
69 75
75 33
35 27
54 14
37 92
35 52
76 16
89 49
51 10
63 10
23 88
95 77
32 13
83 85
44 30
57 12
99 15

100 70
64 15
83 2
78 26
66 61
63 72
81 32
16 74
48 46
44 65
81 23
5 54
94 11
25 44
10 83
18 37
95 60
36 72
85 16
91 99
51 46
32 59
5 82
38 100
36 44
44 60
56 82
95 21
6 98
74 93
95 51
79 56
43 10
1 58
97 51
68 95
72 25
7 88
28 95
12 88
63 38
24 43
53 99
22 88
81 36
98 50
81 33
71 41
9 39
62 35
96 23
70 57
70 85
19 71
81 74
99 82
92 9
20 61
1 72
18 55
29 4
35 7
88 90
29 32
80 82
84 24
37 87
39 88
64 13
54 46
21 16

100 70
1 41
69 52
100 38
8 82
90 12
40 53
49 14
73 49
78 71
59 96
5 26
92 72
81 72
82 36
10 69
83 65
11 2
54 92
87 32
18 26
44 99
12 15
19 75
16 69
33 82
58 6
17 49
83 58
22 68
22 66
83 74
2 19
54 79
51 43
46 17
28 32
55 28
16 68
81 37
18 62
93 98
15 59
27 17
62 45
62 27
44 40
98 41
42 1
90 96
43 19
40 58
30 31
4 46
89 97
2 80
69 34
2 62
11 2
86 13
70 19
34 59
4 89
81 59
33 54
49 60
96 81
66 48
97 64
96 13
38 18

100 70
86 57
77 51
66 32
89 47
64 100
18 81
72 33
13 32
20 32
96 95
3 84
37 87
78 83
31 71
5 90
91 5
18 56
49 59
76 49
82 13
87 27
19 63
35 32
25 13
85 81
10 11
88 60
39 5
62 40
47 77
57 74
39 90
59 15
71 77
84 3
38 93
80 92
30 37
29 37
38 81
28 93
88 16
18 66
23 8
37 89
18 71
32 43
25 97
29 42
90 52
86 53
56 49
90 31
76 16
65 94
32 63
17 20
39 62
86 7
94 57
86 87
72 96
9 77
86 61
58 94
98 90
79 7
28 64
64 53
100 63

100 70
42 18
32 59
32 83
84 2
5 71
2 4
23 77
80 65
96 49
5 60
47 47
14 2
100 12
97 75
38 70
94 41
14 71
46 61
79 32
72 53
82 35
10 15
61 36
28 49
70 86
60 49
20 30
69 2
95 83
39 29
74 34
18 23
67 79
2 44
77 32
100 96
9 83
19 34
82 73
27 51
1 38
45 70
22 56
54 67
58 98
13 77
51 95
53 96
90 6
65 26
60 42
5 97
80 11
48 22
89 78
32 97
6 14
44 53
29 52
24 14
91 83
88 21
10 66
56 43
5 30
83 38
39 87
72 99
58 69
82 67

100 70
54 24
36 51
19 75
43 30
1 69
93 86
76 79
37 10
24 72
14 4
91 27
54 49
73 64
32 49
86 29
49 47
72 55
50 49
24 18
36 78
48 24
93 50
94 15
88 52
3 29
97 85
42 97
86 16
36 52
51 11
32 97
24 38
39 27
4 63
70 15
37 61
16 28
68 9
20 98
80 76
54 87
1 89
22 38
89 65
31 22
60 7
83 7
27 65
78 18
5 74
12 67
26 27
22 38
37 77
70 96
80 77
99 66
52 4
53 96
7 18
7 8
42 23
24 80
60 38
1 15
18 74
5 89
58 49
18 7
6 41

100 70
25 19
76 2
88 48
24 17
23 74
91 22
71 38
16 44
45 22
82 67
25 40
9 60
15 32
75 96
39 74
82 42
45 52
91 80
45 43
68 55
84 4
28 1
3 88
93 23
3 72
75 96
100 91
57 6
42 56
99 49
1 28
76 71
64 77
8 78
94 68
16 8
99 35
13 54
42 100
2 13
71 47
55 64
18 99
22 84
65 61
3 17
72 17
100 77
48 82
15 1
11 5
3 62
92 33
90 76
52 35
34 50
8 16
65 97
53 73
7 98
99 15
51 16
86 5
10 8
80 97
94 93
59 40
46 87
94 98
25 3

100 70
80 77
66 22
20 71
2 29
45 92
11 3
59 62
88 91
38 59
38 64
100 68
70 74
37 64
8 82
16 74
18 31
7 88
91 17
95 11
97 88
91 15
14 1
69 94
25 36
26 15
5 79
72 100
14 74
41 24
42 87
18 41
49 1
76 59
49 27
3 20
18 69
3 6
99 60
10 14
57 50
57 29
1 90
100 12
23 74
32 78
74 38
58 84
36 31
55 71
28 15
98 10
15 56
21 84
39 3
29 29
73 84
91 48
54 10
12 12
24 43
24 33
39 46
96 85
46 21
92 12
58 56
66 50
34 90
15 5
5 37

100 70
47 20
35 61
60 99
63 74
49 30
56 94
83 49
8 36
96 48
72 22
82 23
78 61
27 68
96 39
36 16
7 92
64 65
47 35
37 41
6 38
12 62
16 97
16 9
47 66
98 52
18 78
27 39
90 83
91 71
98 46
100 85
22 29
39 18
3 41
39 71
75 45
89 74
57 33
64 65
32 70
13 95
93 47
80 64
24 60
29 74
7 8
64 62
2 23
92 38
98 100
72 16
42 82
71 37
76 22
92 36
9 28
49 84
52 75
7 43
35 21
82 75
36 18
64 18
99 8
26 39
75 8
72 26
60 22
71 49
18 53

100 70
54 73
6 12
64 11
35 43
3 15
37 63
89 18
23 85
48 88
1 27
90 86
32 48
27 64
65 74
34 37
71 35
42 100
5 22
34 95
77 44
18 55
78 58
48 72
54 60
29 56
67 85
56 42
66 42
29 53
87 12
38 80
59 44
77 64
55 50
59 32
12 41
77 95
84 97
84 85
69 39
38 30
15 54
100 91
48 43
23 95
94 20
47 40
91 10
38 90
90 100
85 75
31 77
27 79
27 92
86 71
25 62
62 61
10 50
11 17
69 31
36 37
99 49
47 95
28 67
31 66
48 56
9 9
65 23
48 94
16 46

100 70
80 6
75 81
67 57
99 63
6 98
5 6
32 15
53 97
82 46
61 57
3 97
99 2
52 73
27 49
51 57
8 28
59 73
58 8
12 8
37 8
78 96
47 98
96 78
73 64
98 87
56 31
31 2
12 46
21 52
52 1
14 92
98 48
92 61
53 64
82 34
12 5
1 35
77 18
3 11
32 75
29 27
41 23
59 4
3 72
91 98
27 20
69 53
84 50
60 92
48 63
99 69
48 78
36 92
47 92
95 19
24 39
94 73
40 80
95 41
32 28
56 88
95 93
54 3
8 33
79 86
24 63
91 85
69 30
48 57
6 14

100 70
52 95
36 49
28 59
94 59
100 81
72 19
38 44
86 80
72 17
51 88
19 43
69 55
78 12
39 33
52 54
20 88
54 46
2 57
68 57
41 98
68 90
23 45
8 61
91 50
7 30
92 93
56 9
44 79
89 89
58 12
74 38
38 82
35 33
57 56
86 81
36 26
8 65
34 40
2 12
13 30
55 97
10 4
4 8
50 44
93 4
57 7
79 49
59 63
63 43
64 2
63 84
33 3
33 17
73 17
48 39
64 81
99 35
79 94
68 95
16 10
85 34
49 19
18 97
86 49
38 73
53 99
3 24
97 54
87 60
68 92

100 70
14 79
87 17
59 80
4 79
94 7
77 35
31 1
44 54
21 68
19 50
32 23
26 15
89 84
99 67
22 2
86 54
24 40
18 70
28 39
75 41
78 26
78 46
30 45
84 62
19 90
63 46
23 80
48 39
35 59
11 60
72 39
91 82
58 30
59 35
27 12
74 14
83 6
46 27
84 51
21 77
25 10
13 17
7 22
91 31
10 29
88 42
36 27
59 30
85 18
24 32
24 29
96 27
71 17
87 69
87 97
14 65
51 70
78 64
8 8
40 61
98 87
35 79
82 28
23 28
94 7
32 25
97 21
49 54
68 36
44 74

100 70
62 25
96 89
13 64
32 6
14 67
66 7
43 88
92 42
84 84
48 59
40 6
3 40
87 45
71 26
18 33
55 74
71 64
66 26
45 2
83 58
13 51
33 7
21 69
44 6
35 86
85 47
48 13
63 41
61 23
93 23
77 52
28 94
7 17
98 38
46 85
68 25
18 95
26 13
67 34
63 41
52 34
52 96
19 69
26 12
60 51
3 94
41 68
68 92
56 45
50 71
98 87
44 69
18 95
94 3
90 69
47 41
12 48
62 92
64 70
81 58
13 54
27 72
25 56
20 15
47 29
12 63
23 59
64 36
100 90
75 20

100 70
5 28
24 36
81 53
27 33
23 28
63 58
29 66
11 31
5 7
37 87
96 1
99 1
33 51
52 56
93 87
61 58
85 33
23 33
88 97
55 27
78 14
98 42
91 86
40 95
6 98
100 7
10 36
62 97
93 52
57 73
87 4
93 93
34 47
39 68
32 15
28 84
58 92
90 79
9 35
17 77
55 90
56 1
4 26
70 74
65 98
90 100
36 96
16 90
24 14
20 4
24 15
63 9
36 49
73 9
90 20
66 25
67 63
17 13
62 8
7 76
26 45
66 6
8 38
55 8
44 79
63 52
10 63
28 10
51 22
2 68

100 70
97 85
40 57
2 78
73 53
44 79
54 50
55 90
18 19
65 83
73 25
27 13
18 58
22 58
92 41
85 35
77 97
39 89
70 95
100 26
58 76
98 52
28 69
1 9
5 3
51 51
88 28
14 30
50 28
96 23
93 22
22 47
56 95
13 20
16 85
27 42
50 30
96 33
37 25
25 43
83 62
63 86
91 100
67 49
50 90
57 14
98 78
21 29
22 7
37 50
70 62
89 9
7 1
84 59
97 10
55 95
99 73
84 35
45 16
49 6
83 82
100 96
11 42
3 49
51 12
1 43
58 64
37 3
44 54
27 12
90 7

100 70
75 20
69 99
10 53
65 67
87 13
54 8
75 22
74 85
41 64
43 35
63 90
39 54
36 48
32 4
70 79
37 70
45 96
20 68
97 21
66 20
24 39
43 10
80 48
9 59
32 81
97 71
15 40
83 31
18 56
54 34
97 24
2 28
21 83
61 82
57 39
25 100
14 31
52 14
36 83
9 5
89 32
25 22
58 47
45 28
98 13
34 81
90 15
7 98
65 35
16 63
61 82
100 40
91 89
26 62
12 64
67 85
100 98
96 26
93 17
10 41
65 36
81 23
19 80
83 23
53 76
16 83
20 81
70 84
72 98
40 4

100 70
18 34
68 89
74 84
88 1
3 52
83 34
22 46
29 89
68 67
26 72
99 86
2 60
83 57
8 5
9 23
79 74
3 8
4 39
70 25
78 22
36 23
89 23
74 77
83 3
59 37
73 40
39 92
91 56
74 87
91 31
81 100
93 22
58 57
54 21
8 46
93 22
17 4
72 23
57 21
95 93
62 43
57 84
85 90
19 85
35 6
23 8
81 91
4 69
97 92
12 91
36 48
93 74
32 99
96 4
56 9
95 47
77 57
40 5
89 74
71 16
2 10
33 52
88 56
11 38
68 63
97 2
8 90
43 87
61 68
24 10

100 70
27 70
34 47
92 82
85 80
42 98
51 7
78 12
9 90
54 24
20 97
68 10
67 58
17 95
6 61
11 42
41 93
12 6
63 12
9 70
11 74
59 15
48 68
80 54
37 90
45 58
91 62
26 90
34 9
60 76
22 81
41 6
9 10
80 88
49 69
6 7
21 5
12 18
99 5
50 36
52 87
33 90
86 21
27 57
54 33
48 9
74 97
36 21
83 94
94 84
87 43
62 31
91 17
9 42
68 5
45 13
52 12
69 6
21 76
39 9
83 24
33 53
91 83
29 39
28 10
52 8
89 51
31 56
1 99
38 10
52 12

100 70
61 26
30 92
32 26
40 49
74 94
3 15
85 23
32 97
55 51
54 28
49 79
14 84
28 33
17 32
26 30
79 14
18 44
1 22
24 82
35 14
88 70
46 59
35 83
85 31
75 45
28 49
68 16
81 89
71 40
1 65
4 5
9 97
68 4
23 6
73 7
96 31
4 94
26 87
74 31
42 84
54 78
12 13
98 79
85 60
33 76
89 56
10 17
100 16
88 53
33 24
17 69
77 18
29 83
57 24
24 27
85 6
21 40
8 92
3 26
30 3
22 29
31 72
2 72
76 54
11 92
60 58
82 7
14 38
74 85
52 31

100 70
97 30
68 58
32 17
20 70
65 11
49 22
60 21
44 53
26 71
83 51
46 19
66 64
41 72
34 79
47 60
96 16
70 69
99 83
3 99
97 14
92 83
82 91
10 22
62 45
63 44
21 68
28 97
6 100
66 21
22 24
60 34
4 67
87 71
9 47
50 86
50 12
87 92
50 26
98 6
61 41
44 14
14 16
62 90
32 26
96 47
74 86
58 93
39 14
50 87
80 18
71 76
14 33
51 78
81 63
28 38
81 34
11 29
14 63
29 87
96 33
79 79
7 88
44 49
80 80
92 4
98 18
7 91
22 30
21 35
36 55

100 70
4 35
67 83
78 16
69 91
22 23
74 91
61 52
4 14
66 67
47 46
88 62
31 8
43 80
17 25
7 82
63 26
19 98
79 44
41 40
51 33
54 30
65 22
1 50
75 85
54 91
90 43
5 53
65 30
3 41
30 87
33 5
13 51
16 83
14 4
78 62
26 68
66 65
77 29
90 84
84 100
31 8
43 38
42 39
62 52
98 72
24 71
60 98
87 4
32 94
72 67
76 20
60 8
62 35
18 84
68 29
90 70
44 69
54 29
90 85
39 14
97 41
2 78
66 15
65 59
68 25
59 24
41 29
73 5
10 6
3 83

100 70
71 39
63 7
11 52
29 39
11 86
29 88
62 31
34 16
26 61
17 14
61 59
74 62
93 50
91 66
49 12
35 4
3 44
88 4
56 47
94 86
11 69
31 55
59 9
22 28
48 87
52 45
22 85
17 42
59 33
19 89
63 87
95 93
57 90
79 58
4 82
87 23
20 48
85 77
83 64
67 17
29 44
19 31
69 96
39 3
76 19
68 33
58 50
26 24
59 95
81 20
39 54
74 39
57 32
20 76
54 18
38 95
53 89
77 79
2 1
29 71
66 41
4 74
41 56
6 98
55 86
98 40
79 72
76 50
45 15
76 18

100 70
66 96
36 54
21 89
30 74
40 62
75 32
85 44
70 42
45 32
28 34
86 92
100 96
64 3
43 26
97 76
49 7
28 2
26 86
40 14
80 97
42 76
67 39
78 92
76 88
8 14
70 33
12 24
81 52
24 19
37 1
66 72
25 7
36 58
99 27
97 73
61 69
59 25
8 65
70 90
25 43
87 7
4 76
72 51
85 15
34 94
42 17
88 94
1 96
89 90
8 69
55 40
5 83
18 78
86 100
5 72
76 22
46 26
25 55
100 86
94 91
45 34
1 28
29 60
28 77
6 25
73 44
69 48
30 57
47 70
31 56

100 70
30 22
63 49
81 92
69 78
69 48
23 50
54 92
58 30
54 66
63 78
38 87
27 15
85 95
9 63
17 82
92 30
86 100
21 88
27 27
63 22
73 20
73 33
22 26
40 62
57 26
71 92
68 18
65 21
57 26
35 11
58 14
37 71
10 28
67 46
51 87
56 99
14 24
61 67
25 3
21 70
73 2
32 3
32 17
65 23
53 86
60 4
97 10
69 87
94 54
46 76
92 22
52 1
63 98
90 8
23 39
49 17
29 29
69 9
11 92
61 2
86 28
35 43
25 84
42 11
3 78
15 18
56 9
69 28
73 59
85 20

100 70
17 61
62 59
98 63
31 22
87 68
89 51
58 74
32 7
70 19
9 51
87 33
52 23
92 77
12 55
37 64
84 58
19 39
90 90
91 1
10 97
89 5
91 40
11 84
45 50
82 28
41 91
65 59
59 68
32 53
9 33
65 35
46 85
18 25
34 38
6 88
28 69
67 21
14 97
21 35
51 58
17 61
27 57
100 94
86 25
4 30
74 73
59 46
89 80
81 32
88 11
36 64
42 7
46 50
18 8
21 17
5 4
52 4
1 6
33 93
95 36
59 52
67 71
22 20
8 18
56 53
51 45
71 15
99 59
53 22
10 23

100 70
70 70
6 63
87 98
8 60
24 21
63 6
77 92
14 54
20 65
51 3
58 54
71 50
33 86
73 46
75 63
48 67
65 63
53 39
23 3
73 45
98 35
71 60
73 97
68 73
77 5
48 74
52 57
61 47
28 8
19 76
67 57
50 93
37 32
50 68
100 97
44 81
60 55
40 14
97 50
68 32
7 55
19 92
2 57
94 8
17 62
50 89
61 45
24 91
84 40
88 92
45 1
93 60
26 22
14 79
53 2
21 18
93 34
22 31
21 10
37 52
6 26
73 81
67 96
58 62
55 5
66 98
51 71
9 72
26 55
67 61

100 70
37 39
75 30
21 62
95 77
18 78
22 68
56 33
19 87
58 89
98 80
34 77
8 53
94 40
64 59
99 89
86 71
93 91
69 60
74 69
85 80
61 82
22 32
33 32
70 91
19 41
19 21
66 48
24 71
6 70
82 37
97 79
59 66
79 70
1 93
73 62
21 83
59 36
8 5
55 48
70 10
33 8
10 47
89 25
36 40
95 11
15 55
41 77
86 19
59 40
92 80
84 88
55 86
27 72
31 6
35 50
65 96
32 3
70 18
36 79
23 38
21 21
23 47
54 78
99 39
37 8
49 26
95 86
54 85
98 81
35 1

100 70
75 83
5 24
54 60
25 54
12 95
63 55
46 91
11 15
3 22
18 18
66 60
7 54
37 78
73 62
72 40
90 75
1 6
35 18
76 48
18 27
9 92
40 89
85 51
39 95
76 78
45 17
71 14
81 93
78 88
67 82
17 92
26 94
24 7
47 62
23 88
36 29
66 8
22 73
8 31
85 33
25 1
34 47
12 58
48 17
98 97
5 18
75 37
94 60
74 84
70 48
58 38
99 78
7 27
43 75
58 71
83 42
76 14
12 71
18 89
20 9
87 82
80 80
67 88
26 30
30 92
69 34
13 18
57 29
37 98
83 81

100 70
36 85
38 31
65 98
93 61
59 23
25 36
99 76
8 10
20 99
57 45
7 34
71 33
15 8
100 6
75 55
99 55
64 23
72 69
81 66
74 55
55 36
13 34
44 91
14 45
19 26
17 93
89 98
76 12
36 64
84 14
55 14
73 36
73 37
89 11
38 47
88 3
5 66
73 14
23 54
51 79
67 20
27 14
99 21
7 94
53 15
29 30
22 37
72 79
82 45
11 20
85 36
16 4
48 83
82 48
70 5
67 82
41 59
14 21
41 68
82 41
62 23
56 43
16 78
66 100
53 71
14 22
13 24
16 36
98 77
28 82

100 70
96 41
91 19
22 89
96 31
12 100
2 41
46 27
100 68
89 21
23 48
72 15
57 2
49 28
30 9
65 44
43 10
39 3
79 5
42 8
56 34
9 47
51 62
25 27
48 47
19 16
29 95
12 41
46 27
8 60
29 94
48 59
32 29
49 20
72 12
2 60
61 7
6 75
55 5
47 72
68 59
56 64
44 45
99 54
8 83
7 20
17 74
78 98
85 66
1 33
47 93
47 62
3 20
46 74
81 30
67 90
52 88
65 91
80 46
57 16
22 79
52 63
77 1
71 47
78 66
32 55
28 40
80 45
14 16
52 75
86 20

100 70
73 66
61 85
61 39
56 36
16 72
50 13
84 97
88 51
15 73
40 86
41 56
1 32
2 45
78 62
75 99
19 32
29 10
82 44
37 43
4 15
76 59
63 14
65 99
60 82
89 97
8 17
9 52
22 71
19 94
63 31
73 71
95 39
73 21
82 48
79 32
85 78
5 25
9 31
13 36
100 84
47 40
61 86
96 67
8 20
65 39
13 12
92 6
61 63
27 3
24 65
77 46
55 74
35 67
23 31
68 30
36 73
72 5
23 40
69 23
40 40
14 57
90 48
73 43
84 83
11 35
18 96
37 2
73 46
8 14
81 37

100 70
38 51
98 52
12 70
32 59
49 89
61 14
12 19
91 20
82 63
4 36
66 80
50 50
94 52
46 44
19 55
70 97
92 5
41 77
29 38
19 83
56 38
87 83
86 89
17 17
25 97
60 94
74 86
10 31
42 99
9 51
70 79
94 66
85 53
43 14
10 60
62 69
85 9
27 81
2 73
47 56
84 84
35 64
55 35
92 80
79 60
36 50
33 41
14 35
1 91
45 66
17 26
60 10
79 53
87 46
38 45
50 7
36 63
50 87
44 15
7 31
29 3
97 10
40 72
31 51
97 58
15 22
70 2
51 87
78 23
96 49

100 70
7 82
84 45
30 33
19 57
55 55
32 56
76 29
56 12
100 41
81 99
9 48
12 22
45 26
7 34
94 66
16 99
99 2
19 18
4 16
37 26
48 21
39 71
88 48
16 98
39 98
14 96
43 28
34 24
21 81
63 13
66 45
42 49
11 59
64 45
97 52
39 69
92 54
86 62
45 3
3 95
45 18
39 5
71 65
88 41
23 22
6 36
98 78
41 20
49 68
94 44
28 59
86 51
75 62
9 36
90 42
34 73
34 35
58 77
61 55
12 31
39 47
1 45
88 7
92 61
52 43
92 49
22 64
63 16
13 43
7 79

100 70
18 12
84 87
84 47
32 55
11 62
65 86
50 19
35 80
39 98
17 69
65 83
20 71
58 51
35 73
10 65
47 33
74 93
37 37
21 36
53 87
57 47
82 69
71 37
18 95
39 13
46 39
94 84
18 35
65 35
71 89
12 79
14 7
46 1
19 30
82 97
69 32
70 47
99 84
55 12
36 97
22 2
28 40
45 53
21 7
26 96
62 42
70 56
24 31
50 83
27 84
63 45
53 75
50 43
4 56
75 24
10 61
89 25
54 54
77 34
75 18
68 44
69 73
52 27
20 58
29 77
36 9
96 50
5 55
61 72
42 68

100 70
28 77
37 18
68 10
20 38
81 76
56 54
56 95
84 50
99 74
67 53
23 20
100 48
99 24
82 5
17 12
85 30
8 67
90 35
42 31
35 43
10 67
77 93
58 77
41 22
90 28
52 7
84 4
13 13
58 96
79 78
23 90
70 28
77 46
49 71
2 26
63 1
55 34
8 71
98 81
85 85
64 99
92 34
52 72
81 6
91 62
28 67
89 35
69 41
94 5
95 73
49 15
38 45
92 100
46 27
87 24
60 11
22 82
35 64
54 66
68 24
33 49
79 87
93 5
70 21
37 96
37 30
97 23
26 38
71 96
28 2

100 70
20 13
47 13
22 32
50 8
50 12
39 74
62 29
51 1
99 68
37 17
11 66
97 4
83 35
78 4
67 50
10 48
19 14
10 68
68 47
50 84
14 59
57 90
61 92
99 35
35 99
55 82
62 35
78 85
85 47
86 3
39 48
16 75
58 54
46 66
71 92
57 57
98 60
88 50
59 30
73 31
87 64
76 10
49 90
54 31
11 12
3 100
53 2
30 8
58 94
80 42
8 56
83 59
21 26
70 51
50 50
21 1
69 11
46 63
8 2
37 32
18 100
77 29
8 6
30 6
98 81
97 25
22 25
83 85
11 64
99 25

100 70
32 60
24 86
31 35
40 52
95 74
33 84
15 61
78 77
9 92
11 14
50 3
77 93
20 6
13 35
81 65
8 23
66 20
22 33
97 93
52 60
12 80
43 51
48 90
27 32
98 11
27 92
91 17
23 82
85 82
66 59
59 43
50 81
3 37
25 80
51 64
51 95
8 90
5 13
28 53
11 19
92 87
30 13
36 10
26 93
100 94
24 63
26 30
94 63
81 2
89 46
13 91
95 14
36 30
20 26
52 41
57 46
18 15
75 76
51 1
43 24
11 63
54 66
94 9
25 18
93 88
90 2
98 57
83 90
92 90
91 8

100 70
38 96
30 16
50 88
15 100
84 61
89 46
64 67
43 70
56 66
22 76
8 56
53 16
96 68
61 46
93 68
27 44
81 79
71 51
71 79
85 16
48 2
51 70
59 67
13 50
69 85
21 54
36 40
51 75
6 6
50 95
34 6
6 40
11 93
2 63
63 57
23 41
33 46
12 85
30 97
72 56
11 67
39 9
6 72
92 100
80 52
70 31
13 39
71 43
76 76
36 12
34 10
39 97
1 71
68 48
70 9
90 91
89 43
60 4
100 91
22 96
18 70
62 86
82 13
61 32
86 52
1 53
5 78
63 88
74 22
50 3

100 70
1 80
2 40
19 99
80 41
82 49
42 22
29 51
27 72
84 31
76 16
50 47
20 93
50 34
45 91
94 35
14 10
25 7
36 29
99 29
4 9
80 67
38 90
96 33
45 59
82 75
65 70
90 48
31 79
54 54
63 8
70 38
72 30
59 76
39 27
21 86
78 46
82 94
57 60
37 21
34 55
47 74
72 18
7 30
33 20
77 96
2 64
45 25
40 6
7 20
2 43
33 9
31 25
58 64
68 85
27 10
54 23
43 90
94 34
53 53
35 30
43 40
58 16
6 50
100 61
58 27
32 67
3 99
37 61
46 12
37 59

100 70
82 18
66 18
15 68
100 5
19 21
15 9
87 36
72 45
62 36
30 79
47 76
56 32
90 52
80 99
42 99
80 70
93 21
70 10
9 30
1 23
48 73
82 84
35 46
74 41
27 15
98 91
27 7
84 45
92 42
6 89
90 99
61 34
65 98
98 71
72 20
55 42
69 40
96 90
41 32
25 20
65 93
20 74
61 54
3 44
30 71
66 6
93 45
7 18
93 66
17 53
77 96
48 88
99 64
37 78
22 32
97 49
33 64
61 93
42 64
70 9
33 83
16 10
66 75
15 14
13 76
46 92
79 73
95 100
48 58
57 63

100 70
61 83
50 29
43 23
100 91
62 97
92 98
89 40
59 82
25 90
13 72
3 17
4 80
45 44
48 75
93 80
42 57
82 53
13 7
62 19
70 2
48 58
35 12
52 19
53 44
14 69
47 68
88 100
75 59
4 4
83 97
88 7
62 97
78 32
16 92
77 26
89 41
88 80
52 47
40 86
78 46
72 9
95 88
91 53
21 77
85 7
97 77
32 84
70 99
20 11
98 6
14 83
57 42
51 58
21 9
24 6
25 71
47 12
76 80
30 30
67 27
38 82
100 80
30 65
30 74
51 81
65 82
14 26
32 46
22 49
30 82

100 70
36 92
44 79
70 15
32 36
8 25
43 35
66 94
93 61
57 28
85 43
99 97
90 93
69 58
71 82
68 45
16 100
71 19
29 98
37 10
58 67
61 30
65 14
91 75
60 28
90 13
82 92
1 89
92 21
30 41
31 19
16 74
9 1
88 23
36 86
79 59
1 66
2 21
56 83
66 2
77 71
33 28
30 60
46 20
67 63
18 48
70 58
73 66
67 24
57 21
43 46
88 86
5 12
43 27
97 29
28 99
81 66
95 88
9 72
52 68
38 90
63 92
42 7
39 16
39 37
9 3
36 40
29 80
11 88
15 99
9 30

100 70
88 28
93 36
56 91
69 81
42 9
92 87
19 11
22 32
57 48
26 41
1 7
93 54
36 29
31 67
79 5
34 66
61 65
69 34
32 68
79 91
18 21
47 81
35 4
34 71
63 36
42 9
2 6
32 48
28 59
26 25
93 51
41 39
78 98
75 31
96 51
81 87
53 23
7 99
7 98
29 84
72 28
60 95
15 24
48 32
97 45
69 41
91 95
19 35
47 84
37 27
55 21
4 39
72 36
27 1
85 24
20 92
65 80
28 30
77 4
78 5
53 37
62 53
30 7
27 74
86 61
77 1
53 3
68 67
75 23
77 35

100 70
96 71
55 8
56 21
6 81
95 33
15 61
34 10
37 17
36 62
17 23
80 48
98 87
90 22
95 3
74 56
92 52
90 55
4 3
18 55
31 79
28 50
75 50
79 52
3 70
80 58
92 72
61 89
58 60
40 62
77 42
68 3
16 82
45 67
88 41
56 56
81 62
25 71
66 4
70 52
11 67
67 10
8 48
57 64
83 83
5 15
12 16
27 85
13 61
79 81
46 55
2 10
48 67
6 14
63 9
76 29
30 40
32 17
1 14
22 53
80 30
43 22
11 66
73 92
83 93
41 26
81 52
39 10
5 17
27 100
12 59

100 70
29 71
38 21
65 57
56 64
1 7
26 42
51 73
61 98
67 33
78 73
98 24
11 50
67 91
60 34
90 53
12 25
88 53
93 17
48 47
95 95
41 5
8 30
49 85
31 87
46 29
52 40
19 62
35 75
95 36
3 99
54 20
80 46
87 37
31 18
72 66
54 41
94 32
48 68
21 46
44 22
54 6
37 70
3 79
34 89
6 49
29 4
60 92
82 50
41 57
5 97
63 77
75 76
91 62
34 59
96 44
66 2
33 77
11 37
52 14
90 87
3 13
39 38
36 57
47 10
38 41
34 78
55 48
28 82
94 4
5 89

100 70
17 27
77 41
58 10
20 61
5 95
51 7
8 56
48 61
10 90
19 88
5 47
61 74
76 1
70 90
13 95
5 96
48 40
85 20
54 2
80 79
34 13
43 96
65 79
32 44
8 63
23 32
32 75
65 24
95 16
1 20
60 95
75 89
55 31
98 39
16 74
97 98
56 2
100 25
68 58
57 54
51 70
14 91
21 17
2 46
55 56
1 78
81 87
96 33
71 61
54 97
7 91
73 49
78 81
21 25
26 42
50 22
94 77
72 76
22 18
22 87
27 77
73 64
37 100
99 95
65 64
85 17
64 31
96 72
86 56
25 18

0