100
100 60
32 19
4 63
50 60
59 56
38 5
95 97
8 76
10 100
94 32
8 2
12 11
48 61
66 19
16 25
63 72
4 57
35 52
66 41
89 14
94 65
95 76
41 62
39 70
91 44
24 42
39 75
33 52
87 60
3 96
42 96
99 11
11 87
30 76
82 72
94 97
52 29
76 68
94 96
36 28
53 68
99 58
16 13
77 42
85 48
38 84
31 29
62 93
33 50
75 22
18 18
84 94
56 11
47 32
31 7
99 24
51 58
36 56
60 10
51 64
17 11

100 60
60 99
44 81
7 19
80 85
63 60
36 5
92 38
48 7
50 74
35 29
66 70
60 69
70 95
83 57
91 30
38 84
4 91
54 51
99 31
12 82
89 20
29 26
69 68
92 88
40 79
89 30
22 61
73 48
35 85
60 26
50 11
68 82
50 100
78 41
48 61
2 61
37 72
94 60
4 44
25 60
54 37
92 85
78 67
74 89
81 58
33 57
95 93
36 16
27 60
26 1
71 14
31 36
75 18
1 100
75 64
24 21
64 30
57 69
5 90
29 74

100 60
74 3
25 14
57 44
7 9
58 55
4 87
86 30
59 72
78 42
80 21
56 63
53 4
55 84
50 79
26 44
54 38
62 5
6 43
80 90
67 22
61 27
61 85
83 42
79 20
81 4
8 2
54 69
5 43
97 57
25 16
21 49
80 94
61 12
59 98
92 11
6 96
86 68
87 36
19 65
31 25
60 9
19 76
56 18
37 65
17 86
79 55
32 85
90 17
27 63
13 94
43 72
33 44
56 84
20 32
22 93
10 2
41 82
1 60
40 94
93 66

100 60
27 37
50 58
81 12
46 48
10 18
57 22
20 79
21 64
57 2
17 53
83 34
85 98
67 50
32 6
18 15
7 16
29 18
1 98
22 2
30 52
5 41
17 79
27 72
84 49
25 28
28 27
6 10
66 39
80 97
53 90
27 13
100 36
23 5
32 17
100 92
45 42
82 13
25 83
9 45
16 53
29 79
68 1
71 87
88 98
17 66
46 31
72 90
69 61
61 77
97 65
70 62
45 55
3 38
46 67
33 40
92 82
70 88
25 9
98 32
85 39

100 60
92 2
15 78
59 30
18 36
22 20
13 39
3 50
90 27
28 73
46 21
38 4
79 43
92 27
7 13
48 55
39 50
61 47
60 58
85 66
35 20
52 90
29 41
17 68
6 82
95 75
23 10
24 40
50 51
100 69
12 7
76 37
65 78
93 5
84 99
68 44
50 47
23 22
81 36
6 23
24 13
29 16
1 100
59 25
44 64
56 76
92 14
9 99
41 46
28 18
88 9
89 36
41 16
1 57
60 10
25 79
15 31
12 69
34 10
19 99
85 84

100 60
35 64
79 59
100 66
62 25
100 60
52 74
38 32
30 42
57 7
27 90
36 1
89 85
55 48
11 69
22 97
10 87
17 93
61 11
56 36
35 44
27 92
8 74
6 21
63 90
63 82
91 7
68 13
88 24
77 63
21 66
75 51
5 45
80 72
77 92
55 20
5 49
55 64
70 91
57 60
23 1
74 37
92 79
18 79
49 11
25 88
46 15
24 55
18 96
88 79
36 76
51 45
56 27
78 58
99 12
95 75
14 50
97 2
69 57
19 55
13 79

100 60
50 72
12 28
62 51
44 84
97 62
83 97
100 48
28 15
73 56
64 49
71 70
78 46
23 97
47 19
79 45
40 89
23 95
7 8
75 43
73 3
21 64
66 71
34 8
89 92
14 9
43 15
58 11
66 74
50 13
95 3
83 12
92 57
22 15
95 44
87 88
57 67
73 92
5 15
50 8
55 28
80 20
7 38
74 19
70 85
85 9
50 72
84 94
83 7
75 57
21 49
56 1
62 37
80 98
68 54
85 13
51 78
40 98
86 27
21 47
76 99

100 60
34 1
16 27
86 29
59 44
49 10
37 86
66 6
80 12
44 67
46 31
9 9
52 24
77 40
6 56
97 7
5 16
93 24
78 35
19 27
24 16
23 38
2 78
91 30
6 74
53 77
91 68
88 95
67 30
84 1
35 100
62 50
61 8
69 93
5 90
51 69
36 70
29 80
100 66
62 67
49 29
93 84
42 4
77 38
57 93
79 94
81 31
85 13
89 47
46 100
16 17
8 66
16 46
9 51
43 13
19 85
79 34
60 70
73 68
11 87
11 60

100 60
68 78
65 14
47 21
34 87
33 54
29 81
60 51
17 51
33 20
44 43
65 51
91 40
61 75
76 62
16 51
1 22
89 94
68 88
35 85
54 47
5 83
83 77
57 23
31 23
11 4
92 43
13 70
33 22
40 14
23 9
73 70
38 30
52 15
79 19
37 35
5 1
27 22
39 28
80 31
39 71
26 59
88 18
74 62
37 16
96 93
88 86
5 52
21 89
57 62
76 47
84 71
52 29
63 86
75 58
48 7
8 63
80 47
22 17
84 30
37 45

100 60
19 47
65 15
1 25
47 69
83 93
19 86
76 35
93 4
69 83
48 99
79 31
96 100
18 63
18 62
88 42
55 56
66 14
57 50
16 36
56 43
100 21
34 13
75 81
70 26
32 100
73 55
15 80
67 39
80 18
85 28
5 50
30 71
81 54
63 77
66 37
11 73
63 18
78 41
49 17
58 42
59 64
70 61
24 60
87 72
84 46
72 90
64 27
30 96
39 100
41 83
17 83
35 44
40 25
89 90
65 7
37 39
99 89
30 29
46 77
34 10

100 60
71 4
22 23
95 74
20 86
40 44
43 47
29 95
56 73
29 73
19 97
41 16
46 25
69 93
20 77
14 61
29 89
56 37
62 52
62 90
71 9
47 70
93 31
78 74
33 30
31 59
21 14
74 37
47 78
50 28
90 43
19 99
86 83
79 59
42 68
31 15
18 87
81 91
28 5
93 51
76 33
59 53
56 99
27 12
36 92
13 12
67 10
84 96
82 93
66 60
42 67
1 43
7 66
4 25
11 5
13 50
10 48
84 100
92 61
2 47
16 39

100 60
22 30
56 32
35 22
58 77
36 70
10 76
64 26
50 15
15 25
16 35
17 84
21 6
1 4
44 41
72 38
80 88
75 1
82 61
82 25
15 80
82 45
46 6
25 43
57 54
76 59
100 18
35 73
59 72
8 42
90 66
24 78
100 88
4 6
73 36
46 66
39 94
43 100
83 95
12 97
64 92
79 77
50 79
12 91
46 66
54 17
8 98
60 13
10 42
99 63
84 42
14 99
10 79
81 81
76 27
26 53
37 96
53 53
1 14
62 60
74 85

100 60
13 78
73 63
17 20
39 96
63 84
32 95
2 81
32 63
31 15
44 9
83 81
87 29
82 8
35 65
96 76
97 54
9 90
35 79
91 10
81 43
76 40
55 36
16 91
85 17
88 85
64 49
45 24
23 48
52 59
76 83
37 86
29 23
58 85
60 82
42 78
52 42
73 59
90 58
10 75
23 29
45 62
31 78
35 20
94 97
70 44
47 37
85 47
6 32
3 96
91 80
52 4
22 9
68 45
56 54
76 94
28 68
12 89
43 25
14 74
80 90

100 60
46 61
72 33
69 24
14 97
98 94
65 7
77 81
75 68
15 3
68 76
15 58
28 35
42 8
37 11
32 63
4 21
38 3
96 23
22 40
27 47
20 80
88 47
11 68
36 22
100 37
55 10
38 23
38 74
56 73
64 1
51 22
55 56
34 70
41 12
68 25
39 23
77 58
26 48
13 100
68 51
29 95
76 100
99 43
32 34
53 85
17 11
23 62
79 16
3 28
48 82
35 35
35 85
53 98
15 50
15 65
11 73
57 78
72 19
52 4
84 27

100 60
42 60
6 61
74 36
62 26
65 53
7 13
3 25
37 97
78 51
64 91
50 72
14 7
23 76
6 59
42 73
22 57
99 64
83 2
100 14
44 97
22 59
8 4
76 43
41 18
36 56
54 42
60 58
31 60
6 33
25 91
38 53
54 18
59 89
53 60
21 48
99 66
32 32
46 14
9 25
4 79
59 17
34 86
2 4
76 15
1 34
93 82
81 47
4 12
51 7
72 74
71 7
34 36
6 58
62 19
99 50
56 53
13 41
83 76
61 42
39 25

100 60
100 99
8 49
13 62
23 7
100 42
51 60
97 37
71 30
75 15
41 7
75 52
42 29
81 99
71 93
32 33
75 72
23 80
7 72
19 7
45 19
9 23
5 49
14 99
13 41
29 95
56 80
30 44
96 61
45 52
91 27
30 50
71 27
78 73
8 36
2 40
11 10
47 42
74 49
46 21
18 75
44 87
44 56
14 38
87 29
14 25
84 46
72 32
53 31
23 44
54 13
41 100
5 51
53 72
64 47
97 97
100 94
9 39
73 100
57 95
27 63

100 60
3 16
40 56
3 69
4 78
61 8
80 47
44 79
99 67
64 28
63 27
30 58
35 75
4 38
68 98
12 47
57 2
52 11
52 70
58 17
83 26
18 2
34 33
77 79
38 9
41 74
6 74
8 27
82 41
2 15
71 71
59 59
55 3
99 48
98 44
3 75
86 46
88 12
89 16
11 25
48 39
4 26
27 96
72 46
34 19
4 22
77 100
24 54
14 59
5 34
27 37
49 69
76 88
11 27
92 30
86 29
34 33
31 78
30 1
8 63
49 35

100 60
89 22
17 3
46 84
96 77
36 30
95 90
5 34
32 9
62 36
12 77
20 63
26 5
16 13
42 21
94 44
32 18
20 33
81 56
91 86
16 75
41 11
23 58
37 92
79 67
61 52
78 44
48 84
12 35
36 60
60 5
21 15
20 82
9 80
56 27
8 24
70 48
96 85
93 84
79 37
65 55
77 73
16 84
71 5
27 97
25 80
5 37
45 98
99 91
24 46
41 17
23 73
39 75
66 24
44 97
48 99
70 34
74 92
80 40
1 29
74 69

100 60
48 2
13 33
97 66
64 47
73 51
69 37
78 52
82 86
51 49
26 28
25 24
42 45
31 98
12 3
100 46
19 22
34 20
27 84
62 47
74 1
75 37
89 88
42 33
64 51
74 35
35 18
90 89
26 7
91 11
83 85
24 41
27 58
32 10
53 88
37 9
62 61
45 65
83 98
80 45
38 44
10 2
88 40
70 43
19 51
32 27
46 75
70 24
29 43
86 63
11 96
15 93
77 48
4 14
49 37
36 10
58 37
62 15
25 96
98 39
79 91

100 60
74 27
35 93
59 57
15 35
82 44
34 93
80 48
91 28
74 90
43 73
50 21
38 100
73 59
20 21
42 33
71 90
65 76
53 36
68 82
100 98
67 33
38 5
6 42
47 24
78 58
41 46
94 52
20 5
89 23
44 72
35 55
96 46
14 34
66 49
74 6
51 35
15 67
47 100
76 59
30 24
95 26
39 95
18 71
85 87
58 88
86 90
40 43
32 1
2 30
68 92
39 19
94 44
11 89
86 53
61 47
99 70
70 77
10 3
78 36
59 52

100 60
36 79
63 74
81 47
78 87
49 66
68 77
21 57
32 23
34 95
91 52
93 22
80 63
89 4
38 38
78 95
11 67
79 69
99 36
13 89
16 34
54 35
97 57
67 65
94 14
75 40
38 12
98 98
9 29
87 65
43 49
87 73
57 81
99 44
57 43
22 21
11 57
80 96
48 57
84 72
6 1
54 6
38 97
59 92
27 48
1 42
31 96
1 63
76 97
41 86
64 95
47 49
41 88
25 27
82 43
12 36
57 71
26 41
67 73
86 80
96 51

100 60
79 38
88 57
17 76
87 6
24 55
60 96
72 45
91 41
3 84
28 83
52 27
11 87
13 76
89 100
91 39
46 62
16 3
22 55
65 67
35 41
58 76
38 67
21 27
93 15
26 23
57 64
68 41
72 30
41 84
37 92
56 67
82 57
56 40
9 86
25 90
12 35
67 36
35 23
47 87
79 76
23 56
92 90
91 47
20 59
53 9
92 9
3 49
96 59
59 42
92 39
18 80
76 31
94 51
34 76
70 46
67 28
70 77
81 9
84 91
66 46

100 60
7 48
54 78
32 24
90 84
64 55
86 61
70 92
71 77
7 34
38 11
80 96
2 85
13 8
44 29
5 17
29 84
69 79
74 89
94 53
41 26
56 36
35 56
4 50
60 57
32 23
94 69
41 13
23 24
15 43
86 96
36 79
37 28
30 57
64 88
96 99
73 62
61 9
69 47
47 48
25 8
84 51
42 22
84 41
56 78
43 91
13 42
52 49
54 93
60 20
72 55
99 55
13 85
15 89
94 87
29 56
58 49
28 35
9 53
90 59
31 31

100 60
62 84
11 21
88 93
81 92
48 98
83 54
76 99
20 21
49 94
42 77
36 65
95 98
56 2
6 76
41 58
41 42
64 24
53 54
98 44
44 38
70 35
84 17
6 51
74 96
91 64
85 89
74 33
84 31
82 48
65 44
20 3
42 83
75 37
35 68
70 82
18 26
88 52
32 41
96 88
9 36
68 45
28 52
13 27
47 83
96 96
89 69
71 40
17 9
48 39
56 77
56 54
3 89
47 71
95 46
44 16
99 39
71 13
14 68
78 10
92 63

100 60
14 9
80 7
59 7
58 61
87 81
100 13
36 48
75 2
96 99
61 95
63 87
33 51
90 41
17 3
82 19
80 48
17 43
69 78
46 51
73 93
84 36
57 35
23 22
3 39
74 51
76 88
40 100
27 72
37 70
8 74
51 92
57 53
78 58
69 33
38 57
40 6
6 89
51 37
7 68
38 72
59 38
4 20
65 52
5 91
73 40
17 34
77 66
30 45
18 69
3 28
12 75
4 91
17 43
51 81
30 52
100 98
54 4
68 43
40 59
58 55

100 60
78 75
5 11
32 90
35 46
75 6
48 92
97 35
67 74
21 34
85 55
33 49
80 25
47 68
84 89
14 34
73 95
3 89
78 18
7 89
90 55
80 22
53 78
62 37
35 34
28 20
20 68
43 37
15 76
75 21
12 55
16 85
62 66
91 26
96 38
71 52
62 78
86 25
78 60
88 42
1 46
33 74
86 1
10 20
28 65
97 80
22 33
57 71
22 99
17 96
83 67
45 43
10 10
89 85
3 73
72 73
91 64
47 87
9 36
69 76
79 55

100 60
5 60
6 89
45 53
51 1
16 5
93 14
67 62
23 45
14 32
6 9
39 42
98 6
58 5
79 26
75 15
7 61
45 90
3 80
78 52
12 54
27 97
6 48
78 72
43 35
90 24
83 79
42 82
83 98
46 89
66 57
25 38
99 50
99 8
62 92
55 44
33 35
47 14
51 57
40 47
37 35
75 79
35 20
3 100
67 84
22 6
50 40
48 24
19 92
58 94
92 82
44 27
10 74
17 68
87 72
34 100
48 82
43 40
59 78
87 8
98 83

100 60
33 23
29 15
10 35
84 8
15 12
19 75
54 41
58 30
40 21
7 55
64 49
80 96
79 14
100 30
73 46
39 80
15 77
73 84
24 21
41 5
4 24
29 57
2 37
90 44
36 92
45 76
94 29
41 60
72 52
78 77
56 42
65 8
63 5
23 80
73 47
55 88
19 1
22 83
2 16
56 46
27 48
86 64
77 43
40 79
61 38
15 86
82 92
83 96
38 9
89 67
29 36
11 58
32 82
21 54
26 78
39 25
63 7
78 94
20 13
5 47

100 60
49 34
51 34
5 5
76 5
6 15
86 20
47 66
12 55
77 23
24 35
22 44
95 86
93 8
50 69
27 79
100 59
37 4
85 20
82 94
74 12
49 37
28 8
60 78
54 96
80 32
40 41
57 28
41 37
18 70
18 85
57 10
40 1
59 83
79 16
24 37
30 82
72 57
5 65
5 90
3 99
38 22
72 59
3 87
73 65
49 98
83 12
22 60
19 91
4 54
99 87
49 67
46 23
89 53
39 67
84 91
56 25
96 80
17 28
78 95
71 36

100 60
44 9
52 2
93 72
61 78
78 93
24 91
24 52
76 27
52 45
13 79
54 97
46 65
45 48
17 58
14 18
78 91
53 52
76 77
75 52
52 74
76 30
67 62
20 95
73 23
89 57
94 61
83 36
82 75
41 82
57 78
66 79
13 93
63 14
37 72
22 60
97 51
63 25
59 10
15 5
40 27
77 56
48 26
61 90
48 73
54 8
48 55
5 67
76 10
43 78
46 70
10 73
20 2
15 10
20 23
94 96
15 82
16 88
78 75
47 56
38 33

100 60
14 6
63 91
65 64
90 7
30 84
22 12
74 57
5 12
81 43
41 55
84 9
63 27
13 99
15 83
83 74
79 17
39 60
82 66
41 61
45 82
61 69
75 94
54 44
76 56
50 10
10 82
43 46
94 45
18 94
17 9
42 16
34 75
95 45
86 96
95 63
20 20
8 94
57 33
52 65
70 55
62 39
82 27
52 91
42 85
59 22
57 17
54 80
16 54
11 45
3 9
35 1
38 73
75 6
49 61
65 89
75 98
83 6
55 86
2 45
39 49

100 60
19 35
26 21
43 82
21 21
34 47
80 57
96 40
93 45
98 6
92 23
55 93
59 7
81 5
22 52
5 36
53 12
4 17
56 92
21 70
31 20
60 18
8 97
88 5
15 8
82 6
62 26
58 84
99 40
44 82
95 56
58 76
20 97
88 56
68 98
40 78
90 84
28 26
78 55
5 54
33 39
2 9
68 10
28 29
31 67
64 76
68 18
36 24
56 94
83 17
75 28
67 53
80 57
17 45
84 4
55 74
1 56
17 49
27 65
78 88
50 14

100 60
43 19
77 35
13 73
74 72
63 29
11 41
32 99
97 91
89 73
77 48
83 77
99 100
89 12
24 1
96 83
55 49
7 51
90 14
44 28
22 40
75 85
16 40
19 90
4 32
42 72
33 25
21 37
60 10
38 39
47 90
83 46
74 14
20 40
27 56
8 74
47 8
37 30
6 100
75 3
11 81
86 83
12 78
10 58
18 38
67 32
21 9
36 3
2 73
59 61
96 29
84 28
61 14
52 73
85 71
23 98
88 31
40 48
75 25
22 99
4 12

100 60
9 60
1 66
8 77
63 21
66 8
12 33
66 47
91 34
11 68
99 51
52 4
66 73
97 9
98 61
47 71
73 59
21 58
99 76
26 24
65 91
43 66
19 93
39 52
50 63
38 91
47 3
100 57
73 64
95 91
69 89
74 76
100 55
80 61
14 10
66 7
40 65
5 94
16 54
64 80
98 32
46 89
79 13
81 88
35 91
22 69
56 47
11 96
45 81
79 56
40 4
40 51
14 86
52 11
4 23
91 66
71 7
42 70
82 65
24 77
4 97

100 60
47 77
61 18
64 28
95 87
39 45
94 90
2 39
51 43
46 52
81 37
56 35
24 56
57 91
54 86
75 19
73 89
47 73
95 58
43 44
54 97
68 5
43 47
44 32
46 1
29 70
49 14
89 26
100 47
66 17
71 85
23 24
64 82
8 68
29 13
29 93
89 21
35 74
3 40
62 52
74 98
70 60
42 14
4 31
21 60
68 35
18 25
4 10
14 47
98 56
44 63
3 27
74 26
56 65
76 24
31 88
30 84
20 28
71 78
22 27
48 36

100 60
56 86
7 10
22 13
51 4
13 57
27 34
51 65
3 15
81 59
66 10
65 18
96 17
100 10
17 78
1 90
50 41
66 39
7 92
27 48
52 60
96 88
82 17
93 27
26 20
22 60
35 28
5 46
57 11
60 90
65 37
75 12
75 25
7 70
20 88
29 46
62 89
68 30
24 22
92 73
22 71
2 46
35 12
39 96
3 79
95 31
15 61
38 74
96 95
65 84
18 82
40 20
80 57
64 86
83 82
67 100
17 13
16 28
31 87
22 29
87 72

100 60
34 78
17 71
94 96
29 73
93 56
75 21
80 72
76 75
39 96
57 65
17 50
10 93
66 46
44 66
51 22
61 86
55 18
51 45
63 89
32 95
57 45
45 17
78 90
15 12
38 18
46 61
72 59
80 86
30 58
13 42
64 38
62 84
61 8
59 41
40 71
40 45
40 39
84 36
60 19
30 28
97 87
81 47
57 29
85 36
16 49
95 37
18 77
9 14
30 44
47 4
76 31
40 62
90 60
26 30
67 19
70 34
69 63
82 69
86 17
68 15

100 60
19 78
14 67
70 13
37 69
45 77
57 68
45 92
93 27
73 45
86 30
92 91
24 85
88 35
48 77
55 84
71 73
58 75
91 41
83 59
63 12
75 19
37 92
33 16
57 70
47 59
95 72
12 84
87 15
13 71
81 78
71 88
36 100
64 95
18 57
70 20
15 74
49 62
16 25
62 23
8 15
99 35
39 41
65 3
42 38
80 32
31 87
93 6
26 92
71 90
14 95
62 25
44 98
53 64
99 12
39 46
55 44
27 4
51 23
97 62
100 44

100 60
83 82
8 4
28 5
73 5
74 4
29 21
74 90
67 27
45 64
91 47
22 60
69 41
22 43
59 48
7 85
11 55
69 22
26 47
30 30
7 31
44 92
70 15
34 52
84 27
67 61
25 57
4 35
49 65
74 87
100 43
83 15
75 73
5 43
10 90
75 44
16 10
8 18
38 43
10 99
65 3
64 98
100 49
18 34
58 38
71 47
14 1
30 63
20 99
70 74
57 7
98 49
67 33
46 69
84 31
41 61
75 75
74 73
41 86
41 54
7 44

100 60
53 68
77 41
6 38
56 88
66 80
31 41
93 12
3 40
58 59
13 42
63 49
89 83
59 86
48 2
38 88
26 31
53 5
48 50
29 41
8 62
23 1
49 23
64 17
42 86
55 77
91 44
43 64
59 16
71 3
21 83
85 28
63 66
32 99
88 23
32 54
92 82
10 79
98 96
4 90
10 97
30 32
72 96
59 69
53 8
85 65
47 53
75 46
47 55
10 42
88 77
100 84
1 49
19 74
60 65
62 64
74 24
2 8
77 8
80 15
91 46

100 60
93 98
14 100
31 38
76 91
34 20
73 99
52 34
54 61
92 37
52 23
17 33
21 73
47 29
76 2
97 16
61 16
44 93
90 57
59 13
18 2
71 22
35 86
52 59
41 13
80 95
1 70
80 90
44 57
50 50
87 10
58 53
62 48
69 54
58 71
40 37
57 40
64 43
62 34
77 97
70 37
36 14
71 94
56 44
63 89
88 10
98 17
95 65
84 65
54 51
40 39
72 66
7 67
43 36
41 12
67 78
48 93
25 41
67 82
97 91
90 42

100 60
97 49
6 5
15 23
61 67
4 88
75 4
98 90
91 35
38 20
13 13
14 34
78 41
99 31
35 7
31 11
4 83
9 26
87 52
54 59
14 6
96 66
30 8
59 58
82 60
44 40
51 86
27 59
99 32
82 87
91 54
2 58
77 21
53 52
2 90
61 18
97 5
70 94
89 11
12 67
19 89
92 82
11 18
22 78
64 83
62 94
21 22
44 57
32 16
100 47
50 29
84 11
77 75
62 18
53 4
21 56
7 25
44 64
51 19
83 75
68 15

100 60
13 70
38 86
64 76
3 71
29 26
57 10
38 9
43 87
35 55
36 71
43 80
24 58
31 95
86 39
98 17
83 48
62 71
95 14
56 72
66 1
45 88
80 98
93 82
95 88
91 80
4 62
81 72
37 84
24 5
44 68
73 1
39 38
63 54
15 89
35 59
32 20
89 84
33 49
4 50
34 92
26 7
69 40
100 66
74 89
50 40
34 98
57 96
78 27
53 6
49 39
78 42
11 55
80 18
89 44
48 24
65 11
40 73
47 15
18 66
55 4

100 60
71 4
26 100
83 36
57 59
43 4
49 18
11 93
86 59
45 94
17 30
61 87
100 60
2 13
4 72
75 95
43 39
6 19
20 62
84 67
100 93
97 89
69 3
89 64
44 72
53 86
38 67
81 69
28 1
27 81
41 36
34 4
40 2
45 8
61 63
42 45
31 67
86 9
5 79
18 15
51 14
85 39
67 3
32 63
86 35
17 5
22 57
66 77
70 1
13 88
14 25
63 85
41 34
7 30
100 40
47 65
9 37
65 44
39 15
8 95
1 33

100 60
18 47
83 21
3 95
91 48
73 97
73 10
41 88
48 25
8 40
49 52
18 65
87 52
57 85
37 55
23 24
71 71
93 43
61 18
14 68
10 68
89 45
16 50
70 43
7 23
63 9
70 49
54 41
13 4
66 32
12 31
88 68
44 86
25 14
17 53
92 24
13 89
3 25
63 87
81 18
34 55
78 84
68 67
10 82
4 56
65 33
83 40
52 27
65 63
17 79
13 78
88 64
70 13
67 21
11 6
89 85
81 91
20 36
71 47
39 90
4 24

100 60
86 98
74 44
4 79
64 26
98 89
62 4
8 95
54 87
71 57
75 41
58 24
12 87
20 80
7 56
22 80
1 16
37 2
93 43
81 72
32 73
23 95
59 16
32 88
60 81
19 22
46 94
60 38
31 55
59 45
38 79
73 100
4 10
87 2
76 56
37 48
38 80
5 18
75 53
80 46
77 15
79 15
46 31
36 24
75 65
40 91
70 76
15 43
56 70
3 88
65 33
35 87
41 94
46 60
76 92
1 83
21 86
93 73
67 100
62 66
18 23

100 60
85 50
18 98
4 91
48 15
63 22
100 88
45 76
76 47
83 86
46 22
46 47
29 50
63 19
55 25
99 36
23 56
45 40
29 65
52 58
10 13
41 84
46 48
26 86
89 51
62 78
99 41
74 43
33 76
44 60
77 31
25 95
20 28
2 76
24 66
47 14
57 84
91 46
72 87
4 53
3 6
79 43
5 97
60 33
21 23
93 7
63 72
50 38
78 60
57 85
24 21
82 54
51 91
99 75
82 78
39 89
39 33
46 78
71 89
41 95
64 21

100 60
41 59
28 10
31 67
98 14
54 20
6 61
56 77
85 48
97 51
82 68
30 6
26 42
68 92
27 87
2 92
21 22
71 48
32 21
9 60
83 47
87 33
68 79
2 96
92 79
57 96
10 49
56 15
84 52
84 63
22 22
16 89
91 50
48 12
39 19
73 14
26 94
11 80
71 73
15 45
78 4
67 14
92 32
77 16
54 69
31 8
60 60
48 7
21 76
62 39
26 25
35 28
87 22
14 61
63 31
79 50
68 11
55 88
69 47
48 66
16 69

100 60
50 3
53 3
90 98
34 84
11 74
56 18
47 53
40 61
93 57
24 22
45 20
33 5
93 18
38 42
25 100
74 32
77 90
62 58
6 33
68 15
51 78
75 15
98 49
4 84
22 90
46 15
18 29
27 44
54 8
25 25
72 90
2 88
23 68
93 21
18 7
77 87
78 72
67 79
29 19
13 82
9 23
32 49
84 77
75 6
60 59
89 25
35 35
9 34
29 75
29 96
79 75
21 95
1 58
3 96
29 14
59 30
13 9
84 15
85 76
59 58

100 60
42 15
92 51
65 91
30 21
91 9
79 67
46 96
2 28
3 21
7 41
51 54
89 55
30 27
52 55
3 12
51 30
27 75
93 79
30 69
77 12
8 83
36 86
18 70
15 98
95 27
70 98
96 21
1 50
69 51
6 62
78 78
87 42
95 13
77 73
18 22
56 99
57 21
82 70
25 56
65 43
86 54
80 21
92 33
73 7
42 31
12 17
92 80
74 57
62 75
57 25
100 7
20 7
42 94
52 86
26 11
35 56
10 43
79 76
98 99
47 82

100 60
87 69
9 99
44 78
93 96
2 73
95 93
49 7
84 97
4 26
84 90
89 59
80 66
8 95
22 26
91 17
36 22
72 85
75 75
3 100
11 83
60 55
31 67
93 7
55 96
24 86
88 93
7 93
84 62
20 100
60 9
19 11
9 27
55 39
44 83
6 81
93 100
76 2
90 41
41 71
58 99
34 3
13 90
12 96
28 77
8 27
98 86
55 93
81 24
81 61
43 10
10 31
74 50
12 14
26 26
47 100
43 64
98 6
53 49
1 67
49 82

100 60
11 56
56 47
27 39
34 9
91 55
76 86
62 16
11 87
47 25
24 66
26 96
4 82
15 55
36 55
43 87
73 56
99 52
76 55
27 25
66 48
69 94
67 38
87 25
90 52
70 48
67 49
22 3
62 58
17 43
11 20
69 62
26 4
5 87
23 30
39 1
55 2
65 84
23 37
60 39
32 31
63 53
18 90
16 75
71 39
13 51
92 26
61 39
89 37
87 79
17 70
97 32
59 36
9 54
50 60
74 61
87 89
72 74
70 91
100 64
47 34

100 60
73 93
1 38
73 99
14 77
47 7
12 96
65 48
6 13
55 62
34 14
85 75
70 13
76 40
63 89
73 62
78 89
11 33
4 10
11 36
19 8
13 17
47 29
62 62
79 95
57 67
63 4
70 63
57 40
50 21
98 99
70 48
45 100
26 39
81 56
85 54
27 22
32 38
93 36
53 41
17 69
5 16
3 49
76 90
73 74
2 90
58 35
43 50
78 50
58 82
19 79
38 41
45 10
88 90
21 13
100 64
92 11
52 5
57 59
28 31
90 72

100 60
100 76
53 99
76 34
39 77
57 50
30 78
96 64
61 88
38 1
64 97
53 3
35 63
71 41
41 4
19 60
31 97
24 74
12 57
62 91
30 19
7 6
78 68
80 34
49 15
3 77
33 26
33 34
20 51
38 88
76 31
10 9
13 97
28 97
43 84
95 94
18 6
33 82
30 42
34 58
97 31
10 55
65 26
46 73
26 55
72 66
35 58
54 64
19 83
5 75
89 55
91 42
41 27
32 8
56 97
88 87
7 85
86 51
5 94
41 8
6 6

100 60
93 17
53 50
36 13
31 16
81 47
50 10
35 40
54 67
96 9
54 16
78 44
26 39
12 10
70 39
95 66
34 73
75 17
74 91
14 77
23 17
57 93
49 94
52 76
16 23
28 6
82 11
1 31
48 61
25 27
88 12
17 98
16 62
13 57
27 36
1 71
18 55
41 35
83 96
53 12
5 82
47 38
74 46
74 76
37 28
94 37
17 44
97 41
52 2
14 98
52 42
72 61
9 15
55 13
60 83
27 6
6 58
52 10
77 33
35 85
31 18

100 60
29 12
91 21
55 70
66 11
8 98
70 36
69 76
6 17
87 58
92 84
53 41
65 99
58 69
60 30
49 89
35 49
40 59
64 54
47 11
45 35
22 70
89 72
57 55
82 66
21 84
86 10
95 33
16 54
87 1
70 98
16 72
82 23
67 67
14 15
55 27
97 98
60 1
91 18
50 68
70 60
16 26
64 84
49 14
42 87
60 73
94 7
30 23
100 23
88 42
29 16
78 32
86 16
56 61
91 51
80 18
84 81
7 26
77 33
42 95
99 31

100 60
92 29
54 20
80 73
29 74
6 17
16 62
34 54
84 24
5 50
11 68
11 24
38 86
61 41
66 39
7 91
9 84
86 10
59 83
5 81
89 41
42 33
63 42
33 23
69 82
53 71
9 76
87 61
66 54
52 50
84 69
87 3
17 73
26 29
88 8
40 2
56 39
67 52
88 71
49 80
64 67
77 48
9 76
86 71
98 62
54 53
24 75
2 74
29 9
16 42
17 33
45 36
14 96
47 96
40 88
48 88
70 48
7 8
73 11
14 27
64 60

100 60
50 65
46 11
41 21
9 70
36 59
94 84
79 8
29 51
10 67
65 38
71 86
7 69
96 6
10 14
14 37
95 46
42 23
43 76
32 57
11 27
67 57
7 65
10 53
24 47
7 11
48 25
69 39
74 98
91 71
89 28
81 94
4 71
83 18
20 36
17 97
83 43
59 81
48 38
52 66
9 55
7 28
34 85
30 63
58 26
66 98
83 61
10 12
51 70
13 87
94 11
97 31
15 34
18 35
43 47
52 2
26 92
14 98
44 11
83 46
60 38

100 60
77 17
70 26
60 8
33 26
71 75
97 43
85 38
69 82
59 43
85 27
9 85
60 57
91 52
5 20
16 23
63 89
40 78
29 39
24 48
34 68
20 62
36 53
100 94
33 23
74 17
65 74
97 44
13 65
33 54
41 44
35 24
4 18
5 69
37 97
45 61
26 55
11 66
43 61
87 34
51 80
46 87
47 94
26 63
10 93
17 42
9 12
2 84
12 45
39 87
41 44
45 55
53 42
75 46
72 48
95 86
7 10
98 55
12 82
44 10
58 40

100 60
78 90
93 39
31 27
18 76
42 45
64 34
82 28
45 11
16 60
45 61
83 14
80 75
35 16
79 82
52 69
52 27
44 95
82 49
14 3
70 1
6 64
9 80
36 48
50 75
6 7
19 45
49 27
81 7
50 16
15 1
63 75
19 2
29 87
91 87
26 92
67 71
12 85
77 25
29 95
54 61
7 66
82 90
32 26
40 82
1 8
50 99
4 71
51 36
70 54
4 6
17 34
21 100
88 63
47 81
25 94
71 55
15 59
76 44
57 37
6 54

100 60
85 4
93 46
11 46
48 15
47 86
93 50
27 67
84 74
76 51
45 49
89 64
41 7
72 74
4 60
51 15
59 36
82 88
74 7
88 49
60 90
85 12
73 65
42 40
49 91
88 81
81 40
65 78
25 87
24 47
52 11
30 78
100 99
30 40
74 54
45 36
2 97
75 56
64 96
51 97
21 26
61 70
71 16
2 2
42 22
55 73
96 49
27 29
15 43
35 69
100 68
94 68
40 56
94 38
63 10
15 15
81 16
70 44
7 83
49 40
80 64

100 60
89 98
60 10
17 20
44 31
22 29
76 14
4 8
73 79
72 1
42 40
3 96
99 39
54 79
37 40
42 59
23 65
93 67
64 89
82 27
35 70
73 10
84 77
93 24
93 49
48 91
87 66
50 80
21 59
70 55
99 57
84 76
11 16
65 31
10 37
85 11
32 48
26 85
3 41
49 10
42 72
46 44
38 39
9 99
47 76
98 62
79 60
76 47
97 19
82 63
78 89
30 74
79 89
78 80
51 17
41 54
38 29
33 86
59 49
93 27
56 1

100 60
27 59
21 9
65 78
85 70
92 64
82 54
21 40
23 40
53 31
14 48
48 25
60 12
91 24
13 59
25 23
72 56
9 35
64 70
52 14
29 59
65 67
13 22
83 20
34 82
79 32
68 39
58 95
79 83
24 99
20 79
44 83
30 8
15 85
65 6
62 1
15 32
34 90
90 30
72 49
66 7
42 30
10 23
99 23
27 48
70 91
80 59
87 49
42 29
39 87
72 72
46 84
27 11
77 18
56 32
4 32
46 8
36 55
57 52
67 41
31 20

100 60
71 18
44 32
84 30
86 59
32 82
79 39
73 73
80 25
37 34
91 49
65 100
37 8
89 87
52 50
93 17
65 36
49 29
49 58
25 88
83 85
31 80
21 45
48 5
89 64
47 62
35 17
32 19
9 97
61 46
54 18
40 28
52 41
1 43
38 29
21 94
27 5
61 67
22 73
64 94
85 57
43 35
53 80
93 40
13 39
52 27
92 95
53 97
34 43
36 1
81 25
95 46
35 75
57 65
86 13
35 31
79 33
36 16
5 40
26 82
92 21

100 60
1 57
70 26
13 58
46 55
52 6
21 100
54 17
57 75
27 87
53 28
30 39
65 97
11 32
63 51
96 73
73 41
13 71
8 71
16 23
72 32
53 55
61 36
97 5
5 72
69 57
38 7
46 12
47 43
34 98
51 39
85 71
99 89
37 47
33 38
8 72
37 19
76 75
74 43
47 28
15 15
71 11
23 32
55 30
68 71
26 28
38 49
60 81
44 33
6 41
23 58
15 16
84 8
29 6
53 72
41 85
48 40
73 73
49 67
6 52
41 63

100 60
4 90
62 91
69 54
39 46
80 90
53 31
82 30
58 57
54 57
15 100
57 80
62 54
64 24
65 98
94 15
22 58
84 73
26 53
81 13
49 45
75 70
45 58
70 91
74 92
34 20
7 11
95 28
49 48
74 22
35 29
98 60
54 60
8 43
43 82
20 64
60 53
90 22
67 55
49 60
78 24
19 77
14 28
62 33
78 75
3 64
4 94
40 49
40 75
79 25
75 54
10 46
45 69
93 23
8 3
55 97
16 31
24 37
30 87
17 98
86 44

100 60
13 89
69 64
76 61
59 88
10 55
95 34
99 27
78 15
89 51
11 23
36 70
12 10
35 87
100 56
57 11
16 12
63 87
83 44
30 10
84 42
50 44
34 69
79 35
78 83
14 34
17 18
80 41
31 3
12 58
56 85
15 42
36 21
11 16
1 46
81 62
82 69
81 8
75 2
19 87
13 99
93 62
84 88
52 67
8 47
79 100
96 18
84 100
49 42
79 90
47 75
32 85
31 85
93 49
83 29
77 11
17 50
20 41
14 62
41 28
77 45

100 60
95 4
50 17
42 46
71 89
14 76
33 39
14 7
69 18
22 76
100 63
45 40
11 47
85 39
47 81
5 33
94 89
1 51
48 16
70 63
24 51
56 95
18 28
97 26
83 63
8 70
78 10
19 90
2 56
54 35
89 31
73 45
18 95
99 33
39 30
59 61
58 35
39 43
28 19
70 12
10 22
98 59
50 39
47 6
97 79
55 23
61 83
55 26
83 96
23 49
40 60
96 27
3 12
95 38
83 25
47 4
94 18
38 31
100 91
95 71
27 9

100 60
17 71
36 31
95 51
57 26
63 69
81 20
1 40
60 90
9 89
10 14
76 36
54 95
2 81
79 6
63 35
70 50
2 77
52 18
13 97
65 22
72 26
35 90
50 49
13 60
49 20
20 8
57 81
39 91
1 92
89 19
75 47
86 22
48 85
39 5
66 77
90 58
99 65
22 8
51 50
38 6
67 36
64 80
13 5
72 41
7 99
74 17
27 92
21 49
2 42
16 55
57 20
56 89
97 7
82 22
32 6
93 84
7 99
96 87
46 14
19 27

100 60
61 4
79 22
86 47
56 55
56 76
61 50
57 49
43 56
79 67
17 15
36 23
33 50
86 55
63 73
82 51
95 27
14 78
41 15
68 66
81 11
28 70
95 25
96 82
99 21
23 85
55 42
89 27
88 54
23 5
31 37
21 1
40 50
84 30
83 36
25 39
33 93
90 17
53 73
71 52
22 56
56 79
74 83
38 15
34 79
76 84
62 7
93 55
31 96
74 56
64 38
60 65
69 18
55 32
37 60
82 50
42 45
17 95
55 91
54 20
16 87

100 60
30 39
40 45
22 94
19 72
86 8
49 78
45 68
76 87
85 50
80 66
44 95
70 92
94 7
11 10
75 11
58 62
36 11
43 59
71 5
15 26
30 8
32 22
93 48
84 17
65 19
66 95
42 4
19 10
43 23
31 15
50 90
16 92
45 79
66 10
45 56
86 49
53 55
75 70
97 76
42 5
68 65
30 65
41 100
45 83
52 80
95 47
46 76
25 64
11 43
30 90
39 54
94 39
48 70
9 47
4 52
1 59
46 87
35 54
84 60
63 87

100 60
2 62
76 71
15 81
5 41
75 32
79 41
57 65
55 67
44 44
52 20
5 48
94 77
92 54
62 21
30 41
34 3
64 28
88 51
9 52
42 84
98 94
47 63
8 5
45 39
3 11
62 22
55 71
38 56
95 47
10 64
92 88
92 29
47 61
35 80
22 88
43 91
17 36
83 14
4 8
43 59
11 83
68 72
82 56
93 99
6 9
87 9
74 49
63 24
53 48
81 89
67 55
32 48
38 33
40 91
24 32
99 15
75 86
56 100
37 49
95 19

100 60
35 35
3 56
9 97
25 8
69 66
98 14
90 69
61 21
82 61
75 18
30 49
68 30
57 55
91 54
55 43
57 26
24 47
81 38
2 75
5 70
74 5
88 59
97 82
45 44
54 86
55 11
41 58
61 95
99 59
91 82
78 67
37 53
73 39
80 51
20 32
19 36
69 31
85 85
38 1
39 36
17 65
60 94
49 18
65 42
69 41
40 5
10 44
86 96
6 5
45 69
5 62
46 94
47 16
95 10
73 24
16 87
80 2
17 74
7 7
55 60

100 60
66 96
67 92
33 53
57 91
60 54
47 20
99 34
89 65
44 91
8 80
78 92
14 85
25 94
74 57
28 8
42 91
74 33
85 19
34 70
99 60
99 9
37 51
45 49
85 28
96 93
39 96
11 87
28 17
28 50
64 17
48 98
81 87
13 77
9 77
7 30
54 40
33 64
57 19
5 96
2 50
83 66
56 3
88 44
53 90
87 11
47 28
7 3
31 1
49 87
37 42
11 50
91 57
3 48
40 84
6 32
14 95
60 46
34 40
13 41
1 47

100 60
47 97
50 17
66 75
3 55
27 79
33 79
93 56
64 33
3 80
73 42
76 90
40 54
33 17
82 40
22 25
37 79
42 42
44 32
7 62
43 37
89 53
97 91
64 38
81 45
5 93
19 34
23 13
4 75
36 84
39 92
27 54
19 8
25 57
61 20
4 62
17 36
65 98
65 24
65 27
90 24
61 71
52 40
55 65
8 8
61 25
21 7
18 83
80 47
49 21
84 71
29 6
97 26
32 18
80 5
92 100
19 44
15 14
83 22
91 78
67 94

100 60
72 88
82 72
100 37
28 4
16 62
37 35
23 85
3 86
14 59
79 80
33 42
73 6
63 43
62 32
67 46
35 73
7 80
26 95
50 6
34 24
4 81
59 16
30 74
96 35
53 52
63 50
85 68
19 4
83 1
9 41
53 43
76 40
80 34
90 24
81 7
29 92
2 96
49 34
66 67
46 64
50 36
70 4
75 99
100 58
80 34
34 94
85 67
14 39
70 34
56 18
16 90
96 79
29 88
93 43
16 10
6 37
89 58
73 98
3 98
42 75

100 60
65 17
27 7
10 29
31 97
22 91
20 29
23 100
82 27
33 20
79 25
34 64
33 24
16 52
75 9
54 35
60 26
81 52
8 62
73 51
17 47
40 24
51 51
77 45
59 41
98 33
29 52
30 26
41 100
3 93
75 98
94 4
85 99
22 81
47 58
73 61
6 78
57 44
34 56
84 51
61 35
92 18
48 16
34 22
51 74
17 72
17 92
73 28
20 11
6 43
29 91
5 68
53 37
17 97
89 90
57 68
78 34
82 46
54 60
61 65
19 32

100 60
41 90
91 98
11 7
57 6
51 52
81 8
63 33
59 23
99 4
2 51
84 8
21 51
93 36
95 68
60 39
76 39
50 46
53 42
27 74
35 2
81 12
92 85
99 31
55 14
27 42
60 53
6 36
4 21
68 78
47 52
98 3
90 65
29 77
62 92
84 95
1 11
37 37
13 11
65 75
5 95
54 56
8 33
97 21
9 49
65 53
40 88
26 96
25 91
91 38
84 17
11 59
97 51
73 13
72 39
39 30
42 54
18 76
6 73
96 37
17 54

100 60
65 48
40 95
59 4
74 97
80 66
45 38
72 57
55 44
85 10
22 33
14 40
32 65
37 29
97 90
62 92
54 94
98 37
96 90
95 32
28 86
50 1
33 2
93 89
60 37
23 12
5 49
35 73
92 14
45 89
49 44
54 48
74 34
24 24
13 70
55 20
25 55
84 66
38 91
2 100
38 23
46 23
30 2
91 28
80 95
56 12
31 78
34 15
72 29
89 35
21 57
68 63
5 4
57 96
30 70
26 18
7 96
23 33
77 9
62 4
30 72

100 60
66 59
25 46
94 34
11 53
1 63
72 10
27 10
84 41
98 89
49 84
6 52
10 87
3 84
68 13
67 66
39 35
32 57
62 85
81 98
39 94
64 53
10 25
98 5
90 33
37 33
50 92
66 95
4 20
1 98
19 9
44 89
89 31
6 76
37 59
11 35
39 21
64 6
100 30
100 36
75 91
6 80
4 76
25 87
47 53
28 87
81 52
1 92
4 13
14 76
88 85
93 67
94 51
53 85
33 95
95 96
61 27
12 83
39 45
44 86
30 78

100 60
74 51
67 3
16 6
65 25
51 47
86 8
57 96
67 67
85 44
74 11
51 10
69 42
64 71
33 22
57 25
94 56
11 27
98 86
54 98
37 7
56 58
37 23
5 57
42 41
49 55
86 78
53 13
45 21
65 90
3 99
89 52
61 76
53 77
61 14
7 51
97 91
97 2
91 70
20 87
18 14
14 94
16 82
2 100
13 77
66 47
67 70
73 9
28 41
40 68
60 4
1 20
49 60
47 39
68 54
60 58
59 61
100 4
39 79
88 41
96 34

100 60
25 95
20 37
31 68
59 63
4 35
8 45
92 10
68 100
2 98
99 51
52 95
44 21
32 1
1 65
81 33
30 44
95 29
7 11
37 78
56 27
52 54
55 52
2 28
56 96
86 78
78 44
41 17
44 5
31 3
73 72
89 53
21 99
21 25
8 73
44 3
24 73
60 52
40 65
83 82
97 73
8 6
93 11
21 59
18 84
44 99
74 11
33 2
4 56
53 84
12 56
15 91
43 79
5 20
65 9
34 69
51 33
10 11
4 50
74 49
28 34

100 60
57 44
23 46
1 91
59 17
6 57
3 25
56 83
100 3
98 15
86 64
22 82
86 3
27 51
19 19
100 68
69 8
1 92
12 79
28 97
51 44
68 14
10 90
37 49
18 12
49 72
74 23
12 43
55 65
59 74
25 45
63 79
52 90
77 6
76 82
7 13
23 16
78 1
71 95
100 43
93 40
10 42
53 76
9 40
6 58
37 58
37 41
74 56
28 3
92 14
55 73
40 93
70 26
15 47
17 68
61 30
62 75
49 30
94 67
45 90
27 69

100 60
2 41
81 69
3 47
82 31
7 3
67 16
53 65
55 24
43 69
57 68
42 92
48 70
17 77
31 72
77 21
85 59
5 61
64 46
93 2
41 83
9 57
34 75
47 25
41 54
65 9
13 39
79 77
26 8
8 78
96 6
68 96
7 48
99 31
82 60
2 83
54 71
20 1
24 65
25 74
59 72
63 80
75 87
25 1
100 2
75 59
52 65
9 44
4 96
79 89
67 86
46 4
51 46
92 52
15 69
6 14
66 100
22 24
85 34
92 68
79 35

100 60
3 95
9 67
40 10
69 24
8 31
29 85
17 10
25 37
46 16
42 7
44 25
18 28
91 31
13 16
92 21
36 100
78 21
46 62
100 20
13 3
96 19
21 48
70 19
91 32
70 11
51 19
26 79
15 47
74 69
76 22
15 37
16 81
42 76
70 70
81 76
22 9
81 2
51 59
51 39
31 51
36 61
91 97
92 60
23 59
85 51
2 46
19 65
76 43
47 83
63 81
75 53
48 27
76 15
12 84
88 42
82 60
20 15
51 97
41 51
54 79

100 60
56 27
47 44
74 84
48 18
26 89
72 64
60 11
20 57
38 97
56 11
84 70
89 13
39 18
59 62
7 37
89 67
80 90
73 72
14 98
95 73
45 11
14 38
61 98
38 99
37 25
65 12
98 12
53 36
54 56
35 37
19 23
34 16
36 91
31 76
73 34
54 73
87 45
83 8
51 16
98 3
54 9
33 99
63 76
12 7
94 99
41 5
46 55
20 38
29 48
67 7
14 23
21 16
55 25
99 27
83 83
22 61
24 47
64 18
81 74
39 99

100 60
40 8
51 4
16 69
72 38
60 64
10 43
58 83
36 65
66 64
81 74
39 83
98 18
24 50
42 75
70 39
6 52
28 63
79 28
22 42
32 65
98 56
39 50
76 25
66 73
61 49
61 80
11 36
34 73
80 37
39 76
97 12
48 14
89 35
14 5
51 34
70 83
91 20
97 12
63 36
67 12
50 82
7 66
73 39
58 38
48 34
66 17
31 86
33 59
26 87
15 49
6 42
56 17
74 67
3 84
98 42
99 17
29 82
78 58
65 53
93 62

100 60
15 61
11 49
40 99
46 93
16 42
48 5
1 70
46 39
47 20
72 95
54 59
25 26
75 57
57 32
100 1
75 47
46 69
71 99
9 59
75 76
43 54
27 61
54 18
69 63
95 83
15 46
55 68
43 27
8 66
22 1
25 48
60 17
63 10
27 22
83 27
46 96
97 63
69 68
44 71
62 28
51 96
96 5
31 31
23 9
80 61
63 49
36 79
75 30
95 39
56 45
87 29
93 53
71 84
92 89
62 14
56 48
100 23
85 2
53 44
92 67

100 60
92 88
7 39
50 90
57 92
93 75
88 4
36 27
94 32
81 28
98 34
65 6
74 72
7 9
14 58
28 1
66 17
4 62
41 40
24 79
76 99
83 6
54 17
52 76
5 78
6 39
5 18
47 78
12 20
81 52
37 33
13 76
41 28
35 36
22 73
61 33
36 38
48 35
70 40
97 16
14 85
34 56
96 6
22 32
80 11
40 67
63 23
56 19
26 3
27 74
83 17
57 28
86 90
86 73
55 39
21 66
39 9
26 3
70 9
56 3
56 85

100 60
69 69
88 49
24 80
47 69
90 80
7 72
19 35
87 80
78 65
16 26
1 47
39 66
37 20
33 75
88 66
84 99
28 57
19 99
19 48
98 63
40 15
70 38
84 3
91 59
97 8
60 74
57 43
47 89
67 3
53 33
60 40
30 44
94 18
41 29
16 41
79 90
22 44
70 89
29 43
47 65
91 97
18 65
8 86
35 5
49 10
49 16
20 48
34 25
7 63
55 63
77 41
45 30
69 14
51 49
92 56
43 88
100 88
58 24
78 10
39 74

100 60
93 49
66 88
71 73
62 2
37 86
11 80
2 42
53 94
39 81
24 96
40 4
54 75
75 39
52 32
52 82
56 89
89 91
48 72
13 37
70 32
48 87
10 21
2 93
47 7
79 99
58 1
42 52
65 86
61 17
33 58
96 25
89 74
15 8
97 88
58 57
25 23
96 23
72 67
33 47
68 71
11 30
81 24
29 45
81 16
89 34
23 68
57 53
19 19
35 45
49 53
33 99
70 68
69 77
5 79
85 2
57 46
64 3
27 12
70 95
61 30

100 60
89 81
87 68
16 68
27 64
63 80
47 59
45 20
16 81
47 93
32 78
53 72
40 30
66 39
43 27
92 79
83 48
81 63
55 6
62 49
23 14
30 5
92 68
9 22
15 46
86 18
74 26
40 77
15 47
7 30
73 90
34 73
74 53
74 5
32 37
68 79
9 83
34 74
18 36
68 81
24 73
93 100
21 32
35 93
79 10
41 91
23 59
45 19
77 89
26 27
95 71
60 72
96 45
80 64
59 95
51 18
47 36
3 10
4 42
48 71
3 19

100 60
47 79
11 84
9 52
56 97
4 83
44 85
30 81
28 61
100 61
72 9
43 96
62 21
42 47
94 91
10 35
62 31
98 74
42 24
15 45
44 12
22 53
55 39
67 42
54 10
56 31
6 24
15 10
13 45
54 23
13 56
70 97
2 80
38 78
19 99
11 48
63 52
35 63
14 37
87 86
59 42
73 93
35 87
94 92
9 58
56 20
2 89
23 97
61 17
24 2
24 75
81 70
78 25
51 73
78 31
62 47
79 26
28 70
24 18
11 80
95 70

100 60
91 71
66 20
64 81
12 23
60 14
15 66
99 22
95 80
58 89
61 68
2 33
6 4
28 46
92 78
42 35
39 67
6 29
64 91
23 44
18 56
22 77
61 33
100 72
40 52
24 52
37 55
66 38
54 87
89 2
3 50
98 13
90 91
82 31
69 82
53 14
28 61
20 65
87 83
96 49
91 50
84 35
92 19
26 62
17 59
84 65
15 72
8 87
86 32
32 93
65 22
89 63
49 88
71 63
68 58
95 2
11 41
36 24
8 87
83 83
27 53

100 60
77 49
6 68
5 83
68 60
1 53
36 71
19 69
13 52
86 93
37 37
56 94
3 61
9 94
38 100
35 62
88 38
57 81
5 16
90 46
99 26
54 29
15 40
1 87
10 43
72 84
33 54
39 5
51 82
26 35
21 86
9 75
34 86
76 64
75 54
18 47
92 32
83 24
92 20
65 79
12 52
79 57
30 51
54 30
52 95
51 27
62 42
94 14
74 18
59 99
100 65
59 61
9 81
9 67
41 85
99 93
80 19
41 71
97 13
80 43
21 99

100 60
10 69
30 15
57 49
57 59
85 76
48 82
69 2
57 28
61 68
73 56
58 49
16 93
3 61
2 65
26 17
13 65
91 22
50 22
86 21
95 15
88 73
13 48
49 66
44 70
24 59
36 13
93 61
7 18
4 16
24 55
8 21
16 57
5 1
58 52
59 84
83 91
70 10
82 61
7 94
64 4
15 13
37 59
64 93
18 91
5 96
41 19
51 6
47 42
96 97
22 10
93 31
92 53
56 93
72 59
26 13
50 22
9 21
13 100
73 12
48 82

100 60
91 79
90 3
97 55
44 85
17 12
37 22
28 15
95 27
74 74
62 15
100 54
9 29
2 12
44 14
17 94
80 89
20 29
93 89
41 40
14 34
55 57
46 47
93 30
94 66
3 25
67 50
7 57
16 74
23 88
83 100
24 23
92 6
77 64
90 5
17 69
49 21
40 39
51 27
48 17
79 17
71 65
74 98
14 13
24 18
14 48
42 96
89 9
80 59
89 7
29 74
45 8
73 80
68 29
100 92
55 77
21 15
100 89
39 51
15 51
21 76

100 60
90 96
25 98
67 99
71 21
69 42
27 23
100 8
79 77
9 27
99 19
34 29
30 23
47 75
46 83
44 98
74 25
64 37
91 63
6 96
26 94
81 43
92 28
3 31
26 85
77 71
48 30
4 30
89 36
50 85
42 98
30 79
62 96
100 59
42 56
12 82
95 13
65 34
39 91
3 27
88 46
64 55
53 57
60 5
60 49
94 3
32 33
34 94
40 81
4 53
94 41
92 42
9 5
15 19
96 79
69 69
66 48
36 21
90 83
45 7
91 36

100 60
3 47
61 65
13 48
29 60
72 72
74 89
86 94
22 32
41 50
98 24
45 9
20 38
99 72
23 22
14 39
30 96
49 95
47 26
67 93
46 50
45 32
42 73
58 27
35 78
78 55
32 20
63 59
4 88
15 62
14 86
25 1
80 83
83 57
19 39
42 42
63 11
44 8
86 4
15 62
9 56
47 49
68 24
75 9
86 34
14 96
89 87
81 15
38 72
4 23
64 2
78 63
52 20
40 29
32 19
74 62
58 29
72 23
14 24
58 52
78 71

100 60
95 85
100 34
21 96
35 41
88 88
66 18
56 90
50 56
72 22
26 87
91 65
53 67
98 42
23 75
12 71
33 10
9 71
56 31
29 39
70 34
31 37
82 4
92 60
78 84
59 3
85 10
71 28
56 71
62 37
28 80
1 84
75 51
24 98
44 92
45 53
94 52
52 78
27 100
40 3
40 26
27 28
18 19
43 21
30 22
61 62
47 40
91 48
4 95
8 74
17 77
29 81
39 7
100 53
51 45
32 59
20 28
46 28
86 10
78 39
88 68

0