100
1200 10
507 553
332 968
156 478
1069 499
74 779
530 866
695 567
202 728
1021 87
775 205

1200 10
742 685
1011 809
101 765
1149 923
1170 102
845 68
1022 131
926 266
42 350
462 1070

1200 10
490 787
149 570
1139 857
1037 1127
1058 406
723 695
135 168
798 37
777 781
1167 831

1200 10
827 478
370 605
362 1008
493 388
206 260
128 683
389 843
239 222
92 360
1195 671

1200 10
570 969
777 700
851 214
1114 835
1179 303
713 991
193 1050
990 758
785 792
320 1169

1200 10
543 781
230 494
664 147
1018 62
720 481
288 1056
523 1073
744 391
934 953
786 784

1200 10
264 662
587 560
678 311
629 455
609 1047
1057 242
926 36
766 1189
197 356
792 134

1200 10
724 90
544 709
902 599
721 343
981 266
459 586
1179 824
430 691
44 315
690 853

1200 10
186 447
639 564
1125 863
1005 572
1072 535
909 712
1069 563
690 1067
1094 528
945 1146

1200 10
228 391
600 588
1059 221
585 1058
502 874
1052 165
200 180
150 388
281 1109
234 89

1200 10
260 208
985 968
527 602
182 1010
57 466
134 872
13 1098
1032 315
1136 350
1020 807

1200 10
736 578
583 934
740 654
71 168
836 1027
314 651
259 608
564 538
1036 641
47 669

1200 10
1088 1099
902 717
771 1048
880 182
292 69
688 523
771 259
443 373
984 698
700 848

1200 10
948 443
916 931
664 789
835 260
586 718
538 256
148 827
1062 1155
156 696
660 1027

1200 10
489 922
796 1097
300 1061
802 1200
480 530
590 251
321 402
977 652
32 586
1148 1060

1200 10
286 534
177 911
141 974
488 964
1182 663
1052 190
359 40
664 541
991 194
632 534

1200 10
526 493
345 622
1003 28
633 270
1000 542
571 346
56 642
71 304
229 301
41 985

1200 10
909 135
1141 846
38 286
747 432
508 799
236 1001
256 1102
406 80
1026 773
84 1168

1200 10
508 588
116 195
164 260
408 662
549 88
896 284
471 414
546 174
1159 504
371 811

1200 10
1157 1064
550 405
440 899
1044 372
20 69
123 236
233 452
277 1151
1183 776
387 1072

1200 10
793 645
427 419
215 700
906 531
740 543
1001 918
135 448
546 836
178 40
208 960

1200 10
1015 634
883 252
659 543
1006 891
305 607
1024 600
1083 571
122 317
572 163
351 1075

1200 10
421 891
96 798
202 433
1170 791
582 998
595 499
708 1
171 899
309 492
879 960

1200 10
697 786
1014 407
728 1086
1184 848
1036 433
556 435
351 357
437 1199
591 104
687 420

1200 10
1133 960
311 710
294 241
1065 627
598 259
118 230
328 519
307 401
43 274
131 727

1200 10
532 64
391 805
923 597
4 603
841 218
697 1066
942 1045
696 675
494 86
581 541

1200 10
455 294
5 208
199 775
668 1131
216 1117
437 264
135 745
241 1056
177 590
1194 381

1200 10
252 1057
1006 428
704 88
604 913
913 3
74 855
927 1076
608 341
206 918
951 252

1200 10
977 889
1064 255
436 798
687 105
708 965
215 152
271 200
465 782
251 96
549 485

1200 10
300 1094
610 14
545 841
59 896
747 824
38 974
254 13
517 901
292 865
495 722

1200 10
1062 261
1067 364
122 437
536 1083
1120 871
242 742
277 505
1185 919
637 849
931 473

1200 10
8 429
794 1089
76 372
679 824
14 605
556 36
445 1131
1135 745
731 915
678 859

1200 10
274 146
570 976
26 352
231 93
1126 802
941 875
619 782
314 366
945 272
1089 126

1200 10
317 143
254 848
98 897
997 1087
788 526
1043 11
1169 400
1009 1063
260 640
458 315

1200 10
637 774
735 278
992 224
442 159
19 254
723 692
610 499
340 991
942 1022
416 193

1200 10
283 730
1003 627
205 223
815 809
990 725
773 146
329 95
271 48
174 474
474 169

1200 10
407 913
736 471
1021 79
1075 116
1157 667
463 73
345 194
358 555
727 895
290 935

1200 10
731 352
647 673
1189 8
182 389
1136 533
806 919
805 1051
994 1124
949 288
752 595

1200 10
767 142
353 36
159 1011
885 610
324 462
1053 920
993 842
918 954
1114 844
1119 775

1200 10
100 1090
758 85
347 1153
95 289
350 513
317 836
719 824
837 892
471 893
1081 488

1200 10
1075 1013
245 144
85 948
864 124
89 48
936 149
1155 1142
505 978
465 738
650 574

1200 10
995 975
437 45
253 304
402 80
421 1082
733 837
145 61
725 763
15 563
889 490

1200 10
59 836
686 900
168 795
719 326
742 415
265 104
978 943
286 1096
479 638
973 126

1200 10
791 1190
831 933
1063 1065
22 231
1174 98
567 963
1104 1030
89 819
1110 487
954 742

1200 10
256 977
106 703
923 937
748 219
830 728
478 310
148 242
1064 522
623 724
1106 710

1200 10
185 107
908 784
951 990
458 127
300 164
254 622
595 849
736 794
714 1074
440 742

1200 10
1070 428
843 767
37 1110
640 995
1142 421
769 899
1193 41
832 314
1031 442
669 1051

1200 10
406 499
590 311
383 492
256 889
527 287
887 819
29 406
38 1166
230 726
905 1070

1200 10
1169 829
22 1108
141 253
1008 635
466 967
1075 681
653 667
675 422
202 27
614 112

1200 10
727 87
1072 867
767 553
402 27
399 568
621 415
707 947
708 939
215 778
5 43

1200 10
394 260
748 164
784 146
502 1129
505 57
826 1131
462 15
621 941
633 838
924 516

1200 10
884 746
768 834
126 628
902 952
773 62
908 711
189 505
880 988
43 1062
575 1125

1200 10
435 84
77 804
562 1075
200 101
682 453
254 239
439 203
800 727
762 390
907 1074

1200 10
27 786
1063 448
640 981
934 222
992 717
135 660
688 1194
17 647
304 69
1104 14

1200 10
1093 957
101 1162
644 398
1081 688
292 147
1069 497
116 370
682 460
10 779
1067 579

1200 10
1024 83
580 599
1171 1115
10 612
1048 985
386 878
286 821
233 589
259 1145
371 192

1200 10
52 579
391 183
780 524
610 1134
601 287
455 717
799 945
732 1005
441 310
1149 692

1200 10
841 579
14 130
891 899
1101 102
333 1156
853 608
790 138
820 761
986 590
555 1071

1200 10
1028 83
854 356
961 33
617 363
867 585
629 79
580 807
660 941
223 723
239 1031

1200 10
177 53
702 402
686 819
373 96
109 20
903 820
1167 260
67 114
191 972
693 239

1200 10
282 133
828 483
704 927
88 306
645 548
787 883
338 356
1108 506
96 836
792 64

1200 10
1087 145
430 264
974 1159
488 1024
346 505
353 502
620 759
484 826
582 908
68 1063

1200 10
950 1148
550 1153
1085 1104
77 562
160 650
855 1027
939 446
973 221
291 436
813 984

1200 10
1148 1024
706 148
985 795
291 1195
255 1162
1059 479
1159 1132
542 157
953 177
770 282

1200 10
108 160
281 404
1043 771
973 431
1037 678
957 30
2 1049
622 1068
374 813
523 615

1200 10
569 611
695 720
718 1091
1007 301
799 529
82 1053
605 669
262 885
177 860
4 612

1200 10
964 373
494 738
59 608
502 382
229 212
858 716
118 816
12 196
588 1189
346 1152

1200 10
49 153
377 753
973 562
458 660
1163 466
250 296
181 794
31 147
681 165
198 1130

1200 10
329 791
738 407
988 995
1048 593
481 243
298 806
654 1004
896 77
1062 415
1113 1076

1200 10
646 95
726 1039
546 1200
366 905
322 717
200 184
658 844
1179 297
1185 752
1003 7

1200 10
368 470
374 575
437 1183
453 1071
568 438
561 80
833 455
459 804
858 356
709 605

1200 10
106 893
525 1094
1193 248
675 1187
59 116
64 294
567 246
1079 974
687 205
275 65

1200 10
117 520
777 942
72 552
1191 1141
1119 1083
350 430
1082 1066
557 1010
1102 710
782 1072

1200 10
406 649
842 546
442 754
230 41
1093 791
224 526
690 62
458 884
328 1008
416 814

1200 10
1046 91
600 566
285 173
1028 893
548 86
887 1183
1018 237
973 636
788 413
89 969

1200 10
30 1104
63 103
517 855
1134 833
354 99
768 458
732 76
867 822
945 951
805 814

1200 10
1188 291
440 241
965 398
12 771
608 753
713 702
465 107
1086 625
655 492
11 590

1200 10
928 567
862 260
890 278
913 628
50 886
381 244
493 1133
520 2
501 836
255 149

1200 10
958 1175
289 704
740 768
30 42
1103 701
529 957
1061 436
1026 222
862 1039
205 344

1200 10
59 81
1100 702
105 946
733 209
63 446
312 644
981 121
315 248
413 699
220 1049

1200 10
325 733
421 418
329 232
540 118
96 468
520 952
191 474
1120 146
1190 850
1108 904

1200 10
466 814
789 893
868 1
583 12
108 1197
586 30
820 1005
478 746
200 228
610 861

1200 10
64 575
810 27
684 756
837 242
517 319
11 408
67 277
1171 380
32 900
965 533

1200 10
275 372
1012 1059
305 355
256 64
368 997
526 1007
143 545
760 218
315 851
498 1009

1200 10
360 297
865 865
993 215
424 565
1016 135
396 420
190 715
815 1058
909 406
1057 958

1200 10
124 1150
1159 398
1050 970
443 348
626 719
1159 126
1152 355
136 785
954 1085
345 675

1200 10
272 87
270 239
301 664
144 1165
432 549
816 950
1200 817
763 1140
269 842
930 947

1200 10
215 614
716 406
922 119
150 697
755 1040
937 92
581 269
167 879
431 73
13 291

1200 10
918 344
397 311
428 21
1178 1140
372 87
233 85
684 18
373 747
23 94
1187 837

1200 10
744 84
898 638
914 780
354 248
120 89
598 1110
987 563
1040 675
385 1035
817 977

1200 10
448 586
1200 725
1026 553
1038 495
595 971
721 148
488 924
1 869
1097 641
130 704

1200 10
692 235
417 1197
845 753
1086 980
92 721
866 580
28 317
472 149
168 333
215 1111

1200 10
1077 96
712 37
808 675
1183 733
671 55
696 922
990 230
125 488
819 637
610 1084

1200 10
430 1182
660 311
93 321
252 488
855 652
43 719
192 110
597 636
1096 1102
201 308

1200 10
645 413
757 30
820 1016
634 954
1022 74
487 188
550 378
89 42
183 517
1054 102

1200 10
980 465
687 894
320 57
1051 557
311 461
720 929
574 711
705 627
824 939
145 162

1200 10
1123 322
47 984
385 87
465 372
32 979
865 759
840 128
892 1010
414 856
682 1045

1200 10
735 529
1055 239
626 515
1173 351
139 975
481 699
888 748
745 1180
703 537
541 1175

1200 10
1018 755
934 1029
214 536
724 1011
908 1150
253 695
705 945
586 951
234 977
220 716

1200 10
141 15
310 829
992 828
756 202
773 700
707 956
662 1132
266 456
362 2
242 970

0