100
100 140
98 7
57 4
27 70
98 31
52 86
15 63
95 83
66 47
29 20
75 51
18 7
80 10
27 67
91 1
45 66
37 75
98 98
57 70
70 26
96 60
86 35
53 99
11 72
5 22
3 35
86 18
19 71
97 87
5 54
95 62
87 82
17 78
31 58
67 91
21 35
23 35
14 17
81 52
30 37
97 5
83 95
97 87
45 21
22 70
53 79
7 10
27 99
91 62
42 12
100 13
97 64
26 76
87 57
30 89
96 87
5 95
76 50
28 47
26 19
3 9
59 38
69 95
59 37
52 88
58 11
14 92
83 8
90 3
51 100
29 41
35 53
15 17
85 99
37 42
73 1
18 59
22 37
74 10
14 98
54 14
27 18
82 87
67 80
4 16
11 73
26 12
60 27
61 16
19 38
90 58
19 36
86 69
77 21
85 78
58 45
33 22
54 53
69 66
52 12
90 54
34 54
48 83
15 68
64 80
36 79
66 87
40 50
33 55
48 76
5 21
86 34
80 30
13 36
7 62
32 30
64 40
53 34
76 44
70 78
63 5
12 44
43 45
98 97
66 57
85 98
84 12
81 100
95 86
98 66
54 51
12 12
61 92
4 59
71 19
68 17
30 62
18 77
54 97
72 44
65 7

100 140
1 96
69 89
96 35
41 30
100 46
72 34
30 10
5 76
21 15
34 89
90 20
11 54
54 43
65 89
70 44
67 98
11 64
81 87
92 63
17 45
3 11
43 76
42 13
1 4
59 74
86 13
86 23
72 25
38 35
13 6
98 17
77 58
28 22
37 84
26 33
5 64
3 55
90 29
5 58
99 63
6 17
28 85
8 27
25 73
30 25
5 18
35 47
33 31
55 81
55 25
92 47
62 50
7 35
23 88
36 51
11 35
84 32
66 81
11 97
45 38
33 18
77 18
93 65
18 77
96 10
86 7
18 73
33 35
92 82
7 50
52 42
10 67
99 81
60 64
82 61
22 100
6 76
75 68
54 61
20 12
24 67
97 4
8 89
93 27
58 50
7 67
95 63
4 65
58 83
11 88
76 73
32 17
40 60
49 20
14 77
3 81
59 1
93 31
16 28
81 38
67 95
69 92
69 10
40 23
17 71
52 32
27 34
42 37
4 50
82 39
18 35
92 87
60 48
40 41
47 58
34 88
85 14
1 42
35 34
19 9
31 37
84 87
92 75
77 42
57 64
71 82
53 73
17 71
31 63
48 6
75 69
55 51
27 56
93 2
39 20
63 20
93 61
97 38
39 90
63 76

100 140
49 30
61 87
62 18
70 64
62 92
5 2
94 48
99 75
45 64
73 45
47 62
30 37
89 66
97 78
32 54
25 97
14 73
39 14
40 73
95 16
63 75
64 2
18 45
45 84
49 6
65 30
7 30
2 25
21 35
26 34
47 67
54 6
96 93
93 59
62 16
81 2
54 95
33 40
84 11
71 36
90 97
93 48
6 81
78 82
65 1
15 30
65 16
47 83
51 78
37 51
78 100
58 47
46 79
87 69
49 97
36 84
28 69
9 77
60 20
37 78
13 8
72 76
3 36
49 21
28 19
16 98
5 46
20 90
75 29
49 69
23 56
24 83
76 53
70 69
25 9
23 82
47 56
100 31
69 13
92 17
30 79
17 5
1 99
69 31
51 14
71 35
26 4
59 46
50 85
27 89
30 19
62 19
23 65
17 85
15 57
15 7
88 22
17 96
9 89
19 25
100 28
38 92
80 71
60 97
38 23
54 55
52 11
81 54
89 70
72 47
46 19
96 86
92 20
31 42
99 88
93 62
71 16
99 5
9 16
71 23
88 83
68 66
89 33
79 23
55 25
74 77
42 32
3 96
39 91
69 20
81 73
55 35
60 34
91 88
21 12
15 9
78 40
1 92
35 27
26 52

100 140
25 84
39 62
6 61
44 57
68 12
39 8
100 14
50 96
70 65
72 93
68 35
70 30
83 23
34 95
33 63
11 80
73 6
88 22
17 99
42 59
5 35
45 9
64 1
45 15
99 64
89 97
22 47
97 8
35 100
80 96
14 26
85 32
74 16
7 40
50 35
41 82
41 29
27 10
40 56
64 20
68 77
89 83
20 39
11 55
90 66
18 33
49 64
95 28
54 8
49 36
55 90
9 37
59 89
84 45
68 92
44 9
83 25
59 45
40 61
41 71
61 65
8 18
58 68
51 13
19 57
3 43
54 5
19 17
22 19
35 93
8 39
95 42
41 16
16 78
77 72
21 8
76 62
14 9
74 85
8 33
3 99
13 22
69 85
91 95
37 36
94 21
9 88
45 90
95 100
31 22
28 17
35 37
58 8
40 49
27 40
1 52
74 18
12 56
54 27
1 59
60 20
35 32
29 67
85 31
35 98
50 12
20 51
86 67
56 56
73 76
24 18
55 20
47 13
57 61
20 40
75 68
99 2
22 39
80 13
38 91
56 8
67 95
70 7
7 68
47 26
98 30
68 30
75 10
72 50
41 88
69 27
85 23
6 16
40 98
17 8
31 96
76 90
28 30
35 63
98 70

100 140
84 22
22 50
13 65
58 16
54 41
85 11
47 97
33 21
52 60
88 96
74 72
87 43
64 5
35 96
98 32
16 3
1 3
44 21
32 66
20 79
97 23
21 25
59 82
30 91
21 64
74 80
49 78
9 53
1 86
94 62
53 16
81 68
81 31
46 12
30 89
83 61
59 56
57 68
43 45
23 63
62 2
83 57
39 53
28 3
21 39
10 3
100 15
23 15
30 44
3 63
57 86
80 22
32 48
49 44
61 18
40 59
22 70
63 31
22 30
78 26
70 71
36 17
22 27
47 93
30 72
79 75
76 66
31 89
94 75
1 8
73 45
31 3
45 15
46 69
82 98
32 63
7 2
44 57
45 2
88 40
17 60
52 69
83 98
86 97
55 36
45 22
92 69
96 67
18 78
93 74
77 7
12 48
36 2
9 89
91 65
47 91
84 68
26 89
47 76
31 22
87 42
34 44
26 42
55 43
53 33
65 57
11 93
39 38
59 84
7 88
97 57
34 78
49 73
5 46
31 41
32 36
29 86
61 64
6 51
86 86
77 71
75 3
97 1
49 99
31 81
37 47
29 92
89 39
91 22
26 49
15 61
75 76
98 78
32 53
34 33
92 31
91 11
52 26
98 62
66 42

100 140
77 18
93 15
63 37
22 15
47 99
65 80
67 88
3 26
7 36
39 80
23 59
77 44
55 51
73 50
90 44
75 87
16 37
58 7
67 48
30 3
27 99
24 66
59 15
57 43
100 28
80 78
27 82
40 9
78 10
92 19
86 3
42 75
36 19
52 93
71 90
32 28
12 61
56 28
71 20
30 10
74 31
90 8
55 34
37 59
30 22
55 58
43 59
84 76
22 10
52 62
59 13
83 49
64 20
3 14
46 93
66 12
21 27
14 95
39 63
34 12
98 25
9 34
29 46
90 7
57 81
60 55
33 28
34 96
71 67
17 10
74 65
78 28
12 23
85 70
22 81
31 14
62 84
76 44
12 62
46 78
73 73
4 65
21 67
55 60
10 67
20 85
21 6
18 12
37 4
46 59
93 45
34 38
74 64
17 76
41 79
100 67
79 13
57 83
50 89
12 83
41 66
57 56
66 4
2 17
57 24
83 45
80 30
4 55
23 5
67 10
86 41
51 89
33 78
17 26
76 33
29 87
76 77
15 44
29 67
32 73
19 49
27 94
79 93
26 80
5 42
21 91
88 40
68 8
29 99
75 6
64 47
97 43
93 4
43 58
63 25
67 32
62 42
54 20
59 95
58 37

100 140
80 33
75 50
24 28
50 26
55 36
27 56
19 81
73 36
35 28
10 52
22 9
62 41
39 3
12 100
54 14
14 27
62 56
85 86
14 79
27 91
85 45
54 3
64 9
20 33
91 32
91 6
47 48
51 92
100 56
24 2
16 27
22 49
84 35
49 54
42 5
44 49
85 13
69 40
26 30
56 76
87 68
72 9
17 2
34 4
98 79
77 16
96 50
19 41
18 87
96 50
94 72
67 68
69 79
41 66
27 42
24 20
100 95
25 2
23 93
46 95
62 39
46 89
47 54
7 42
50 83
1 5
94 24
38 17
23 13
42 70
89 95
36 98
64 100
84 67
22 98
23 73
91 22
83 34
45 54
57 27
44 94
1 46
83 38
11 41
79 85
52 2
80 16
63 94
36 46
23 66
66 71
8 34
77 16
72 73
13 43
91 100
47 87
9 5
74 81
49 21
18 56
48 15
32 34
79 86
76 70
87 4
84 62
62 20
34 58
33 23
98 29
46 4
29 44
65 42
90 84
15 90
100 25
92 71
49 26
43 84
67 47
41 12
83 82
80 51
3 79
61 98
92 52
68 58
83 20
93 1
50 7
3 15
13 42
51 37
50 58
62 95
66 36
31 68
50 45
27 27

100 140
91 64
49 92
11 84
41 51
92 73
46 38
20 8
53 39
99 80
76 63
30 54
93 72
84 64
64 40
17 59
69 31
2 65
31 15
29 73
80 94
39 21
54 40
69 23
75 17
53 40
45 12
91 94
46 44
47 41
27 10
83 77
78 6
37 8
39 81
95 93
33 50
35 61
48 63
67 60
81 52
8 91
61 97
29 46
18 68
30 60
33 92
3 51
11 99
57 74
2 15
58 81
32 62
89 48
99 45
96 52
47 40
14 50
99 92
58 92
3 36
33 68
22 65
39 62
3 51
86 13
33 42
37 44
41 90
94 64
27 18
75 50
97 18
87 60
39 73
72 87
20 75
77 54
33 13
48 37
68 72
90 41
73 80
52 10
64 42
64 64
54 55
15 30
85 32
93 57
61 79
79 63
25 68
49 32
50 6
61 54
43 66
22 26
74 3
81 94
68 66
78 43
60 85
50 3
37 83
26 26
99 93
9 71
97 96
14 74
54 30
43 30
68 2
6 84
11 62
44 7
43 93
59 92
100 80
57 84
72 9
41 29
59 59
61 38
92 91
13 34
74 11
67 71
71 73
37 71
11 49
11 62
38 7
75 49
24 35
1 4
45 36
62 60
85 83
69 76
83 96

100 140
81 9
66 78
32 84
33 69
90 46
32 68
34 26
19 87
63 58
64 87
52 32
95 22
8 11
86 77
87 26
60 51
31 68
6 90
50 44
77 10
68 33
53 67
19 85
56 43
64 2
100 44
11 6
98 13
96 42
39 100
18 22
85 85
19 22
78 42
77 71
85 74
19 86
10 66
58 34
85 4
38 8
53 28
6 35
55 17
51 83
11 19
57 30
29 66
2 86
69 98
95 65
7 32
18 91
44 71
90 58
25 67
50 63
40 88
6 83
46 78
59 1
23 62
2 2
87 11
22 85
13 36
42 18
51 92
28 79
18 47
62 23
32 90
95 1
84 94
18 92
42 37
77 11
5 78
33 70
41 46
17 65
34 23
13 54
62 17
21 19
6 43
65 28
32 85
66 97
65 54
9 50
71 86
18 6
10 69
10 86
57 75
20 88
61 99
22 73
16 27
81 19
32 48
99 5
38 55
25 9
59 25
62 72
68 52
25 84
91 75
29 91
76 73
99 9
59 84
51 25
58 92
38 18
5 86
70 95
48 23
55 72
38 95
77 28
100 40
29 56
93 76
12 39
67 74
4 89
18 99
75 19
53 44
14 13
91 93
95 4
69 9
55 50
64 45
87 86
48 83

100 140
4 93
84 88
95 83
1 43
48 97
48 37
8 23
72 22
21 30
5 60
85 36
75 46
78 76
90 25
33 27
96 42
10 59
88 63
87 23
21 44
51 14
11 75
25 19
75 88
55 71
49 73
98 59
29 61
100 62
75 8
48 52
32 32
6 71
36 1
28 24
84 64
25 37
15 6
61 90
1 28
52 36
53 6
43 63
12 88
17 9
84 46
70 16
35 60
37 46
54 88
26 53
58 65
24 22
79 4
16 83
70 91
51 58
83 7
8 90
62 97
7 56
41 39
6 47
75 99
41 36
44 13
71 52
65 78
58 50
9 64
87 28
28 19
23 54
65 17
43 20
40 95
44 38
77 21
82 79
84 10
3 56
41 3
60 95
34 97
56 34
22 49
21 28
95 71
96 21
75 72
57 76
98 82
32 27
75 4
36 73
94 22
83 10
11 71
78 14
48 56
52 3
34 35
40 11
82 30
2 3
7 3
37 7
59 95
14 57
23 15
46 6
23 3
50 49
85 17
7 81
96 15
76 100
57 69
77 51
76 14
68 21
77 76
66 90
13 94
85 38
21 92
8 59
48 18
1 28
80 29
5 63
59 17
97 80
9 39
4 10
70 7
86 54
13 23
37 19
26 20

100 140
57 35
75 6
78 98
98 31
36 66
52 69
31 98
36 58
84 20
95 17
36 83
94 63
78 21
42 76
12 71
24 4
68 84
36 66
67 29
96 76
15 7
9 53
16 93
71 13
98 26
66 89
35 86
29 70
57 15
98 10
52 11
74 28
56 23
25 14
21 64
84 11
78 21
83 42
68 61
67 45
23 65
24 72
34 27
97 40
26 26
94 25
34 84
29 41
43 66
27 47
74 46
19 98
68 27
87 31
60 100
90 70
52 20
36 13
63 57
27 46
76 20
84 41
82 44
100 55
5 40
12 79
24 49
100 72
4 23
74 43
93 5
17 98
3 34
42 59
5 63
27 22
92 8
9 49
94 74
49 50
62 96
49 46
76 6
74 27
33 74
19 50
34 9
71 82
59 68
3 96
37 100
42 15
25 14
7 17
56 65
71 55
45 52
74 8
66 7
26 90
14 89
41 47
35 13
27 55
87 53
66 79
31 80
28 14
63 23
87 66
29 34
94 72
40 18
86 8
31 84
82 13
8 37
99 98
10 10
98 99
75 56
34 11
93 80
73 30
78 99
39 31
15 20
99 90
95 40
51 18
53 12
63 44
44 8
16 16
57 86
23 69
87 19
92 3
4 84
44 75

100 140
6 31
8 75
88 72
86 27
58 15
38 32
65 58
58 55
89 61
54 49
77 58
84 70
28 64
93 97
23 10
72 45
75 99
89 94
52 74
31 49
61 38
55 55
92 36
91 54
81 34
44 30
12 37
28 53
69 55
79 47
94 38
93 71
97 14
34 95
77 77
42 88
73 61
77 86
29 37
80 39
85 28
35 46
66 39
6 89
53 58
5 4
2 71
56 40
70 85
62 34
96 64
3 95
70 61
33 88
9 3
92 52
21 73
95 70
40 49
55 88
70 30
72 99
7 80
66 79
96 22
26 13
13 94
33 54
72 89
55 53
43 53
13 64
100 23
1 29
8 47
91 91
5 66
41 25
16 85
66 94
57 43
84 42
49 78
34 66
33 8
12 55
84 73
5 66
22 34
21 95
19 11
80 38
39 76
93 23
34 34
80 90
28 52
63 55
79 22
95 60
92 82
24 5
3 55
76 46
22 80
43 76
4 78
39 18
26 88
54 49
63 47
78 59
85 23
9 30
39 80
37 82
50 43
14 77
100 96
84 34
15 97
36 44
1 86
7 36
33 85
49 74
41 42
49 6
21 15
25 71
64 96
63 74
10 30
59 9
86 94
60 1
18 42
100 56
15 10
4 41

100 140
80 100
17 87
8 39
30 64
58 26
97 97
98 36
11 38
1 92
65 42
77 33
89 76
56 36
37 77
31 34
98 48
7 83
65 58
18 75
37 23
57 71
10 6
24 83
78 46
66 97
16 57
1 97
63 41
92 98
20 63
38 4
16 25
80 14
85 98
74 70
76 16
95 29
81 65
91 68
83 35
80 10
78 34
91 31
81 81
27 66
89 3
45 54
2 12
97 64
29 72
8 3
11 39
83 73
23 67
7 86
98 20
3 62
28 84
42 3
49 84
23 91
60 12
34 13
63 78
43 66
66 69
69 61
95 59
77 97
74 45
41 78
54 23
59 45
80 68
46 46
13 31
27 41
25 89
17 9
54 70
98 47
91 7
78 25
22 74
35 72
4 64
85 62
6 28
31 39
47 34
25 69
30 58
88 23
19 33
81 2
60 11
77 59
94 88
16 88
55 6
53 81
29 94
21 37
85 77
93 32
85 86
99 78
62 74
83 62
31 5
95 1
26 37
14 40
4 100
80 95
18 15
78 19
66 27
29 6
99 6
23 30
10 56
52 24
46 21
80 100
54 55
9 98
71 39
91 73
63 91
69 28
17 15
10 10
53 12
45 44
2 5
5 2
68 17
32 14
100 36

100 140
76 52
45 76
9 56
52 88
32 66
35 12
58 90
10 26
24 74
90 53
73 18
72 39
74 13
41 43
5 33
30 52
73 30
2 72
80 8
93 88
89 99
95 83
70 64
51 47
51 60
39 53
81 86
44 9
52 71
17 90
86 59
37 30
33 15
25 6
78 56
58 83
69 14
93 32
17 95
57 36
7 77
21 53
59 87
26 84
12 37
16 90
37 87
42 78
83 84
14 98
6 65
70 23
19 30
42 70
22 51
21 4
41 27
71 61
18 55
76 13
5 47
43 59
40 87
9 52
56 22
47 35
55 85
37 55
19 68
45 50
8 70
74 49
94 14
94 75
12 11
29 16
86 92
3 24
31 2
20 51
86 87
63 70
99 27
87 44
99 15
63 56
74 43
3 87
32 4
44 48
54 51
76 99
35 52
18 78
67 39
27 67
35 36
98 24
55 95
11 60
44 37
46 29
79 25
42 77
92 14
4 4
66 67
75 79
8 23
93 37
41 59
1 24
89 89
88 3
21 3
31 94
93 90
24 77
36 86
44 91
35 13
79 8
40 22
34 36
20 9
29 31
42 38
11 11
71 68
59 37
46 86
52 70
75 23
86 44
38 17
72 69
2 99
97 51
40 76
1 80

100 140
93 13
1 70
13 64
96 72
92 37
88 76
18 8
34 69
43 48
34 20
52 46
75 61
56 92
51 67
55 87
29 34
48 62
26 54
70 15
30 82
79 36
66 80
42 35
21 1
29 88
81 33
50 88
60 90
87 48
72 80
59 33
96 75
16 70
86 8
14 66
100 69
79 20
27 27
68 87
95 48
78 54
47 86
75 56
23 97
13 86
59 54
76 74
72 45
26 73
18 81
39 51
25 41
39 31
79 68
51 37
17 46
54 27
54 46
37 85
30 9
48 95
22 69
94 82
12 31
94 57
77 37
44 52
54 46
6 33
54 55
7 53
75 55
21 54
87 31
14 90
14 30
93 44
4 70
26 22
79 6
47 14
41 31
67 79
34 79
57 8
61 76
71 80
78 57
19 96
62 100
40 67
53 43
53 91
3 92
21 45
40 16
54 99
63 95
15 62
89 22
26 82
48 80
42 68
33 31
20 93
99 94
58 82
58 78
47 93
69 5
98 44
48 48
66 29
95 91
99 21
22 90
20 33
30 92
69 75
11 74
70 80
27 81
81 42
94 49
94 13
61 49
18 3
55 25
47 24
4 97
86 44
98 49
9 72
79 27
85 57
65 86
53 55
51 1
54 11
88 97

100 140
19 84
96 71
42 2
76 54
96 77
7 60
61 62
11 90
83 97
79 83
27 73
45 44
85 91
36 5
50 40
58 89
9 48
51 11
67 85
44 30
26 94
36 15
100 60
14 44
91 58
37 45
40 3
65 85
91 25
20 94
98 35
76 4
63 40
18 66
14 42
12 44
79 68
31 64
1 72
98 35
51 96
84 47
38 52
56 88
11 20
93 49
39 57
74 79
68 33
6 29
53 31
5 18
69 64
27 100
32 18
40 96
77 84
34 92
8 97
19 22
30 58
29 20
90 36
25 12
70 41
66 25
26 85
96 46
21 97
93 34
79 69
23 4
9 58
38 39
8 68
31 32
49 11
62 31
42 53
7 91
64 30
12 66
94 64
51 17
92 5
66 22
76 44
42 46
3 48
29 65
61 67
76 59
92 83
94 74
91 1
20 88
57 80
36 27
60 67
76 68
18 74
46 11
40 72
40 18
63 78
75 32
39 72
94 20
74 46
83 68
15 96
84 65
45 32
90 64
96 44
7 31
83 30
94 17
83 100
11 55
67 94
84 47
100 62
100 1
100 55
62 83
37 52
14 45
43 24
2 27
56 26
46 41
21 87
82 16
49 46
72 65
91 97
44 73
53 72
15 94

100 140
21 35
13 65
39 50
46 42
12 69
28 21
93 8
98 45
31 98
31 41
27 1
18 56
29 20
63 25
40 2
61 18
65 51
84 37
48 22
16 41
22 98
83 65
62 59
94 88
90 17
75 72
85 52
40 46
32 52
18 94
96 9
87 86
90 34
82 27
27 16
88 61
16 25
51 73
87 1
68 37
35 7
75 35
87 12
96 86
59 76
87 45
12 16
27 7
78 99
37 88
69 83
82 63
1 14
23 58
97 76
66 31
82 71
45 52
78 71
1 67
5 23
84 5
96 14
66 58
24 36
4 25
4 11
89 62
20 78
12 86
29 17
22 80
38 60
85 55
65 1
38 10
89 87
1 64
31 53
59 41
34 88
21 53
16 46
68 15
85 84
4 74
65 79
27 91
42 98
88 94
38 63
86 86
31 52
49 91
87 64
18 75
22 53
28 37
40 63
75 27
38 5
23 60
46 23
55 77
83 31
18 80
66 26
90 64
4 40
71 38
46 38
65 58
41 14
43 72
10 81
78 50
73 86
79 21
11 81
65 87
13 36
60 27
40 74
26 38
79 82
84 27
76 78
62 46
74 64
66 8
72 99
46 47
3 25
27 93
39 41
93 87
14 94
91 69
76 34
37 9

100 140
47 13
85 91
10 88
64 23
33 9
61 78
85 33
50 57
88 35
37 37
2 11
55 56
87 42
65 57
15 77
73 38
85 45
55 64
19 20
55 54
17 60
84 33
60 22
79 46
36 57
1 31
2 66
92 100
18 84
9 29
35 69
77 100
97 96
69 99
12 99
97 36
31 26
68 23
69 22
81 68
69 14
88 39
78 39
25 77
12 11
80 62
53 18
76 33
14 10
47 74
65 96
17 30
70 15
45 78
65 37
54 97
44 59
55 31
66 97
1 86
90 81
92 10
68 90
52 42
62 59
27 93
72 78
3 31
35 52
87 95
45 19
79 34
36 95
43 24
10 65
15 75
39 22
94 73
24 40
32 43
85 49
9 93
41 82
49 64
85 23
78 75
74 35
81 71
29 53
40 27
20 46
41 48
45 44
76 15
28 89
81 11
47 81
60 3
30 74
79 80
99 71
45 37
12 86
2 96
41 98
53 98
48 100
73 95
72 67
63 44
90 24
89 7
46 29
95 15
20 9
72 75
23 59
63 49
8 86
19 44
18 85
44 39
19 72
14 57
66 9
45 24
16 43
32 50
28 65
97 74
66 20
67 73
51 73
89 3
94 47
85 26
12 43
75 59
9 37
19 61

100 140
56 52
68 31
75 4
87 77
82 85
9 69
59 3
83 72
87 25
47 11
48 52
95 4
86 88
73 21
7 2
38 98
1 36
26 40
53 53
51 21
8 34
20 20
61 48
85 99
5 55
92 23
59 33
40 44
27 14
61 56
52 27
21 50
44 19
71 10
87 19
82 14
6 59
45 12
26 20
79 17
59 73
55 52
30 71
68 14
47 44
52 14
51 52
19 45
10 90
58 53
2 47
56 79
94 41
68 16
12 65
47 27
41 22
58 98
2 37
39 38
8 56
12 33
57 12
44 75
26 89
4 31
37 7
84 71
92 24
33 47
89 32
36 65
95 77
90 28
77 52
37 27
4 24
34 26
4 46
54 66
18 81
41 86
95 9
100 86
68 23
49 86
96 17
22 47
1 52
75 70
12 89
33 62
70 92
39 40
72 61
54 11
1 51
95 95
36 37
62 86
46 60
55 2
64 58
93 42
40 39
75 6
92 28
87 34
44 63
48 81
35 17
12 51
78 69
65 93
93 30
45 47
82 62
76 63
80 82
7 82
57 48
53 7
14 100
23 39
69 90
61 44
33 74
82 47
5 91
29 19
13 6
27 40
46 73
42 97
37 74
68 94
89 14
10 88
83 66
87 45

100 140
41 57
39 75
5 76
78 13
97 33
90 78
89 67
5 97
34 34
39 56
23 74
65 86
34 37
66 25
30 20
73 80
68 78
80 82
57 84
82 39
39 27
54 63
2 80
65 33
61 31
33 48
64 63
72 100
77 41
47 64
33 3
45 70
98 97
83 40
30 41
5 17
47 49
89 72
35 61
91 85
33 8
57 26
95 40
34 85
19 34
71 31
57 42
29 62
23 92
75 22
19 35
93 30
20 93
45 2
39 75
85 5
3 64
60 98
55 2
72 3
49 13
93 84
58 88
23 95
62 58
16 77
12 68
6 93
27 18
21 54
86 45
17 42
28 65
49 54
44 77
17 38
64 67
80 20
36 11
68 100
68 91
77 57
31 7
76 44
2 46
46 95
47 79
8 66
29 8
35 52
72 42
76 43
7 71
19 35
1 59
78 17
91 50
23 5
84 27
95 38
74 47
87 36
61 33
88 58
53 26
53 93
14 61
22 83
30 44
22 38
20 89
53 97
78 66
32 59
50 20
88 92
100 40
89 70
23 100
87 33
1 2
50 96
30 50
57 83
82 93
78 1
56 93
63 38
53 50
41 40
49 41
13 9
100 62
78 55
94 25
34 85
32 96
19 43
8 14
73 5

100 140
19 69
98 10
15 6
72 21
29 67
22 24
26 78
50 13
9 6
86 7
72 8
4 34
22 88
54 28
21 40
53 57
43 81
93 4
4 77
29 31
1 41
91 7
72 63
27 86
90 26
73 17
35 45
9 48
45 39
81 56
82 27
34 55
42 67
79 51
14 64
74 57
58 19
31 62
77 55
56 59
89 57
84 87
63 22
39 88
4 24
37 67
24 51
32 14
54 11
48 23
1 65
3 75
5 48
84 40
14 27
40 54
41 64
71 68
57 83
83 46
65 94
23 31
57 95
30 23
65 37
2 52
63 44
1 57
5 4
2 100
99 16
42 48
85 90
82 3
45 46
4 100
96 5
76 51
7 94
87 54
92 99
73 29
71 8
68 77
92 92
49 77
67 84
76 48
92 26
20 61
64 36
72 33
83 8
75 13
74 20
100 79
91 84
47 90
73 72
52 53
6 18
36 22
76 31
77 93
64 78
48 66
30 3
90 52
37 94
49 29
88 9
4 64
52 39
60 86
37 13
73 8
91 84
40 11
53 100
36 95
73 94
53 67
63 57
27 85
89 14
76 87
75 84
42 66
29 14
30 22
2 97
29 26
73 31
52 20
89 70
29 18
57 76
2 57
72 59
42 14

100 140
64 48
46 68
84 41
33 29
24 54
41 77
44 28
82 13
33 73
57 10
33 3
55 47
35 46
26 45
81 62
59 34
22 15
14 65
6 77
48 89
50 23
82 72
60 97
71 3
4 38
97 80
40 17
94 86
26 91
19 42
9 61
72 33
95 31
36 69
59 80
6 5
99 24
90 60
17 37
29 59
84 74
38 56
18 54
78 49
7 83
82 35
6 40
27 89
74 36
86 59
51 80
16 29
28 53
32 5
92 84
70 61
24 17
51 89
82 43
41 99
9 4
17 69
29 16
34 6
55 91
24 85
62 94
71 83
29 41
77 66
35 55
87 35
53 95
20 94
90 40
35 74
29 35
89 29
24 26
48 4
17 67
2 99
17 54
5 62
76 16
9 27
48 15
36 64
2 46
93 6
52 29
64 5
70 21
64 45
44 11
82 31
50 35
56 39
40 27
94 37
25 52
22 64
56 6
52 3
21 49
2 71
98 71
24 55
64 19
46 98
79 55
84 45
28 34
25 24
20 61
93 90
58 96
59 93
44 53
25 6
69 92
33 64
36 21
16 46
26 52
25 56
74 50
90 24
92 70
24 61
44 26
26 12
97 50
57 26
96 11
78 22
31 18
6 48
99 10
41 39

100 140
38 44
57 63
18 89
60 65
63 51
88 12
73 49
96 76
68 11
94 6
62 20
1 4
63 1
4 19
32 44
44 26
90 94
14 24
58 99
17 15
56 73
45 44
42 49
62 13
94 80
23 17
80 35
13 4
88 22
29 78
35 29
47 43
45 56
27 13
73 28
65 36
42 49
33 15
98 65
57 84
72 4
64 6
25 10
91 87
70 68
84 20
34 33
59 86
13 64
92 3
59 84
37 46
31 9
93 94
64 23
67 90
35 6
19 32
38 63
15 24
11 3
50 60
46 20
64 6
77 53
71 91
96 52
81 43
85 75
66 72
84 10
30 68
76 14
75 59
57 96
62 84
54 97
91 87
27 70
79 34
77 58
30 47
75 15
43 69
29 32
55 62
21 68
30 60
38 74
96 7
85 21
9 22
59 41
71 78
81 98
80 69
18 47
78 93
24 73
54 67
75 98
85 33
74 82
92 42
30 92
6 5
41 21
96 44
78 33
58 7
64 83
12 58
35 17
59 17
54 52
63 62
74 95
39 37
45 28
82 98
46 76
27 33
31 67
47 31
66 57
36 28
54 48
63 25
93 78
51 8
81 38
58 99
97 99
97 22
45 30
95 17
31 13
72 22
51 25
47 46

100 140
61 51
4 68
17 37
9 65
99 50
65 82
55 30
77 7
4 33
30 77
74 91
82 12
60 98
29 38
82 99
10 52
11 18
38 36
86 72
3 49
97 68
77 73
49 72
72 59
68 60
69 19
89 22
13 1
36 11
72 37
72 97
2 96
73 62
2 50
17 49
16 20
38 52
9 73
42 62
64 5
59 95
78 16
4 4
66 91
78 23
48 50
31 9
18 24
68 3
73 60
53 50
42 77
74 1
95 23
62 43
34 83
8 65
39 88
63 13
69 32
43 99
70 48
42 48
84 40
81 33
11 34
24 39
99 80
79 83
49 40
86 74
89 62
90 21
39 99
47 48
11 81
2 69
34 85
61 31
37 62
95 74
75 16
2 54
95 34
55 85
56 9
35 1
25 48
2 67
86 45
25 39
97 83
61 37
16 29
56 87
64 10
70 43
37 34
82 64
44 25
62 3
18 43
11 4
29 13
46 48
47 33
59 64
32 100
72 14
96 61
68 40
57 38
28 3
6 42
79 77
27 84
52 2
15 88
50 16
50 42
58 39
15 70
53 54
15 35
69 67
78 79
73 32
6 35
81 16
88 30
82 61
22 57
74 10
28 59
66 35
41 5
23 11
27 31
67 10
86 79

100 140
33 65
27 79
77 22
81 68
99 40
60 58
17 45
32 72
86 92
17 85
46 9
81 3
69 13
47 97
70 55
30 68
76 96
60 26
16 18
20 10
7 94
95 97
99 63
47 39
48 77
44 41
43 98
7 34
19 30
15 79
77 30
74 68
92 41
100 13
20 68
35 3
34 75
26 84
41 6
19 6
63 20
75 79
9 25
32 77
13 61
14 87
2 53
64 88
55 73
11 65
77 15
35 92
41 83
53 30
82 64
19 52
11 86
77 71
41 47
31 78
55 4
62 14
82 36
46 83
37 57
15 1
24 9
57 22
53 67
40 67
99 65
62 38
69 53
49 68
48 93
50 13
83 80
26 24
27 7
50 5
23 3
93 52
77 81
94 58
69 18
85 29
83 96
73 93
18 100
86 13
51 62
64 89
84 57
79 79
3 89
80 15
76 16
73 68
43 79
99 21
42 57
51 93
17 5
74 17
87 17
45 15
3 68
43 21
13 2
25 62
57 23
4 6
94 48
87 79
59 50
32 63
66 11
23 62
15 61
65 60
21 53
45 9
88 78
9 89
44 30
51 38
70 97
80 50
84 64
24 53
85 33
22 61
87 25
64 51
31 57
80 56
12 97
25 90
61 54
74 26

100 140
70 57
35 85
30 9
62 90
43 69
49 87
56 40
41 48
50 49
24 21
97 39
22 17
86 78
60 41
77 4
27 73
5 31
38 34
51 45
10 98
50 2
58 14
37 27
38 39
92 39
96 72
18 68
88 100
94 90
98 9
67 53
67 46
58 54
31 38
29 17
1 80
38 45
75 42
1 1
48 49
86 61
74 84
25 7
85 66
28 78
45 34
16 43
67 100
7 2
78 9
65 45
19 60
24 2
11 16
53 9
56 71
18 70
81 96
45 78
65 24
4 95
10 60
71 19
73 62
77 5
32 93
9 18
12 22
56 74
94 7
37 1
48 26
21 37
14 69
47 74
45 58
43 23
42 19
77 32
36 97
11 17
12 52
16 38
88 75
27 33
88 40
22 32
66 51
20 77
81 25
51 4
59 87
64 47
69 60
34 43
9 43
85 43
94 97
13 74
22 100
29 91
38 88
81 97
25 57
44 7
85 7
28 17
41 46
56 79
93 20
64 17
33 33
95 65
88 34
53 66
26 25
28 50
42 6
29 61
62 92
4 2
87 26
39 64
55 66
48 11
60 28
50 36
41 66
71 89
83 44
74 9
39 82
93 20
86 9
100 1
88 13
69 96
99 40
60 55
36 81

100 140
67 64
66 82
39 39
24 61
68 1
51 22
93 3
21 68
5 55
75 13
83 58
47 59
3 34
13 77
72 81
89 46
97 59
11 43
18 62
33 13
27 34
39 15
16 70
29 62
86 52
32 18
72 31
21 39
40 83
70 25
52 39
51 11
42 56
53 14
57 24
39 7
5 9
85 98
71 59
92 47
31 57
80 52
18 94
94 84
44 19
66 93
46 41
37 62
44 49
7 23
13 31
29 11
78 34
59 5
1 21
29 61
58 65
16 9
83 46
19 83
80 68
24 61
70 88
27 78
74 27
44 97
28 67
81 20
57 58
28 5
100 30
9 73
96 38
38 78
27 44
51 89
90 34
87 57
76 55
19 36
53 6
14 56
35 62
83 86
3 56
98 46
79 39
99 18
55 98
7 26
29 76
93 36
95 81
34 78
100 97
15 42
65 70
72 63
96 22
34 38
94 66
14 19
5 36
87 65
97 91
40 15
87 59
99 33
94 71
49 24
74 45
37 86
55 17
21 21
22 90
44 40
24 6
18 14
18 96
77 40
46 12
54 99
23 34
83 88
2 13
43 81
86 65
66 66
8 13
44 59
8 37
34 40
72 47
78 70
32 91
15 97
5 99
50 62
92 52
89 87

100 140
52 73
89 76
80 23
75 52
82 73
2 2
33 78
38 20
68 84
78 82
24 47
6 87
75 56
1 91
76 97
11 21
93 53
46 17
56 72
78 77
68 4
3 5
74 72
59 78
72 2
8 70
42 27
79 1
26 49
94 70
12 96
100 4
73 2
18 68
32 8
25 19
89 37
90 78
14 79
54 16
30 25
34 100
29 74
1 96
30 10
62 82
39 78
73 17
18 87
28 10
96 48
53 99
63 13
29 42
26 93
53 18
82 23
79 13
30 68
78 46
8 98
12 78
90 1
49 38
22 2
9 47
35 76
90 60
70 93
17 39
42 61
37 97
34 70
28 99
48 64
21 77
25 4
69 89
52 16
89 77
87 3
83 68
19 89
28 73
70 30
83 89
39 8
77 99
59 77
50 46
51 57
2 39
77 22
76 38
59 7
56 41
16 7
76 3
80 42
83 91
28 36
61 15
46 80
7 15
20 35
61 41
99 73
41 81
84 98
12 64
83 27
97 26
25 76
7 13
88 42
20 9
9 79
100 79
65 93
15 9
100 64
47 17
49 42
32 33
78 93
24 96
7 28
28 35
32 21
1 89
66 8
27 1
37 42
65 6
78 35
29 82
10 65
29 19
36 10
73 58

100 140
72 23
55 55
25 28
29 77
42 36
60 30
58 77
5 97
83 3
31 43
6 20
72 10
13 38
57 42
60 49
26 92
95 66
82 14
28 30
100 8
15 80
38 98
57 84
31 91
31 89
10 12
7 41
19 5
40 15
75 63
60 6
66 32
91 27
16 96
77 61
95 29
3 75
47 51
67 95
87 60
62 18
53 2
75 62
19 88
83 96
83 15
78 51
1 40
80 66
9 89
64 73
79 77
65 10
77 100
100 62
82 13
40 89
21 35
87 52
43 72
8 92
28 59
52 71
30 8
86 81
56 20
55 9
39 45
23 98
73 68
72 79
17 26
90 24
93 58
12 6
18 36
84 7
30 43
48 24
42 28
69 51
3 88
97 50
32 50
15 24
54 33
85 76
89 32
92 78
1 49
25 51
14 92
30 48
33 7
1 21
53 58
30 24
43 93
11 98
66 7
29 76
24 58
65 56
42 98
47 100
43 26
52 61
98 28
68 22
17 52
58 85
32 74
9 14
94 19
91 10
11 82
98 57
9 58
41 55
32 18
20 70
75 30
71 13
25 96
64 98
88 65
100 97
26 8
41 54
7 20
10 22
48 51
98 21
44 12
41 7
21 52
75 81
94 94
97 51
78 3

100 140
89 72
5 65
38 71
72 73
28 89
28 25
76 10
71 89
36 81
45 49
85 53
10 96
31 7
46 21
26 78
17 88
44 14
83 49
24 92
57 4
46 92
81 73
45 43
97 33
50 29
39 14
28 40
99 54
38 35
71 23
75 9
56 31
57 33
49 34
75 60
12 88
16 92
16 13
29 18
12 24
95 67
24 27
71 16
45 8
71 3
62 87
11 93
40 82
76 47
46 43
2 47
40 37
83 92
65 31
45 59
73 7
25 9
24 35
56 42
54 96
84 30
9 91
56 62
76 68
88 22
55 61
78 68
65 56
81 38
13 29
9 3
97 87
44 32
81 65
81 79
89 9
90 61
48 18
22 41
88 97
29 71
24 100
31 83
49 67
97 37
89 5
71 86
32 37
37 69
34 9
60 97
23 89
59 20
24 8
1 28
42 72
19 63
48 51
89 76
41 36
55 36
20 71
16 33
74 14
60 19
63 23
51 53
27 49
12 45
71 98
60 49
14 74
51 16
59 44
88 93
26 13
89 11
87 81
92 52
12 38
64 48
22 2
65 15
74 44
86 17
48 97
95 4
18 92
92 71
49 87
58 2
1 41
23 20
66 64
53 100
52 72
65 18
49 74
17 90
84 24

100 140
60 19
26 58
27 24
62 45
73 11
51 60
62 40
45 15
69 2
37 74
41 34
57 7
27 48
12 94
24 90
86 71
41 66
17 5
51 63
53 56
60 8
83 59
7 85
67 96
83 99
5 79
2 32
67 57
1 84
50 18
31 54
54 43
8 71
82 26
40 66
12 49
86 20
13 42
79 9
86 66
72 13
97 98
18 19
75 56
99 16
28 60
92 72
76 39
11 39
63 71
73 95
88 52
71 5
67 54
42 88
99 11
1 29
52 2
6 36
35 21
98 88
3 95
21 35
74 14
32 72
67 5
26 99
82 35
30 27
75 84
76 34
47 100
96 32
62 41
24 9
17 39
8 52
47 87
87 67
92 21
50 24
86 96
86 29
19 27
24 94
77 50
53 59
27 32
43 30
89 43
60 41
42 91
20 50
7 48
52 75
15 46
36 23
33 28
89 48
67 81
66 39
79 13
59 89
54 25
65 29
52 34
65 8
7 79
93 3
95 60
90 30
67 90
13 37
31 21
11 48
21 100
26 88
34 81
85 42
17 35
33 46
7 72
78 97
36 71
25 8
77 66
71 17
72 10
16 64
70 55
56 79
79 57
25 17
81 9
52 31
10 64
45 24
58 10
8 51
68 35

100 140
69 16
80 43
83 58
8 79
23 66
21 55
27 25
10 53
20 100
33 12
50 98
55 34
17 99
15 34
61 81
11 54
57 4
42 21
31 83
58 11
15 51
18 54
57 12
18 52
61 93
61 59
20 51
41 31
95 30
5 6
3 46
77 74
36 18
68 65
51 46
98 35
97 88
4 48
8 2
67 77
80 81
81 7
43 33
91 46
53 55
60 89
68 64
26 36
59 67
83 47
100 85
8 88
74 10
81 22
89 37
12 50
42 89
2 49
27 22
56 49
28 100
95 70
10 70
27 84
82 10
86 9
56 39
20 76
57 98
39 19
75 5
73 83
24 18
65 32
62 86
72 55
17 2
100 14
85 73
70 57
82 43
21 70
79 100
70 94
18 2
23 12
39 77
29 49
82 24
24 44
67 2
4 55
67 77
63 97
63 30
56 74
68 54
46 5
27 32
51 18
78 70
13 54
83 6
69 7
44 90
34 97
61 46
43 31
6 27
13 8
5 28
16 51
7 66
32 20
26 73
55 60
26 79
88 4
92 90
80 20
28 32
89 4
24 18
98 79
21 90
26 41
13 74
83 100
93 4
65 89
2 3
3 79
49 7
45 71
58 29
1 59
59 61
34 41
92 89
68 8

100 140
54 30
20 96
69 63
43 24
91 8
52 14
50 33
27 61
33 71
64 92
70 31
14 4
48 92
75 91
73 12
66 44
15 26
68 75
12 82
84 77
93 74
57 68
96 96
36 33
67 93
1 87
16 66
16 59
62 25
99 60
86 76
35 34
56 31
27 21
5 1
53 66
31 79
32 37
15 24
7 88
15 25
75 79
93 52
51 70
65 41
43 35
41 75
5 39
13 45
93 20
74 100
58 96
63 6
26 25
97 97
99 88
41 52
70 21
83 18
36 55
1 52
76 34
41 81
57 51
50 66
79 2
43 72
76 13
83 28
67 11
18 23
46 40
49 3
97 18
25 93
26 28
13 94
83 33
63 90
11 25
66 6
5 43
89 13
14 56
70 61
30 86
94 16
18 70
39 19
9 88
85 21
44 63
1 1
25 86
54 32
15 14
98 57
40 29
1 28
49 29
60 36
53 4
90 38
89 14
82 33
82 31
84 62
98 70
82 76
13 69
59 74
68 96
69 57
77 49
6 55
83 62
71 93
33 35
73 99
55 11
54 10
23 75
83 34
5 49
4 17
89 81
40 85
97 9
2 37
25 27
45 67
78 77
10 40
28 14
70 49
57 72
45 45
23 62
99 72
30 4

100 140
53 95
18 95
33 28
58 46
70 59
5 4
67 77
90 31
25 53
94 68
28 50
31 57
28 96
25 39
29 58
90 8
1 69
13 7
64 92
78 76
94 59
52 96
99 46
6 36
55 1
2 16
66 7
29 25
4 32
73 76
71 48
50 76
96 63
85 70
91 42
33 93
34 27
43 65
98 50
14 33
21 85
81 24
41 38
35 24
43 68
85 53
27 49
88 41
64 95
73 3
23 50
76 53
82 27
7 24
58 75
94 32
36 80
68 19
94 17
58 21
58 52
76 32
44 81
41 20
84 32
97 98
62 48
70 57
87 58
27 41
55 23
87 12
90 10
83 69
53 36
89 22
78 68
69 85
17 7
75 44
74 13
12 30
78 20
97 32
32 34
11 72
6 20
29 24
66 75
31 70
33 78
68 32
74 4
73 78
22 50
14 52
47 33
82 75
10 81
2 90
78 22
23 16
86 6
60 61
60 27
94 34
74 71
58 24
39 45
4 35
66 85
24 47
48 60
84 14
71 45
86 51
75 23
69 70
8 85
27 25
32 80
26 50
86 15
55 55
80 49
23 14
20 100
90 25
94 22
9 26
78 75
10 72
17 19
59 27
50 41
36 59
46 96
8 100
87 44
91 8

100 140
38 21
20 28
94 70
50 48
98 10
55 57
7 74
31 25
51 2
50 36
23 78
34 33
37 88
34 22
37 24
33 67
7 57
11 16
92 7
82 24
87 32
97 82
69 22
10 6
97 1
16 64
89 90
84 52
67 59
71 20
30 17
26 69
5 14
97 54
80 70
26 82
70 22
32 64
57 78
71 81
64 95
32 57
87 85
90 50
90 16
55 62
47 87
100 62
72 28
9 32
98 59
84 72
27 69
68 37
78 89
18 45
79 32
89 39
44 37
86 4
19 27
10 21
14 62
87 91
3 49
85 9
71 63
53 31
21 29
1 61
100 50
88 92
71 79
24 29
41 57
69 4
32 30
48 1
82 93
61 9
40 89
78 91
79 22
33 71
11 21
75 27
9 55
6 99
25 20
15 47
93 1
68 83
100 14
81 34
30 54
7 15
57 19
65 53
5 41
28 20
9 37
26 59
13 84
39 48
83 92
5 52
3 44
88 24
70 4
68 28
60 2
39 96
13 24
92 85
78 79
22 52
81 87
3 86
19 100
57 86
51 2
70 40
77 74
86 1
58 79
15 72
13 41
45 100
78 90
91 94
4 82
87 85
36 84
32 10
32 46
46 48
53 35
37 9
59 64
27 78

100 140
35 40
33 50
8 59
95 54
64 86
13 93
51 51
42 25
42 68
15 72
78 84
11 53
13 77
63 99
17 91
9 16
44 73
17 20
42 35
35 88
73 14
99 6
12 16
90 74
36 86
72 88
36 69
14 24
38 26
33 28
36 19
37 40
14 82
88 74
78 65
33 38
45 25
15 92
43 6
40 44
5 90
100 54
29 55
36 24
82 100
2 16
26 82
58 80
71 64
19 32
24 5
6 85
83 70
99 27
49 10
53 13
69 43
90 57
11 94
73 15
7 42
34 17
60 2
40 20
80 13
12 18
66 47
27 33
100 7
87 2
75 97
15 58
73 9
79 35
98 34
23 70
88 93
2 94
8 8
91 64
83 97
74 94
43 37
99 47
66 33
76 32
63 18
6 49
34 13
26 10
54 88
55 11
100 3
63 80
60 65
88 24
89 78
36 69
82 1
34 41
1 68
8 1
36 29
33 75
45 79
60 8
1 69
29 86
56 99
44 65
72 7
37 53
7 84
10 40
20 5
62 19
78 15
41 78
33 29
33 87
97 97
29 72
58 71
93 63
35 27
69 61
77 56
81 51
35 10
27 46
84 28
64 14
98 82
25 91
88 53
39 2
46 96
84 3
99 13
31 56

100 140
42 70
94 94
48 70
69 96
56 73
26 38
83 42
89 89
94 70
17 68
19 31
69 70
92 7
52 82
78 65
56 69
100 39
97 100
98 90
8 82
74 13
69 21
35 72
7 30
11 69
88 27
18 31
52 49
11 48
58 30
85 45
66 35
69 51
48 9
10 62
15 46
48 51
80 98
15 15
38 66
95 47
42 60
11 37
70 40
34 100
89 57
10 71
73 18
76 95
87 54
36 29
67 80
95 68
36 97
37 86
93 75
62 72
63 31
24 77
59 99
5 60
60 82
34 17
97 86
49 67
23 39
68 48
66 11
71 40
52 96
30 43
42 82
2 58
17 53
27 91
54 11
65 26
23 80
55 76
46 23
59 56
53 15
46 5
71 69
44 20
95 53
76 22
55 76
14 14
15 22
91 20
52 7
65 4
93 82
70 9
30 53
8 57
94 86
91 82
32 93
3 52
47 50
99 28
73 74
68 39
44 100
55 43
58 36
25 22
60 39
85 51
37 43
78 31
76 63
45 58
92 83
46 92
20 38
54 8
5 44
3 34
4 50
12 33
1 42
26 33
12 25
69 65
49 9
86 79
64 80
84 28
62 87
56 1
69 91
29 80
8 18
51 54
37 40
17 81
77 60

100 140
40 19
25 92
94 27
46 51
66 32
13 2
53 6
66 87
76 34
45 68
56 35
52 34
64 5
58 2
89 90
16 41
89 90
89 19
38 11
91 27
84 46
25 23
2 55
56 34
10 42
35 44
79 74
39 19
47 13
24 81
80 93
83 10
99 5
67 1
89 77
46 43
46 65
14 24
83 26
82 15
74 62
74 3
69 85
51 16
91 69
33 13
54 25
37 18
56 18
52 99
64 88
73 97
68 55
56 57
95 92
16 41
64 96
65 66
37 96
42 61
79 69
77 34
68 54
100 66
64 59
89 33
51 48
36 5
60 30
78 38
20 90
24 56
70 15
37 69
81 29
45 43
67 55
44 21
52 98
55 7
57 42
31 39
37 2
42 74
57 40
39 27
74 60
5 70
47 46
6 80
84 72
91 52
26 19
100 68
76 72
55 98
20 99
93 9
55 53
33 9
18 56
7 2
24 72
53 91
64 10
34 64
8 33
16 88
25 28
41 12
80 47
90 47
18 37
66 94
21 99
92 43
21 18
49 19
29 63
34 67
59 1
3 73
36 75
49 3
57 8
18 77
36 13
86 31
72 54
45 76
48 21
73 47
93 34
98 91
92 52
61 60
52 27
11 45
96 67
68 28

100 140
87 19
48 12
45 78
87 69
77 83
77 92
79 16
50 95
43 62
53 78
80 25
72 84
10 9
97 42
77 42
61 46
60 96
71 8
58 19
84 65
71 90
42 32
26 98
52 47
38 67
65 9
91 2
69 54
32 79
82 31
34 18
74 6
26 18
92 8
49 58
80 45
22 73
78 11
14 86
6 63
25 41
5 27
46 48
10 57
78 88
39 57
86 31
98 25
1 67
56 99
62 60
50 73
7 21
3 38
8 5
75 76
56 83
22 72
49 60
55 32
72 94
42 47
47 68
30 30
16 13
37 86
3 43
77 18
35 33
74 6
31 22
60 73
1 73
52 45
35 13
53 97
5 86
29 1
15 47
96 45
75 42
26 74
1 39
26 24
78 60
47 27
81 72
34 95
80 14
6 61
96 32
47 27
44 58
26 62
6 46
99 70
12 19
81 27
10 92
49 80
89 70
64 18
19 20
24 73
23 76
16 24
5 63
82 65
66 76
60 51
26 85
73 23
41 91
3 99
82 47
92 90
78 93
88 5
83 32
28 40
80 46
22 4
47 55
33 51
71 27
63 40
92 3
73 69
1 48
57 30
50 7
34 90
78 23
90 19
26 69
5 60
10 69
82 1
95 4
46 15

100 140
72 77
32 63
36 20
53 56
84 56
57 13
62 41
38 15
61 59
84 13
52 63
92 18
28 34
99 3
14 74
17 29
66 15
95 65
10 100
77 26
65 19
58 53
53 91
90 29
72 88
27 84
58 49
12 58
18 13
5 40
81 96
99 88
77 95
95 5
97 36
36 10
92 30
25 71
31 19
69 83
64 34
65 5
53 89
4 58
89 47
99 4
7 84
93 9
85 90
53 71
39 8
42 36
17 98
37 50
82 6
3 87
60 10
85 80
34 27
80 3
51 95
74 39
56 81
38 50
62 49
46 13
11 89
2 44
52 53
32 48
24 74
48 91
6 72
54 87
72 54
40 42
40 23
56 13
21 12
39 93
65 97
90 41
93 17
46 28
92 17
26 76
78 27
76 55
16 26
62 26
82 62
53 77
77 65
91 83
33 97
18 61
53 98
96 92
97 1
91 96
28 41
12 47
31 61
53 37
31 57
75 31
86 33
62 11
99 87
7 37
71 54
78 65
96 86
98 89
51 73
37 82
33 59
30 58
24 86
15 58
70 89
19 4
20 24
1 25
47 2
98 10
92 68
82 45
34 33
91 10
19 38
4 28
66 36
67 48
57 41
49 74
25 1
85 44
85 56
6 10

100 140
45 62
72 61
30 1
90 36
49 43
56 90
15 39
51 1
90 69
10 3
82 25
44 17
64 49
25 50
12 98
6 67
73 46
17 63
49 28
100 22
41 81
48 93
59 93
31 39
61 100
69 40
4 77
96 82
30 11
81 16
29 78
1 20
68 50
96 52
91 25
35 97
44 49
96 32
23 48
77 35
11 61
67 21
88 67
3 62
24 99
57 38
27 94
84 1
54 82
25 86
51 70
67 23
10 54
97 25
66 67
98 13
76 45
67 68
30 34
1 54
41 97
65 89
3 47
11 77
13 31
43 95
29 73
41 51
8 57
17 71
64 45
88 56
38 14
50 64
82 68
62 36
16 43
99 88
56 54
16 73
23 50
51 54
81 86
86 22
35 25
26 88
95 18
66 9
70 18
99 53
44 17
79 7
33 82
25 23
100 87
54 49
81 84
79 82
81 56
59 77
62 62
63 100
12 29
88 69
36 56
43 14
15 30
59 22
32 59
2 94
10 30
93 48
65 38
8 86
98 76
4 25
4 14
96 30
36 17
56 23
8 56
28 23
28 38
49 10
69 68
100 6
55 25
79 83
94 21
1 37
1 25
23 68
94 30
18 9
24 17
84 79
31 94
56 53
38 88
61 64

100 140
71 42
54 24
86 59
98 66
67 40
76 37
50 32
18 17
63 56
98 4
7 75
76 8
22 62
62 62
84 16
74 14
100 42
100 12
96 21
63 2
94 68
46 95
69 16
97 85
29 8
58 53
2 58
54 55
42 9
92 94
3 57
24 61
19 8
18 44
80 27
81 82
63 13
52 19
72 16
44 8
42 45
49 52
7 29
52 100
13 73
89 32
14 18
10 48
37 8
12 50
60 93
41 27
87 38
12 42
6 89
48 57
85 7
11 39
66 96
91 60
47 65
36 74
25 40
46 21
72 57
23 59
1 91
36 94
22 32
14 33
94 35
96 5
93 67
80 8
29 98
50 96
96 64
93 35
59 99
83 98
29 56
74 23
21 35
63 67
9 67
69 12
61 24
40 65
23 74
2 71
73 35
58 47
67 28
61 42
1 85
42 78
45 97
12 13
37 71
83 19
60 26
18 1
19 22
5 43
93 39
66 4
8 98
59 39
2 6
19 12
19 22
77 64
32 70
20 50
50 30
91 46
26 93
94 67
11 97
98 22
46 47
7 26
23 63
74 88
50 81
90 38
7 77
86 10
38 96
25 53
64 82
99 42
51 54
88 20
100 84
73 47
59 78
54 16
68 72
65 28

100 140
23 22
78 22
15 49
5 22
83 29
77 10
6 31
60 67
81 5
37 79
4 16
74 60
31 84
91 58
39 31
52 79
44 48
47 98
49 53
76 86
57 45
42 10
11 42
94 98
47 23
78 31
16 44
10 75
40 78
3 41
95 94
14 68
71 46
97 88
57 65
90 85
17 95
97 35
37 93
23 93
65 82
96 17
79 1
62 73
52 88
82 83
95 53
8 80
37 11
67 40
22 91
94 67
11 53
92 54
63 60
18 54
29 12
4 24
90 73
83 25
62 97
78 54
24 32
86 75
25 51
60 26
90 73
53 98
59 96
3 17
6 60
11 4
63 100
70 52
43 86
4 30
13 25
18 8
100 56
16 47
2 41
43 4
31 6
47 4
18 52
63 56
79 2
95 49
84 70
53 20
62 6
40 57
97 57
72 20
40 94
89 58
68 2
5 93
7 8
17 84
4 11
90 10
25 59
66 21
42 58
25 81
38 30
22 44
36 52
16 64
27 14
73 91
75 92
77 28
24 60
16 12
25 23
51 89
68 73
22 65
16 8
11 13
70 78
93 99
11 45
96 2
18 67
7 90
42 55
88 90
35 10
86 30
92 78
79 64
33 67
20 65
45 11
25 65
60 56
32 70

100 140
54 88
59 93
19 56
22 72
56 4
11 86
90 89
64 35
74 88
100 53
73 84
97 86
93 57
12 57
68 69
50 55
26 28
66 87
42 75
11 88
27 77
28 66
96 67
5 18
5 45
99 47
8 94
18 57
17 93
25 14
16 10
14 27
25 7
2 12
74 75
60 82
58 95
91 41
45 39
87 54
54 53
87 13
99 89
49 34
36 41
59 24
78 43
100 49
51 3
40 36
67 14
51 86
35 54
49 43
2 84
95 19
68 4
56 18
71 8
71 61
32 15
41 4
96 29
57 16
57 71
1 43
31 70
38 29
95 90
24 51
66 15
78 43
81 78
69 56
73 38
21 25
50 88
29 71
70 92
79 92
87 59
62 33
53 5
84 14
39 70
38 77
66 15
65 35
46 52
69 16
93 44
39 43
16 97
19 10
48 88
10 71
63 76
27 25
87 35
77 26
62 24
74 43
1 31
53 61
72 54
98 47
11 58
95 83
46 59
74 73
15 19
9 72
22 59
87 46
88 79
34 82
13 80
71 64
89 61
44 43
32 6
94 98
35 8
50 11
8 77
80 41
67 46
54 65
27 83
74 19
74 37
38 61
70 33
91 38
47 5
94 91
7 92
87 48
30 83
96 42

100 140
85 38
66 100
91 66
78 19
49 26
62 99
13 81
90 43
64 35
19 89
4 20
75 59
47 45
60 27
36 53
82 47
51 63
1 61
88 16
58 38
73 61
63 32
99 8
13 90
57 19
8 12
53 94
25 62
37 39
90 14
51 83
43 25
60 38
67 21
75 33
43 65
79 68
13 90
57 8
95 97
61 78
77 39
84 69
25 59
45 49
70 66
54 73
28 7
88 73
87 97
77 70
35 40
30 85
79 44
57 98
54 50
62 39
89 2
12 86
81 70
20 15
6 94
28 35
73 38
28 22
75 78
48 85
72 76
51 15
19 2
8 7
38 81
56 5
3 39
32 100
38 72
64 81
89 65
50 11
82 16
21 27
15 50
99 79
10 50
83 80
78 65
11 13
43 83
66 84
91 45
51 23
42 66
5 24
53 37
70 71
68 90
28 1
72 96
54 54
65 87
42 59
93 70
84 45
52 63
14 42
58 93
26 98
10 30
50 49
4 80
16 41
19 65
95 94
34 78
8 47
74 57
70 15
20 87
9 58
91 57
50 48
24 94
6 71
54 54
94 71
9 59
9 27
64 22
72 85
11 4
6 50
58 79
44 32
35 91
31 20
83 63
19 35
14 85
57 41
4 52

100 140
89 60
55 57
21 88
53 6
56 37
35 49
65 78
57 13
11 89
19 64
92 92
15 26
57 38
8 41
69 98
89 35
96 60
34 47
40 35
100 97
64 71
97 93
37 26
60 70
67 22
28 66
8 75
49 22
42 39
82 20
96 96
58 78
52 94
75 22
73 78
66 1
39 37
50 48
81 24
9 77
72 9
95 44
10 73
85 19
3 78
29 72
25 31
55 11
87 83
16 14
38 32
76 25
86 13
11 41
50 5
9 15
85 46
23 41
60 53
42 66
82 71
59 37
75 40
57 69
55 96
81 72
68 25
7 30
33 23
65 60
31 40
46 32
51 61
58 47
55 25
21 50
30 12
63 33
54 62
33 59
70 51
37 69
14 6
45 62
80 58
29 44
90 48
53 75
62 83
19 43
82 12
70 75
37 46
10 90
66 8
2 72
7 43
82 74
53 56
3 80
91 3
94 30
91 34
25 13
51 5
40 57
28 78
57 73
17 70
81 91
81 19
22 62
79 80
48 4
26 39
78 26
83 48
25 26
90 28
69 85
80 42
4 45
100 73
31 3
96 89
10 11
6 42
23 95
92 44
65 5
65 11
67 83
63 91
60 54
32 25
76 49
56 17
17 85
36 89
26 16

100 140
63 4
18 4
42 16
56 79
48 10
37 94
95 57
81 9
70 39
19 63
92 16
87 33
32 84
56 18
7 53
50 49
44 86
90 56
23 37
20 65
90 32
99 76
84 9
64 55
42 14
36 95
10 87
29 78
95 98
70 37
82 56
62 10
9 38
32 18
20 6
18 12
20 44
45 34
97 3
73 45
68 24
59 24
87 93
3 30
31 65
43 67
93 91
81 56
80 70
11 19
27 59
46 65
81 34
83 56
97 86
58 99
56 18
71 81
78 62
94 6
88 96
43 69
73 78
66 3
64 35
17 77
56 27
84 92
62 62
12 78
32 55
85 19
95 72
77 47
35 61
48 29
54 49
21 70
30 18
36 63
10 87
5 76
80 44
11 73
27 70
28 23
18 74
68 70
73 3
64 65
99 81
3 74
49 7
21 40
9 61
69 97
83 16
62 41
39 47
85 10
71 1
30 19
25 45
82 73
49 7
3 86
54 27
95 33
54 84
10 1
67 33
5 28
35 19
75 2
49 47
7 21
39 91
43 5
44 31
23 92
89 21
93 88
8 9
58 37
32 1
74 95
71 73
54 57
94 57
45 30
8 63
4 63
62 18
57 17
44 16
72 33
85 43
23 85
96 88
86 71

100 140
77 90
19 85
99 95
43 64
3 5
9 67
37 98
66 46
84 17
40 93
57 71
42 24
95 2
91 52
11 38
28 88
70 24
56 89
3 52
96 5
46 40
8 80
98 64
27 20
81 28
74 71
55 5
23 7
38 36
71 92
80 85
51 79
34 27
96 34
28 52
51 83
19 81
38 43
71 51
74 59
16 88
39 65
98 82
41 75
40 63
40 22
38 70
94 80
34 12
90 11
100 81
23 60
74 1
39 59
79 31
12 20
68 73
90 84
81 2
45 40
81 41
79 59
20 40
82 76
78 9
90 8
44 32
68 59
40 48
15 89
8 94
39 79
77 29
52 92
70 41
11 24
55 21
50 98
9 50
7 1
79 95
80 1
96 54
60 80
45 86
8 17
67 39
5 89
32 61
73 55
87 21
78 53
7 50
72 94
89 1
93 24
44 11
65 54
49 34
89 17
15 45
48 32
27 41
52 55
31 82
8 57
20 12
97 58
95 79
63 30
93 29
56 99
52 61
58 54
74 4
89 55
65 87
59 84
68 24
18 40
96 77
61 64
98 28
33 87
53 49
52 62
72 67
26 70
29 94
40 94
37 17
99 68
33 74
65 72
25 73
90 74
69 15
41 99
21 26
44 20

100 140
9 43
31 16
93 63
27 60
61 50
53 19
76 50
4 70
55 5
91 57
69 98
19 79
68 8
58 51
67 96
13 74
53 58
98 38
99 35
10 29
3 47
34 25
92 54
87 19
29 43
11 79
100 26
81 69
7 5
11 48
84 94
100 65
41 85
73 59
33 7
72 97
1 94
89 14
77 65
96 3
4 46
26 64
33 13
21 56
100 29
68 52
17 31
23 38
49 54
84 50
48 85
1 55
47 58
96 7
98 40
19 17
3 38
83 44
67 53
60 14
72 51
94 70
31 95
29 90
84 44
32 86
42 65
10 80
22 6
51 84
26 63
25 88
11 35
10 5
98 23
2 63
85 37
52 28
49 77
15 16
63 61
1 95
21 26
16 69
94 97
6 90
20 22
90 4
57 79
70 88
91 32
73 23
16 97
12 12
28 47
39 4
19 20
81 89
49 28
9 10
17 10
63 55
58 36
21 5
39 98
76 61
58 10
72 73
80 13
89 21
60 42
50 86
47 64
73 88
91 67
3 64
38 8
32 79
2 25
53 94
31 68
95 15
51 84
74 100
49 20
51 32
63 75
79 27
76 4
49 53
99 35
69 23
40 36
36 80
36 52
58 7
30 65
43 12
90 9
85 18

100 140
59 71
65 56
34 1
34 71
17 18
46 96
87 17
56 83
44 25
88 62
74 57
74 51
2 36
92 6
41 88
86 59
58 77
63 95
6 14
5 36
17 16
42 1
18 28
8 28
40 51
56 32
54 69
45 8
99 90
64 19
96 59
67 79
68 21
95 34
91 15
4 44
47 69
73 12
8 83
46 64
21 87
8 17
63 53
16 60
10 49
96 33
98 59
2 39
100 59
37 44
14 55
34 46
36 39
36 39
32 93
64 18
79 84
21 54
6 69
29 60
44 81
2 76
20 84
34 16
77 75
87 36
61 79
61 72
77 74
38 1
98 73
59 12
36 69
30 100
40 36
31 93
78 100
72 42
77 94
17 62
91 54
9 17
13 4
66 41
17 40
56 18
7 11
1 31
52 85
50 50
16 89
94 93
29 27
7 73
18 79
19 76
78 54
15 61
24 36
67 71
24 85
37 6
42 35
80 8
26 46
60 13
66 40
18 1
5 74
6 69
8 41
5 78
65 32
7 54
60 91
18 6
59 31
11 59
58 1
42 32
11 92
77 33
88 38
81 81
1 27
84 85
37 55
3 42
96 90
78 97
82 23
64 24
97 41
9 29
42 42
27 90
56 92
31 8
34 82
2 11

100 140
54 25
5 19
96 6
21 79
2 65
11 65
12 70
83 85
10 16
5 66
98 39
69 95
48 2
92 11
42 60
53 42
77 14
23 36
69 70
99 89
47 49
31 63
32 67
75 11
62 62
94 10
59 91
57 59
24 15
14 46
23 95
45 24
91 35
91 91
34 67
84 100
23 35
8 100
87 17
67 2
60 53
25 3
77 81
88 55
44 46
23 49
83 55
30 12
82 92
89 21
6 51
65 44
29 22
66 60
94 58
79 43
58 4
9 73
33 24
96 41
22 11
53 80
42 29
34 80
45 59
36 98
73 29
87 86
47 25
36 9
74 5
21 79
38 46
50 37
56 12
3 95
99 30
81 74
66 57
8 32
60 90
46 56
4 20
69 47
44 23
36 86
96 5
17 69
11 23
33 47
11 44
12 4
28 52
14 42
52 53
52 19
97 42
100 47
97 97
57 44
49 17
46 95
74 45
36 39
57 86
55 92
74 16
25 63
46 48
37 57
54 48
95 31
52 40
12 88
28 54
96 32
84 78
80 78
43 88
32 44
73 58
20 66
25 6
65 6
47 41
67 71
24 34
29 85
36 96
67 94
20 12
56 40
74 40
97 67
86 46
65 21
98 89
57 97
85 86
33 49

100 140
21 97
52 12
64 23
36 14
64 81
30 51
59 48
83 30
59 11
14 3
85 88
17 27
63 43
6 12
99 56
59 17
76 54
86 37
76 11
29 25
73 93
74 49
57 54
47 85
100 78
37 71
2 82
66 31
100 17
91 90
23 14
32 13
23 83
36 81
10 83
65 10
71 14
17 85
98 44
77 64
48 13
36 64
97 60
66 5
16 7
95 57
4 27
55 53
93 26
4 85
1 35
39 36
97 13
41 100
2 49
63 56
50 62
35 73
89 88
89 55
43 8
28 28
23 45
79 99
37 3
66 31
89 47
52 66
72 87
41 3
79 85
37 28
25 8
56 75
32 68
57 46
29 82
18 55
57 16
69 13
78 42
11 34
73 57
85 5
58 49
32 25
6 23
78 28
31 88
45 46
1 99
90 24
76 47
45 70
37 35
6 62
81 20
10 98
93 50
54 80
87 83
55 99
60 59
82 17
97 80
61 44
14 45
52 2
42 14
18 20
43 22
82 9
93 44
30 96
25 52
79 97
1 12
7 68
43 49
31 95
42 7
16 93
19 88
100 18
51 93
48 4
78 50
34 62
41 60
100 93
80 24
11 59
44 21
84 26
23 3
91 68
67 44
56 45
79 77
13 73

100 140
53 34
58 46
24 17
46 48
33 36
59 49
22 4
29 43
62 55
59 26
23 20
24 41
69 16
30 99
82 51
95 82
72 31
96 5
7 49
27 91
18 72
15 46
31 25
18 8
85 6
86 63
61 7
58 85
6 59
83 91
63 26
69 70
83 42
30 69
57 99
20 38
93 72
73 32
93 48
68 100
55 26
73 50
13 9
77 23
19 12
82 17
67 32
21 58
3 49
77 38
82 64
58 9
79 21
22 98
66 44
5 99
62 68
43 44
54 93
66 11
49 14
33 24
78 53
100 34
50 15
51 94
74 56
33 40
6 12
6 24
41 81
80 19
61 65
32 61
14 40
24 86
29 72
83 5
38 80
4 1
23 59
83 71
97 100
31 2
34 40
98 88
40 73
69 59
21 16
51 5
64 27
62 26
27 50
82 28
17 36
8 27
72 28
17 15
40 2
38 35
47 49
95 48
69 15
74 36
52 38
69 21
52 75
51 92
5 83
84 55
35 49
45 51
71 28
100 22
47 79
50 46
37 54
53 1
38 29
11 57
81 62
30 45
65 80
36 85
41 74
13 55
95 60
62 13
22 5
95 36
87 71
10 89
27 35
42 26
55 82
56 96
36 38
38 53
50 74
35 47

100 140
61 3
99 14
30 31
95 56
23 24
51 12
24 58
67 15
87 55
76 67
56 42
55 52
45 49
52 48
34 71
51 97
70 92
32 36
40 37
96 42
30 56
79 76
13 39
5 19
71 9
39 42
24 76
96 13
63 16
20 39
82 97
2 23
86 48
36 10
69 60
68 11
56 8
63 2
5 19
7 5
16 37
44 49
59 77
51 53
3 18
9 64
63 92
29 40
74 65
95 57
100 66
5 48
16 94
34 82
59 29
20 4
100 21
79 41
64 21
26 77
43 95
94 77
44 16
71 57
32 26
73 31
22 9
54 88
15 23
66 28
85 94
88 58
58 58
18 15
37 89
86 41
74 82
26 16
19 47
33 37
19 66
49 26
9 31
16 94
3 66
4 70
37 60
30 15
66 76
16 50
66 24
62 43
8 68
36 46
47 14
15 5
16 88
56 3
24 1
44 23
62 27
59 48
73 4
57 67
22 35
83 51
79 19
67 64
75 69
62 27
98 36
72 11
71 60
89 55
64 70
90 21
4 3
48 25
55 62
72 30
49 47
16 24
48 20
17 98
90 10
32 64
29 27
16 61
29 11
26 23
1 23
4 5
65 88
14 83
71 9
14 28
66 91
17 100
91 39
86 25

100 140
87 29
20 69
36 4
14 84
2 13
14 21
24 43
6 10
44 20
90 27
100 10
63 37
90 25
3 65
71 85
56 39
68 16
57 100
83 55
23 5
13 68
37 37
76 51
86 35
91 29
73 92
42 37
83 74
52 33
66 86
35 45
29 59
76 48
91 56
3 78
73 24
1 40
18 28
37 30
27 42
76 15
83 32
37 2
10 24
23 3
87 73
57 37
71 62
3 70
93 91
10 61
76 60
85 11
41 78
5 45
17 88
87 79
83 56
65 44
49 66
76 7
56 92
56 31
20 32
22 3
13 94
77 9
51 77
6 56
47 47
80 18
94 92
83 100
59 99
84 23
5 12
73 55
95 45
33 80
62 60
1 51
94 89
24 99
51 33
57 32
19 90
51 16
16 54
6 80
44 48
70 63
37 63
85 97
18 37
20 79
15 29
81 3
7 63
31 59
28 81
26 77
2 88
38 98
19 37
35 88
38 98
64 19
52 71
94 76
12 73
15 23
88 7
32 28
49 6
100 76
38 60
58 83
9 66
17 4
87 5
24 37
69 84
60 71
47 37
78 60
92 6
6 12
34 96
46 44
88 79
18 14
48 67
23 34
19 30
100 44
1 61
74 43
29 6
76 79
49 45

100 140
56 75
44 82
39 31
24 57
43 8
35 8
98 48
74 6
88 96
71 47
98 21
60 6
18 57
63 58
41 23
78 11
65 45
19 32
37 25
95 66
25 50
3 86
69 64
25 63
31 77
32 11
60 73
55 89
61 69
32 13
51 92
96 23
44 16
23 1
84 20
87 49
62 89
96 37
28 23
50 21
87 14
22 100
23 90
82 26
79 2
23 27
55 29
27 60
8 48
46 46
84 71
4 92
73 25
10 3
98 75
42 13
19 32
70 28
15 57
35 55
73 94
32 59
41 98
91 74
8 31
32 16
36 64
2 36
96 43
94 24
24 27
75 26
95 28
31 23
42 23
54 7
47 92
74 15
47 98
46 5
72 99
85 77
83 22
96 1
69 67
10 82
25 6
74 46
29 6
82 29
24 66
37 58
68 55
41 48
97 49
3 65
82 87
12 49
15 93
31 49
8 32
3 99
12 69
84 78
42 12
2 24
48 72
39 65
71 100
74 93
72 66
42 79
98 18
19 38
35 61
92 80
88 53
99 94
55 86
60 40
3 47
52 85
66 56
14 90
28 80
80 28
14 6
94 91
82 26
15 21
100 72
51 43
36 11
23 41
22 92
90 4
75 33
68 37
6 22
8 65

100 140
19 71
67 87
93 59
62 99
66 6
39 44
57 73
13 36
100 61
41 45
3 96
97 12
38 13
29 3
47 53
26 51
61 44
83 70
35 80
33 65
47 85
53 61
65 96
5 39
4 21
64 80
26 8
50 42
31 99
90 5
64 94
62 95
61 9
83 91
13 11
31 76
42 93
68 61
67 75
62 44
19 90
14 35
60 84
9 65
83 63
16 6
28 88
46 92
2 90
43 44
55 37
41 88
68 78
19 5
78 83
7 26
22 43
90 96
35 24
10 10
94 37
49 71
94 92
4 70
47 38
3 24
60 14
84 12
34 68
67 7
78 55
39 41
44 47
55 8
93 18
10 45
86 94
19 43
32 1
47 25
54 62
15 9
95 8
59 49
73 60
35 74
39 28
26 49
91 88
98 40
92 57
38 15
17 82
32 94
29 30
2 54
85 25
30 92
55 61
74 78
78 94
14 89
36 49
37 13
100 7
64 50
48 47
78 97
48 53
60 71
13 70
73 42
5 54
16 55
17 39
46 89
57 21
14 17
35 77
23 7
26 43
39 36
28 60
19 40
78 6
8 63
33 70
91 38
57 80
82 82
73 42
81 17
60 23
38 5
22 91
53 11
100 23
4 63
9 2
24 98

100 140
79 96
23 65
17 65
20 55
9 20
32 90
1 37
53 72
23 48
42 28
36 51
4 57
23 18
7 77
92 27
87 9
37 38
20 58
5 17
49 73
65 36
33 58
18 74
49 47
87 3
36 82
2 57
73 22
93 86
99 65
44 77
77 5
77 63
15 35
85 83
32 67
64 36
65 21
36 66
24 62
65 9
79 33
41 81
96 77
75 37
79 72
12 13
22 21
67 12
28 90
10 73
76 66
31 63
32 41
28 49
17 22
3 89
72 88
59 20
74 54
70 36
90 48
87 71
13 55
25 95
28 81
50 58
21 99
11 50
2 11
24 13
7 18
56 94
33 85
78 45
13 42
51 41
80 9
92 44
27 31
89 75
74 94
66 79
6 78
89 16
74 28
43 3
86 34
87 20
61 56
92 18
31 81
39 69
64 57
87 67
96 83
97 18
43 91
61 97
97 50
62 22
71 65
99 29
82 8
99 74
35 73
14 96
77 50
57 42
25 78
51 72
92 35
87 94
50 74
80 5
90 13
88 9
55 44
80 94
49 100
2 15
80 44
16 39
59 29
83 15
78 53
31 65
18 3
15 55
5 34
48 48
45 65
4 11
81 16
74 23
80 67
15 84
49 36
28 51
93 9

100 140
98 30
67 18
94 61
13 69
68 21
47 39
33 4
16 14
27 58
43 3
47 25
49 81
84 76
53 12
38 70
23 82
51 30
1 56
94 89
70 18
93 53
64 98
6 49
75 93
56 95
60 17
49 69
10 46
7 65
75 2
80 31
67 11
78 47
100 54
78 16
16 91
4 32
22 92
86 7
11 76
36 42
94 62
88 34
23 13
88 57
17 68
28 23
16 60
25 100
96 5
6 6
78 77
94 71
64 23
28 6
100 20
83 4
59 15
79 18
2 19
54 26
84 11
84 1
90 58
96 64
66 24
100 12
18 99
23 11
88 37
47 82
40 50
48 47
85 83
49 70
8 1
71 81
53 11
97 23
11 46
95 70
73 19
84 24
9 99
58 56
84 38
83 45
90 98
79 100
55 42
62 76
54 20
65 49
47 41
80 45
88 17
36 26
18 21
51 65
14 89
16 17
37 30
48 47
29 57
44 100
45 8
94 43
16 19
77 55
9 71
71 9
53 4
54 32
25 2
90 56
91 47
69 93
49 10
59 23
46 70
56 32
12 11
84 38
3 34
95 10
29 30
24 92
75 55
14 91
30 43
78 34
35 46
8 78
50 68
14 45
6 26
76 41
5 34
93 4
37 90

100 140
34 8
24 72
66 80
40 51
80 9
19 58
35 76
100 56
96 72
80 9
1 67
24 27
51 86
93 92
20 95
35 89
35 79
72 29
73 4
88 92
33 88
42 25
80 71
49 52
90 64
71 36
27 6
19 35
95 48
36 30
20 50
46 93
48 68
52 87
4 33
96 16
81 64
96 18
100 37
21 78
51 29
67 10
91 98
59 41
49 100
39 33
14 77
73 29
96 75
61 48
65 60
88 50
47 100
70 56
47 26
17 66
10 37
31 80
54 20
83 15
33 80
34 26
13 32
47 72
85 86
31 4
33 45
2 19
84 82
18 32
9 63
61 71
43 57
11 83
3 99
70 95
95 68
29 6
11 8
45 19
87 73
59 52
92 77
82 51
29 21
48 49
7 54
99 95
44 10
67 19
69 65
19 65
61 32
67 62
40 52
24 70
1 69
45 34
11 17
48 63
86 73
70 24
93 66
71 3
35 13
53 6
21 26
27 71
87 72
34 22
20 51
56 20
88 68
67 93
54 17
85 1
44 61
36 53
83 1
70 9
88 16
8 76
97 31
79 43
59 35
69 25
10 57
60 57
77 89
92 23
35 100
87 35
63 94
16 26
4 48
29 90
92 49
80 65
59 33
32 46

100 140
47 41
2 26
20 83
97 74
27 10
26 69
26 52
4 40
7 89
46 8
83 62
37 94
70 96
86 90
53 70
63 29
56 99
69 66
17 76
69 42
67 27
76 67
29 20
50 23
55 34
47 94
8 11
96 32
92 77
78 43
67 90
64 58
99 20
26 70
54 9
58 34
55 36
15 47
43 45
63 14
43 33
67 83
88 63
7 25
79 80
82 25
80 67
22 12
31 27
92 67
28 87
82 33
31 41
28 38
93 24
13 28
26 3
95 50
61 84
72 48
87 67
54 89
71 93
40 94
17 47
77 47
13 80
94 7
85 29
21 5
40 84
17 16
21 96
21 90
100 35
56 6
31 53
47 50
35 58
63 85
18 23
20 32
91 69
44 88
92 79
86 60
35 42
15 47
83 74
62 71
42 7
95 7
74 13
55 37
35 87
98 74
35 3
47 81
71 5
11 22
8 51
82 95
93 96
56 42
6 73
18 94
46 45
42 18
25 2
46 73
44 63
60 91
88 63
61 72
7 36
91 17
36 83
27 67
34 33
51 87
26 27
74 53
59 82
19 31
100 67
5 93
84 7
6 31
78 50
47 31
11 51
31 28
41 75
47 38
23 8
46 40
54 29
27 89
83 94
39 99

100 140
96 66
25 60
15 43
72 48
19 17
84 60
84 48
82 60
53 21
61 89
42 91
67 51
4 98
83 99
41 36
80 79
36 25
77 83
75 19
13 94
30 96
3 79
75 53
95 78
82 61
91 82
67 47
17 8
31 51
96 54
16 92
6 83
73 24
57 40
54 42
69 18
9 10
74 81
57 58
93 56
60 98
43 25
6 77
98 92
63 69
35 70
18 43
90 31
32 6
83 26
81 17
23 89
55 47
21 74
21 84
28 72
71 34
94 97
23 56
89 2
46 45
24 7
84 39
1 67
20 11
95 96
20 59
96 68
74 53
7 93
25 5
27 96
100 9
4 23
28 32
79 74
93 31
88 64
95 45
82 45
59 20
29 81
11 93
65 4
30 61
20 77
98 63
82 89
81 65
32 66
97 38
99 54
16 93
61 57
52 14
72 64
13 46
14 58
46 1
69 55
16 25
33 48
3 11
37 39
80 31
54 3
9 67
53 46
64 2
57 75
83 32
68 87
85 37
75 49
70 37
43 85
12 77
1 64
45 74
22 45
60 90
61 53
23 32
59 78
84 20
49 86
16 35
5 93
70 76
63 65
25 96
27 33
60 26
84 73
35 31
65 14
66 18
19 45
16 34
2 19

100 140
63 88
5 27
82 70
27 7
52 44
28 38
99 29
55 85
77 75
38 23
52 19
17 82
19 53
89 13
1 5
68 84
53 32
85 52
10 94
19 79
34 55
94 34
94 16
77 49
23 44
100 52
96 28
15 88
64 92
29 39
69 33
92 70
26 32
85 19
7 22
3 68
28 37
89 74
70 21
13 18
7 73
76 51
17 61
61 74
70 60
18 67
73 28
48 22
43 35
46 54
52 70
82 28
20 34
11 88
84 11
97 84
79 8
62 32
41 54
83 34
86 42
11 57
91 52
51 35
26 35
62 63
89 82
78 96
2 23
57 85
7 10
94 12
79 33
11 21
52 22
6 83
15 98
60 54
50 34
99 81
95 51
64 99
66 28
62 14
57 44
45 49
43 90
19 12
59 37
73 58
74 45
26 67
97 85
44 88
12 35
17 99
32 32
7 85
13 96
94 48
99 81
76 1
70 42
48 13
32 34
45 80
15 85
92 23
27 83
87 99
42 66
36 96
42 46
29 9
63 61
98 90
86 9
71 69
69 73
8 53
54 46
58 28
62 86
52 84
63 26
76 29
60 40
54 85
14 100
92 23
84 49
79 28
85 35
45 47
59 77
38 58
38 79
87 100
32 64
87 38

100 140
32 92
23 67
54 23
60 59
34 24
35 91
30 36
48 65
70 27
20 86
97 36
54 37
70 98
99 63
60 1
4 14
58 55
4 94
72 16
50 44
90 67
29 23
63 92
98 91
13 67
49 57
73 35
57 14
37 11
31 79
17 27
46 19
23 12
43 26
65 82
46 69
6 40
42 49
25 72
38 35
43 13
5 36
65 8
19 87
35 63
31 62
80 17
80 1
43 37
15 98
97 17
98 47
18 50
31 55
90 97
81 61
49 45
57 27
50 13
62 77
43 93
68 13
7 64
57 6
90 27
25 63
98 28
82 80
92 2
15 90
24 71
18 82
16 57
75 29
59 78
59 86
52 93
51 26
10 21
13 99
34 49
12 64
57 89
80 23
89 27
8 26
17 13
44 40
50 96
64 25
76 30
18 44
33 13
60 23
55 18
22 91
99 53
31 72
22 2
95 48
98 8
38 25
9 1
14 16
6 4
23 99
36 20
16 13
5 76
54 96
69 70
18 63
64 58
51 88
21 91
92 59
44 63
99 72
5 71
86 7
96 64
51 72
72 84
53 99
94 77
33 42
50 17
83 47
86 45
55 75
98 85
30 81
87 29
99 57
54 57
95 17
99 37
57 65
32 12
17 42

100 140
38 97
92 56
38 69
36 78
86 71
6 19
5 51
83 65
33 100
42 44
28 34
93 93
88 1
30 90
15 74
93 81
8 30
9 30
37 60
28 30
83 49
64 2
89 77
89 19
84 69
75 66
8 39
57 84
2 89
17 36
39 87
3 5
15 63
79 66
32 73
67 41
38 86
69 29
82 61
79 4
3 9
91 87
37 56
62 56
12 49
71 10
69 59
54 52
92 99
59 29
61 3
89 56
63 3
56 44
14 45
70 65
34 53
64 91
11 22
32 49
32 26
25 55
68 43
96 7
21 25
95 7
80 34
32 88
72 14
46 5
24 73
10 71
1 93
54 65
8 64
35 34
68 24
63 89
12 50
32 51
57 18
15 23
3 77
71 81
61 65
79 25
8 51
58 51
99 70
78 65
88 63
80 91
74 5
75 91
1 2
53 69
45 66
41 3
18 2
92 69
69 60
8 61
20 79
4 5
80 17
18 36
37 85
56 47
19 35
51 11
45 13
97 31
85 65
66 24
95 8
94 4
30 13
99 23
48 10
51 98
8 87
70 60
6 50
21 88
51 60
74 71
76 85
74 17
66 73
28 35
56 2
42 88
69 68
57 15
38 1
89 12
31 3
11 49
36 63
32 75

100 140
33 69
41 98
68 84
93 49
28 35
31 90
1 62
29 31
85 56
9 78
60 79
70 5
91 5
53 75
8 20
97 100
88 16
73 79
59 33
13 20
38 82
67 99
52 36
33 33
95 8
65 11
94 59
10 86
43 96
33 67
25 61
18 58
52 84
8 32
16 44
35 90
42 2
70 36
84 55
8 55
1 21
54 15
38 37
3 4
9 50
95 46
76 3
34 25
87 52
90 68
69 6
69 34
8 43
13 8
79 92
52 43
26 89
4 67
28 59
39 36
59 33
76 52
16 85
59 13
75 76
17 82
99 64
43 81
2 22
47 35
32 17
46 78
23 99
18 15
63 35
75 89
9 86
55 66
57 92
98 9
92 58
14 94
43 64
43 1
75 60
65 48
44 55
86 73
56 60
18 49
90 75
59 75
71 6
67 68
41 76
69 24
70 59
13 34
52 61
17 99
51 32
30 49
87 12
52 3
50 6
6 4
40 54
41 20
13 47
12 18
37 37
81 61
97 80
28 50
65 53
97 54
14 25
21 99
96 12
69 72
93 68
17 56
34 5
92 25
83 36
47 89
34 51
20 100
80 71
74 41
9 76
58 48
90 100
75 59
86 10
19 55
94 50
97 67
57 89
28 14

100 140
2 31
54 82
21 67
83 93
53 34
59 11
55 36
57 20
33 79
76 49
95 77
43 34
2 47
68 22
41 98
12 2
99 2
81 99
61 18
69 69
53 7
76 88
59 34
3 98
4 95
79 18
35 65
46 34
7 46
70 61
9 93
28 90
47 70
45 71
56 83
41 23
99 57
52 59
28 68
70 48
69 48
37 64
96 53
100 59
89 92
22 14
29 60
12 14
89 49
62 81
88 18
40 85
96 26
80 6
19 52
3 43
38 30
97 95
24 87
86 57
29 84
37 86
29 89
57 62
57 60
42 52
11 93
51 22
68 16
54 72
75 69
39 77
7 96
14 13
84 89
19 98
37 99
75 85
56 37
61 91
79 84
92 49
99 1
76 85
83 85
66 42
9 46
8 73
67 71
78 30
29 39
76 38
24 93
18 1
27 50
35 48
30 23
39 49
32 46
40 94
14 65
78 86
61 39
57 57
23 46
25 58
79 21
77 97
88 69
5 18
22 59
97 94
6 72
51 8
25 91
45 75
56 67
70 95
80 8
27 91
39 34
64 20
49 38
100 2
93 54
1 94
84 94
2 77
84 100
56 86
81 40
11 39
11 32
74 29
65 42
72 81
16 82
36 62
44 95
25 45

100 140
29 80
45 23
68 92
48 55
32 62
51 23
36 27
23 50
4 80
14 23
26 60
55 11
21 52
90 56
62 82
86 98
8 3
63 2
28 55
74 87
17 84
52 86
36 29
64 72
93 23
95 90
97 38
59 65
99 34
90 1
68 66
47 98
28 19
97 67
66 66
86 75
44 74
17 78
87 84
16 95
96 35
73 92
9 48
77 16
61 71
90 69
66 16
33 19
95 3
69 24
47 12
76 31
18 93
83 66
80 46
20 10
10 57
62 17
76 86
24 62
83 96
16 83
26 22
18 83
39 75
65 20
49 22
89 73
27 45
60 76
62 19
3 35
45 88
80 20
92 65
49 15
63 67
29 66
90 29
43 63
75 59
57 1
34 14
58 1
14 80
21 88
16 22
92 5
9 3
79 25
11 12
44 90
63 23
96 30
11 85
12 73
43 16
32 95
83 37
5 69
80 18
86 12
12 80
99 30
91 3
61 36
45 63
27 69
69 81
72 46
25 31
57 11
52 16
76 5
64 51
96 43
73 86
62 70
61 16
18 85
57 72
43 3
74 32
37 86
27 23
52 83
40 82
100 39
50 33
48 71
16 57
8 4
5 10
27 30
5 94
34 37
40 67
85 92
23 61
20 11

100 140
58 49
44 33
71 92
21 65
76 75
10 88
58 82
76 92
3 22
14 65
35 16
94 70
88 16
23 2
20 14
5 32
84 41
93 20
2 35
11 64
9 58
48 91
6 72
68 92
61 39
68 40
38 73
41 72
22 27
45 74
18 13
74 35
52 91
35 6
89 48
82 87
77 49
65 61
97 80
99 98
75 50
80 87
71 99
27 88
66 87
14 24
85 67
90 33
36 40
72 33
10 4
46 27
65 77
62 79
30 57
24 88
65 58
79 89
35 85
40 10
17 87
63 16
15 51
93 9
100 36
15 36
26 28
66 36
31 6
85 73
27 12
81 51
51 43
33 33
9 58
39 83
5 12
16 74
9 9
40 5
59 75
98 21
86 27
22 100
77 8
75 43
34 7
55 47
97 58
83 52
29 63
76 9
53 31
44 21
72 78
18 45
49 76
54 17
99 24
96 47
86 41
85 96
72 77
13 18
74 67
62 31
79 84
58 33
83 3
70 83
89 51
53 39
55 88
33 65
51 45
22 36
62 1
48 78
37 68
89 53
47 77
20 84
68 13
57 57
47 95
5 13
18 95
95 84
84 96
16 49
37 34
10 63
2 20
21 53
47 4
90 94
14 19
27 46
88 38
40 96

100 140
90 27
100 68
65 31
49 58
68 90
68 86
16 40
17 95
50 55
51 32
15 66
7 57
37 8
1 37
79 19
64 9
94 4
35 6
5 14
60 33
98 74
86 19
15 34
66 9
39 10
5 17
73 62
21 52
21 31
60 62
73 73
20 26
72 81
86 26
42 50
40 34
36 79
95 17
94 52
3 14
56 55
45 96
6 6
36 4
90 81
30 47
66 73
14 21
48 25
28 18
30 78
94 65
3 20
99 92
89 95
21 66
41 24
77 59
72 57
99 94
75 94
14 3
80 62
17 74
60 1
88 8
63 69
86 60
81 39
89 14
72 21
42 4
25 18
53 34
22 59
53 59
68 82
91 27
74 87
51 98
27 95
73 33
68 29
24 21
17 23
6 65
77 85
30 46
100 6
41 48
79 39
30 32
22 18
100 51
20 21
16 100
32 5
67 75
55 95
6 34
94 65
34 48
71 15
25 80
44 20
9 93
58 91
1 53
22 89
91 18
44 43
20 70
64 19
64 21
44 53
91 23
90 20
13 85
4 61
42 56
56 19
79 93
74 71
48 11
51 10
80 53
98 91
96 16
50 62
26 88
2 21
76 24
39 41
49 73
57 73
55 82
42 84
33 20
86 49
49 32

100 140
85 86
80 58
16 42
28 18
4 3
9 79
78 97
13 37
13 78
52 25
45 7
76 56
11 94
11 71
4 75
6 66
70 75
77 77
68 7
66 69
42 14
55 7
59 75
60 55
41 87
31 69
4 93
27 79
86 66
18 21
1 9
15 59
60 55
54 49
97 1
81 79
61 54
66 12
47 14
75 71
2 69
89 30
39 82
17 10
52 80
63 49
49 66
94 64
36 86
46 74
23 77
1 51
67 66
13 72
74 84
52 23
94 40
35 58
80 66
38 51
26 42
11 70
1 56
26 43
20 82
14 30
76 54
92 84
15 25
32 1
4 12
86 30
59 15
20 40
93 42
15 55
9 3
30 64
80 91
57 63
93 58
72 88
63 63
89 34
52 38
71 69
99 20
33 92
85 40
43 57
43 61
99 78
50 79
51 67
27 86
47 96
28 68
71 41
66 84
36 57
38 18
13 83
3 43
74 79
7 66
71 34
79 15
30 82
41 62
32 15
55 78
30 10
88 53
21 14
96 62
33 68
60 37
37 8
49 42
6 32
9 27
49 93
100 3
11 38
44 19
69 34
9 74
51 90
54 44
24 16
22 74
41 35
62 37
70 23
10 84
13 25
100 92
37 39
55 34
84 67

100 140
84 81
46 8
27 65
49 75
27 90
100 97
92 4
15 45
90 18
14 72
59 45
47 63
94 15
91 40
69 40
1 25
44 2
26 8
46 70
77 57
69 83
12 17
71 81
98 41
34 4
72 18
62 11
8 4
12 58
91 70
3 4
77 40
13 19
16 4
7 14
24 69
6 81
35 48
33 33
25 87
8 36
71 14
23 18
43 73
17 66
77 80
91 18
82 1
21 61
79 6
59 91
4 30
71 96
4 48
79 84
56 30
49 39
34 52
25 90
53 42
44 95
61 39
79 5
2 49
49 7
19 44
84 52
98 24
41 76
48 59
45 62
19 18
53 32
35 27
36 29
3 46
96 66
36 92
55 69
93 84
98 39
11 27
75 13
77 57
22 20
77 89
60 80
99 43
45 2
5 65
68 21
56 22
93 73
5 56
29 31
24 14
54 34
53 43
34 48
53 35
87 41
5 55
81 17
37 16
30 38
42 71
77 87
44 89
90 6
92 45
40 93
21 51
74 12
13 13
71 43
44 18
2 91
33 67
81 94
20 47
51 15
26 48
19 96
94 98
12 54
74 19
74 93
24 26
26 63
91 96
63 95
13 64
71 74
6 36
70 73
59 35
82 64
72 38
59 11
6 7

100 140
64 97
3 20
96 12
5 1
81 37
13 44
58 19
91 65
84 28
8 71
19 31
32 91
99 18
17 55
97 78
20 98
7 47
5 74
16 26
35 50
24 58
3 47
35 70
57 94
3 91
8 3
60 86
43 53
29 36
73 87
53 85
34 95
76 97
55 82
52 57
83 35
19 95
38 77
51 53
32 58
13 65
5 86
11 54
95 39
42 55
24 62
89 16
47 15
16 39
12 100
34 8
11 22
88 47
34 29
42 74
50 26
4 38
47 22
85 50
45 51
43 27
88 1
41 28
59 73
88 2
8 12
37 32
31 72
97 67
20 72
7 7
99 63
10 63
75 92
84 20
67 63
31 50
38 100
19 16
27 91
5 91
85 98
61 41
83 16
36 26
72 70
42 10
79 11
63 59
6 45
80 56
51 85
14 6
93 82
36 100
35 98
65 28
84 30
14 23
21 90
43 49
15 70
27 65
16 42
90 7
27 61
10 94
32 65
96 18
42 10
71 53
63 28
90 75
68 8
99 50
12 53
64 94
72 37
4 66
77 52
76 63
32 97
91 49
88 99
52 97
8 63
68 27
85 43
78 81
92 11
69 67
71 64
13 99
54 46
79 84
31 29
80 35
73 12
34 9
41 47

100 140
12 79
72 93
43 100
84 60
23 11
19 62
37 83
19 19
22 90
80 98
18 1
85 45
89 41
40 64
75 65
43 79
90 44
12 39
84 43
60 35
64 58
93 51
43 56
77 21
61 100
33 92
64 32
99 54
44 50
60 55
88 100
67 51
53 100
35 4
44 70
62 34
9 56
21 23
64 70
55 52
49 23
77 53
45 5
32 98
84 45
40 14
94 41
28 31
20 97
87 81
57 50
23 90
16 84
31 8
38 72
34 7
49 27
39 3
84 11
71 55
59 67
38 47
71 75
13 22
70 75
25 51
80 100
35 72
16 83
81 50
77 43
25 21
23 42
85 43
24 9
100 45
61 49
29 46
41 32
90 79
78 50
3 55
49 98
25 76
30 76
80 15
22 28
53 35
23 18
12 92
96 92
70 47
8 36
62 22
91 19
51 49
88 47
35 72
71 77
58 9
1 22
75 63
27 61
37 4
92 49
90 94
62 72
16 82
93 35
51 2
70 93
44 38
21 76
40 74
63 1
76 3
72 98
80 51
44 31
95 11
45 24
29 52
13 25
27 31
59 71
40 77
36 54
2 16
94 18
39 11
100 68
51 62
5 94
54 50
100 43
72 84
40 57
26 78
26 74
6 49

100 140
17 93
66 22
6 38
69 42
41 75
72 96
23 11
99 100
79 64
65 93
29 71
59 76
91 21
68 61
99 69
11 92
55 59
61 59
38 18
9 62
87 48
93 88
40 61
28 70
40 13
32 90
59 21
82 24
73 36
70 82
48 9
72 85
40 61
70 40
93 25
81 49
4 47
48 59
79 2
55 17
41 46
68 23
33 63
63 57
91 2
47 52
94 58
80 82
70 86
40 32
49 18
40 92
43 51
1 42
41 64
47 14
39 68
70 4
76 94
46 3
19 54
7 22
11 39
48 49
95 67
3 41
40 64
15 45
30 94
53 43
70 64
48 92
98 23
75 28
87 74
51 86
40 31
52 23
68 12
3 39
64 97
29 14
25 26
68 41
21 49
83 10
77 55
54 17
58 22
62 7
9 26
90 9
47 3
29 94
100 100
63 66
43 55
50 61
45 26
46 87
61 97
11 33
55 18
96 92
50 67
62 64
69 90
71 17
64 30
43 52
41 12
62 91
66 49
14 57
2 91
3 74
79 91
66 7
93 80
38 73
33 64
31 37
5 68
91 65
60 65
16 11
34 62
6 12
70 27
5 83
7 85
19 59
61 25
32 14
92 32
17 77
3 68
38 28
93 44
19 33

100 140
46 43
26 92
55 76
80 94
74 21
85 97
7 91
53 30
60 16
33 97
100 97
39 78
38 84
13 40
71 12
84 45
83 18
32 2
51 19
64 49
23 99
39 100
76 47
20 43
85 81
56 38
39 5
79 4
91 72
70 53
42 58
28 18
85 92
60 3
47 90
5 100
83 94
94 80
4 89
20 86
2 66
56 46
46 23
64 91
19 1
44 41
9 45
72 29
40 91
28 2
3 29
89 27
84 39
15 45
63 5
39 50
23 39
39 3
81 51
85 79
97 15
17 67
78 59
56 1
68 48
24 16
73 13
42 86
50 73
38 9
50 58
98 99
81 86
51 99
60 22
39 74
44 27
4 9
89 78
25 29
70 8
78 77
52 66
65 15
47 59
3 16
24 72
76 11
47 46
94 4
16 39
23 26
52 66
72 67
41 61
89 20
80 53
91 61
53 35
70 80
49 92
54 1
45 93
76 41
16 8
93 11
49 29
58 32
12 41
69 52
85 84
59 67
85 22
46 65
37 77
49 58
29 65
52 30
41 93
44 84
93 91
43 93
17 81
12 97
79 52
9 34
28 39
68 56
2 96
15 55
38 93
63 84
36 10
12 29
38 41
6 69
30 16
41 83
16 67
80 92

100 140
28 69
62 76
56 92
1 64
3 60
34 7
18 92
61 19
3 94
86 80
100 43
38 46
86 82
22 36
39 48
34 13
16 2
86 18
3 98
59 51
64 77
76 20
89 3
41 67
24 5
57 96
26 90
67 27
27 49
65 84
30 9
19 49
82 53
81 67
86 79
15 58
58 97
26 96
90 7
7 29
8 17
92 51
36 2
98 98
86 45
94 13
32 22
95 15
66 83
80 99
52 44
89 7
88 13
24 47
32 2
31 51
50 91
57 51
48 82
90 50
15 94
81 53
28 98
47 61
44 73
99 74
3 61
71 7
80 97
37 58
17 57
58 40
69 62
64 70
92 61
91 15
71 56
81 77
100 46
51 74
22 84
66 21
100 58
21 4
89 33
24 8
67 91
32 35
95 68
25 65
38 8
100 56
92 42
56 78
6 96
75 27
31 88
80 52
54 46
37 27
58 84
8 13
26 72
35 99
34 60
62 61
11 59
93 94
93 67
15 69
45 74
45 63
36 86
17 60
40 61
75 2
65 42
39 64
75 96
44 43
25 72
36 43
31 95
31 78
96 16
74 44
72 22
35 39
46 38
96 6
96 85
63 41
26 13
29 71
48 46
45 32
77 24
7 94
1 87
11 24

100 140
69 89
92 61
77 41
27 68
56 79
97 47
91 20
43 11
35 60
20 80
96 91
58 10
32 72
62 89
5 95
57 59
91 96
44 56
5 93
2 38
95 63
19 7
98 46
57 66
88 23
9 42
51 38
29 70
22 30
36 60
39 78
16 41
47 69
35 11
59 10
94 61
67 82
59 33
62 93
6 61
14 68
63 62
16 65
13 63
16 10
81 90
65 71
53 49
82 24
10 88
34 97
93 40
11 20
70 67
45 56
73 44
76 75
53 99
28 67
41 4
83 19
90 70
85 39
89 52
91 31
80 49
25 72
88 89
12 57
73 7
2 71
32 63
93 39
13 36
76 34
47 57
75 48
25 59
23 47
39 6
100 79
41 37
83 1
34 12
51 96
63 64
7 49
48 44
7 36
97 97
61 70
22 83
18 59
68 19
45 9
26 62
13 69
40 79
97 9
85 66
100 38
97 57
20 74
82 51
66 16
70 14
74 5
23 13
62 38
62 94
49 1
4 88
63 24
63 18
14 26
63 15
74 9
45 28
57 5
32 51
52 86
39 35
59 10
98 3
72 49
14 47
90 78
3 39
4 54
89 5
8 91
75 17
51 85
73 85
35 49
34 38
33 43
75 92
56 13
18 81

100 140
77 67
78 25
43 99
21 47
19 89
41 95
18 6
89 68
82 28
13 78
75 92
92 55
12 9
24 17
57 83
26 75
32 92
25 14
14 9
26 3
42 24
73 33
92 98
92 60
59 99
23 37
12 59
79 70
100 61
69 100
57 37
7 37
79 3
80 21
72 87
54 47
96 94
72 55
81 34
70 70
49 82
41 90
15 16
86 54
59 90
53 82
32 33
48 91
20 13
45 26
35 55
87 35
61 57
92 14
28 99
97 52
59 100
11 40
14 14
14 34
31 42
60 65
2 1
64 61
52 56
69 13
19 54
49 81
17 92
34 99
64 80
23 53
54 88
73 27
36 63
88 18
24 91
10 18
20 39
95 8
2 76
58 9
43 38
12 19
27 71
61 55
24 78
89 66
80 2
37 71
1 33
2 96
53 53
58 71
16 25
82 48
27 88
94 9
49 12
99 23
97 43
45 75
47 17
63 65
27 99
12 71
40 82
22 67
10 10
23 2
73 69
74 76
44 39
12 55
77 19
13 44
64 36
19 63
21 97
71 73
43 42
94 25
26 85
88 16
62 32
80 70
64 52
9 80
81 91
4 80
51 44
96 58
36 96
37 51
43 61
16 49
76 69
76 19
80 100
52 15

100 140
25 54
42 50
43 66
13 21
57 52
37 45
79 24
57 39
96 43
57 19
69 82
30 4
42 38
90 62
84 28
1 9
75 11
46 58
57 52
36 21
65 85
6 59
60 82
100 60
8 85
92 89
34 7
94 42
80 57
73 24
41 11
41 59
73 19
43 4
21 2
79 39
98 1
59 8
14 67
72 79
79 30
73 63
35 98
29 90
78 87
34 86
53 11
50 54
96 25
51 57
94 88
45 32
3 24
3 16
96 16
58 64
80 36
46 89
73 39
24 3
95 54
83 21
95 54
30 79
100 10
85 44
42 7
88 65
47 30
40 84
52 3
12 77
34 30
97 56
59 60
80 86
15 93
33 3
86 97
22 43
11 6
37 66
66 79
72 56
62 99
24 70
8 39
59 54
88 51
17 96
79 49
12 92
68 87
21 3
21 30
79 69
28 35
74 52
99 66
93 82
37 19
70 76
52 40
42 72
83 2
92 82
58 92
10 15
71 19
44 14
45 82
63 47
31 57
91 69
78 92
42 58
16 96
37 64
36 28
35 3
27 40
3 75
21 52
98 87
15 99
26 57
48 65
80 86
6 69
7 81
37 65
96 23
73 11
96 86
41 27
52 59
86 14
58 15
21 47
52 64

100 140
69 61
98 29
10 87
8 25
66 12
36 95
63 90
55 20
51 69
94 22
17 6
37 65
64 59
2 72
22 84
6 40
47 65
11 81
62 98
31 4
50 33
72 56
64 3
53 80
9 10
11 1
42 97
8 63
29 34
29 89
100 61
31 39
97 56
1 61
2 91
96 29
66 83
12 94
65 71
26 9
89 67
100 49
31 34
31 45
52 33
47 97
53 88
3 92
91 18
100 94
19 40
72 91
9 33
36 5
34 79
24 69
56 58
95 55
77 87
60 75
59 82
82 84
63 52
2 84
15 87
11 4
98 14
85 100
78 81
16 8
70 66
74 51
93 90
88 76
79 52
92 16
20 40
30 75
10 40
73 95
84 77
27 15
6 53
96 2
42 51
62 67
26 40
84 42
84 99
98 70
72 12
71 54
64 72
15 32
91 30
69 1
26 82
73 17
69 50
67 88
87 71
59 9
81 31
5 41
71 31
63 46
19 20
19 19
39 10
7 77
43 50
34 89
78 51
34 55
64 99
66 94
18 75
32 51
56 57
57 28
52 18
62 99
72 58
48 87
100 5
3 34
38 41
98 73
8 75
59 69
22 55
61 93
78 54
29 85
84 26
44 25
60 24
16 7
84 46
6 86

100 140
27 74
76 50
100 16
48 28
12 97
22 93
44 64
1 33
48 97
53 61
69 85
33 34
66 97
11 82
81 64
98 91
40 64
41 64
96 49
51 58
6 30
33 95
4 96
32 90
21 75
85 90
72 41
72 35
33 51
20 8
100 97
42 69
7 8
85 89
33 42
63 5
6 83
76 27
56 47
98 1
52 61
21 67
46 33
77 85
78 93
84 89
9 1
49 10
31 72
44 43
52 59
71 88
1 90
62 30
57 60
59 31
61 55
90 12
82 37
1 11
20 61
90 46
53 89
63 9
43 7
31 78
21 77
58 51
93 33
65 11
16 48
43 35
73 43
83 87
68 95
35 81
42 23
69 66
95 20
92 25
22 20
77 17
40 13
79 86
84 30
61 38
69 52
36 62
97 13
59 78
41 50
17 43
56 17
37 52
84 32
45 39
23 93
69 47
42 17
87 81
31 47
27 59
91 40
57 89
88 87
44 84
66 43
39 82
69 75
40 28
74 85
33 16
25 76
78 16
64 100
98 33
35 62
60 3
33 61
3 7
2 38
58 99
90 12
85 46
98 10
61 100
79 21
45 49
92 73
86 61
55 68
39 81
85 47
14 23
24 51
40 24
46 29
5 43
34 42
62 8

100 140
47 100
3 93
73 58
99 94
13 99
47 7
84 90
89 16
45 72
94 42
12 62
94 95
14 26
67 46
42 60
84 90
28 19
88 67
66 70
13 1
88 1
82 86
18 61
15 38
3 20
32 79
5 38
87 51
26 75
56 62
74 80
53 87
76 20
84 57
89 93
13 23
94 85
8 3
8 2
47 6
32 99
61 95
28 77
24 38
72 91
36 59
40 79
87 72
84 2
34 78
12 79
76 48
14 84
49 10
90 58
48 78
4 65
7 72
50 22
85 61
60 88
82 3
94 56
94 54
48 24
1 51
45 88
93 69
53 16
35 13
45 15
75 19
38 82
5 51
10 98
3 8
44 99
95 7
17 30
42 68
54 86
42 39
4 28
43 72
70 38
90 45
5 47
27 55
76 23
88 32
75 21
3 36
48 99
70 78
14 17
39 13
48 98
86 2
4 42
8 58
86 8
97 57
90 38
39 43
87 24
23 80
27 31
80 47
43 33
79 23
17 95
8 55
18 27
86 57
52 97
24 33
18 16
26 44
39 30
46 9
58 9
79 16
9 28
12 100
80 59
88 100
24 45
61 89
16 96
33 7
96 54
68 41
57 86
12 89
7 98
57 9
80 86
42 46
79 23
61 28

100 140
99 41
53 33
91 14
80 51
4 56
89 82
33 44
3 47
19 38
48 36
6 39
41 6
93 67
19 86
96 11
30 90
37 2
64 28
71 65
85 46
89 67
7 44
17 9
84 72
50 70
69 41
52 60
40 12
8 39
54 67
41 1
32 40
30 41
57 35
4 46
92 41
59 56
58 82
81 52
10 25
37 52
62 4
56 84
10 75
16 88
14 92
86 1
38 24
19 2
18 58
24 31
51 16
19 16
68 94
51 14
13 81
14 19
83 33
9 78
14 98
10 89
21 28
83 90
30 98
68 68
62 94
89 37
92 15
94 97
33 91
45 53
96 14
22 60
1 5
100 64
41 34
90 32
89 90
1 75
84 80
12 39
88 70
57 76
64 71
3 14
69 15
93 48
47 40
32 71
14 99
75 57
77 78
38 90
2 23
63 43
19 46
98 79
26 32
7 52
18 67
52 8
87 59
46 19
54 42
43 34
95 57
77 21
94 59
60 17
96 38
76 53
79 52
39 61
86 46
27 68
5 53
43 19
91 18
3 89
55 80
41 54
3 81
63 59
35 14
1 99
25 87
49 15
48 3
93 44
77 65
70 55
82 46
35 12
12 49
90 4
70 31
100 87
18 29
84 25
78 58

100 140
10 22
21 52
34 5
4 95
68 35
15 70
3 80
78 13
88 75
63 40
7 99
28 12
16 59
90 71
62 42
19 3
93 67
89 58
53 43
88 91
31 33
15 51
84 60
25 35
99 30
21 57
18 46
10 10
59 16
10 35
98 65
30 52
46 93
91 83
67 28
24 21
48 44
25 72
73 96
72 85
18 2
46 56
92 63
83 43
1 85
3 42
2 36
52 12
16 32
21 55
61 22
8 95
59 11
23 51
43 24
96 80
97 40
53 45
93 30
77 76
9 68
77 11
83 40
2 83
36 2
51 6
41 95
19 8
2 92
64 67
53 46
16 83
94 27
74 84
65 32
69 94
58 55
25 81
13 81
33 26
55 30
93 37
2 47
37 63
59 54
91 14
41 100
15 82
46 7
83 61
18 90
96 54
78 59
22 17
50 67
6 38
74 81
59 16
98 21
83 33
63 37
75 33
63 32
92 12
63 25
21 10
35 25
81 100
91 65
82 54
22 88
40 67
46 28
80 74
47 80
17 48
83 56
73 28
69 50
97 27
55 92
40 3
73 98
84 97
75 57
37 86
88 73
96 88
68 55
48 79
72 54
9 56
89 67
48 2
94 92
18 85
90 56
5 90
14 40
37 22

100 140
54 91
96 68
75 42
93 90
94 36
34 30
39 65
9 87
36 94
71 14
33 100
91 89
44 100
91 61
93 84
18 44
15 66
90 8
3 2
100 3
46 76
26 60
76 65
11 92
29 49
99 70
55 13
47 3
57 45
96 50
34 70
63 49
5 91
29 17
64 41
41 36
32 50
15 22
18 94
46 87
10 64
97 92
64 41
76 36
63 4
46 7
16 86
6 80
91 32
68 64
28 18
24 97
97 12
56 99
73 86
37 15
76 95
89 93
52 45
29 64
40 69
92 26
90 74
38 17
42 58
37 76
80 38
9 86
29 86
65 15
51 51
32 46
98 32
16 95
27 68
46 22
73 16
25 93
18 100
19 16
30 24
37 18
21 73
29 26
80 81
64 93
42 68
54 8
15 46
91 9
95 81
71 91
88 51
18 100
63 15
52 87
58 49
5 24
21 46
1 19
98 80
64 17
53 18
51 16
44 11
18 59
79 2
13 100
5 10
75 91
49 64
31 88
15 12
36 21
27 7
71 71
8 6
88 90
98 21
76 72
88 70
8 72
49 63
54 42
36 8
86 60
37 19
50 90
43 12
18 48
93 96
71 10
84 81
6 46
73 85
42 76
67 55
39 6
100 37
24 83

100 140
27 7
55 9
4 28
1 50
12 27
84 2
96 59
73 91
12 70
25 43
10 17
67 44
37 16
76 62
68 86
14 35
68 80
55 2
24 87
57 40
14 53
69 94
82 65
53 74
75 16
46 42
50 53
88 44
57 98
14 54
7 31
61 98
82 29
87 82
3 52
8 48
87 37
22 20
79 97
76 15
60 33
10 83
89 36
86 98
74 78
2 24
20 27
20 60
58 27
83 91
65 5
9 52
62 48
81 34
90 75
24 15
70 80
17 90
90 98
96 58
4 36
78 27
24 54
70 65
81 55
14 54
82 57
81 51
87 83
9 49
85 34
97 52
24 19
28 33
30 8
41 93
2 83
91 79
25 9
68 85
70 23
30 89
93 9
21 20
45 23
99 36
50 4
97 37
66 38
49 82
81 14
47 52
94 63
13 47
64 99
76 63
95 16
95 52
8 2
48 13
83 42
22 87
86 32
96 1
33 87
76 15
21 16
84 79
12 10
86 62
21 22
66 52
25 43
36 11
54 11
1 66
73 61
38 36
17 95
8 36
98 15
73 43
74 7
89 37
62 39
12 94
35 19
47 48
68 41
22 98
13 89
44 86
55 28
85 26
79 57
68 75
64 84
95 68
66 39
48 46

100 140
28 95
73 97
38 70
72 2
27 3
3 16
96 53
86 81
33 42
86 47
28 33
24 100
27 61
63 63
16 73
26 12
93 76
14 13
19 70
2 45
86 89
93 31
26 57
45 22
56 5
25 90
70 77
86 2
5 36
35 76
99 79
16 44
36 99
10 45
35 7
77 26
100 76
31 96
71 70
26 81
43 67
61 49
67 31
29 22
80 74
96 61
20 78
8 70
27 90
13 43
18 25
32 25
43 13
80 54
90 8
49 60
49 42
57 5
29 54
91 34
42 76
52 6
41 4
67 36
87 70
35 11
54 51
39 43
53 28
93 94
37 88
11 7
47 65
6 21
5 32
3 28
97 79
91 2
70 42
10 95
91 79
31 9
72 75
74 51
8 55
78 37
97 3
41 83
100 15
28 30
62 13
22 95
45 91
22 94
88 32
13 61
85 98
57 17
55 90
44 7
64 71
47 98
94 25
29 37
79 59
56 31
1 63
7 14
76 37
40 62
77 3
7 80
5 6
96 14
93 22
31 11
53 7
18 11
42 40
42 98
67 32
85 95
58 65
60 83
41 16
45 28
72 39
55 81
25 16
81 59
69 36
60 97
54 54
4 20
8 4
30 17
81 52
80 91
50 57
88 12

100 140
59 18
69 2
18 25
43 12
92 72
35 25
20 86
59 44
35 57
94 52
69 17
48 77
66 11
67 28
4 48
96 100
12 30
38 92
70 28
31 73
18 64
24 61
7 76
23 65
52 55
44 100
2 78
65 79
55 97
36 51
35 11
16 16
17 14
68 25
86 30
81 58
9 61
30 65
30 92
61 12
60 92
24 13
19 41
47 58
32 15
53 67
22 13
51 34
72 5
63 55
61 92
73 3
4 38
59 45
64 58
10 27
72 57
77 47
89 30
89 59
6 5
83 55
27 98
29 33
36 90
89 26
32 96
38 27
94 93
2 35
33 20
39 43
83 78
48 70
95 14
93 50
23 15
88 57
43 99
23 24
53 59
7 25
99 40
73 9
66 97
89 49
95 40
87 34
83 12
76 20
15 44
6 43
78 80
29 96
3 31
87 12
55 14
11 89
4 97
10 51
37 66
11 10
65 56
48 6
71 50
94 20
69 44
56 86
33 74
97 13
15 79
57 86
72 60
54 59
42 31
58 90
27 39
91 78
46 64
7 70
81 98
85 58
66 20
13 98
96 78
28 88
46 90
93 16
76 4
70 10
35 49
47 5
72 6
21 69
64 67
24 93
25 97
31 63
57 89
65 66

100 140
30 39
14 100
22 22
7 2
33 77
79 3
24 65
49 78
78 46
100 51
96 83
14 12
35 65
85 6
6 39
90 99
71 88
6 16
70 44
64 26
83 79
12 12
62 74
15 42
51 82
24 45
89 77
79 62
22 37
76 85
96 62
57 63
92 82
38 41
98 50
38 100
78 59
49 4
66 82
87 14
52 98
88 77
99 69
40 23
33 50
85 91
61 74
18 54
23 64
22 40
76 41
27 98
73 55
84 2
82 17
10 7
10 31
25 55
15 12
65 93
85 93
20 63
72 6
28 44
63 85
51 11
8 21
81 18
84 45
67 90
36 79
65 19
100 84
87 15
51 23
44 28
59 86
79 3
88 54
8 74
54 14
36 81
35 14
36 3
70 75
52 53
7 43
12 21
79 38
39 82
36 13
1 87
89 61
44 45
75 7
31 61
68 87
86 5
37 81
4 86
18 63
1 40
83 20
23 56
77 21
36 26
95 66
39 87
2 93
74 68
76 22
31 53
71 14
53 20
41 78
14 29
37 19
5 43
27 86
72 33
52 84
37 21
34 61
62 10
78 25
21 5
1 96
26 98
30 90
18 36
95 68
100 53
21 4
77 85
80 69
6 81
57 95
38 15
13 70
90 82

100 140
28 86
25 20
93 23
29 61
61 17
44 30
36 67
61 13
29 79
12 66
77 22
30 80
22 77
56 41
31 57
48 31
56 35
9 75
100 23
26 35
38 71
56 40
78 14
36 89
43 61
53 14
88 97
22 53
100 53
65 17
48 83
36 79
83 96
99 12
1 96
56 70
94 83
60 38
49 17
25 61
56 54
57 41
62 2
40 76
83 27
85 24
68 67
83 68
2 92
94 7
42 93
84 5
64 61
37 21
68 37
59 58
56 85
16 25
89 65
39 80
46 42
26 94
24 94
85 44
94 36
44 7
58 48
78 90
99 39
75 82
86 10
91 58
6 100
94 15
78 23
5 95
52 71
47 23
75 89
11 54
2 77
11 52
20 91
96 3
67 54
5 89
15 68
81 82
36 16
2 29
85 48
88 38
98 75
21 69
77 34
29 28
70 98
36 31
57 59
57 42
26 69
64 55
70 90
73 23
67 64
15 77
80 14
70 14
60 4
29 75
9 69
90 34
97 12
4 98
56 98
84 44
17 67
43 93
80 86
51 40
75 42
3 31
60 66
68 58
62 4
51 75
33 3
45 25
38 32
70 59
46 31
53 16
80 62
34 76
43 36
45 26
8 93
47 69
69 59
40 34

100 140
27 94
3 77
83 27
58 50
50 56
26 35
22 51
84 79
13 92
59 6
77 56
37 11
95 71
47 29
48 83
60 88
90 30
71 55
10 9
25 45
69 72
55 43
26 14
37 18
24 77
81 22
76 77
56 15
93 17
28 16
28 39
15 35
70 87
58 51
5 60
69 50
76 51
57 80
8 21
67 13
60 35
67 42
61 63
52 60
39 82
13 49
80 50
18 9
100 83
92 99
80 6
10 31
80 57
79 15
100 53
58 27
12 81
59 16
77 36
11 84
75 18
14 55
33 66
21 94
47 21
24 42
97 96
36 41
53 93
93 89
75 18
84 53
62 78
42 79
63 87
68 87
98 18
46 73
4 3
27 18
33 35
88 45
98 63
10 63
41 55
37 41
69 97
22 2
51 72
19 4
1 87
29 40
95 58
57 34
8 87
92 38
7 4
75 33
46 86
12 38
4 57
13 68
14 100
90 42
31 78
26 94
93 23
51 16
5 19
33 56
66 59
14 72
97 81
56 95
68 36
68 17
46 45
10 61
1 37
57 4
94 82
37 85
79 91
15 33
82 47
94 53
56 77
98 37
90 16
20 9
57 12
50 29
60 61
6 34
12 16
63 41
50 49
24 69
38 63
35 20

100 140
17 94
6 51
49 4
34 44
69 92
25 24
10 36
42 65
62 12
96 87
9 18
5 54
16 1
83 36
90 30
98 9
91 4
20 89
30 18
45 1
73 20
4 52
78 51
16 96
79 81
66 81
94 48
64 65
89 63
57 8
61 80
35 69
17 51
12 85
30 43
9 68
43 91
66 94
7 33
45 73
46 91
10 46
55 13
19 92
99 4
79 70
12 13
80 43
29 1
99 55
19 81
72 61
53 83
52 42
24 60
43 99
12 91
18 36
20 72
50 46
46 19
42 19
30 46
86 11
40 92
92 42
5 72
28 26
55 60
59 36
99 5
51 72
29 62
39 22
86 90
31 47
51 5
16 7
92 67
73 91
50 75
92 13
75 29
36 85
24 24
89 86
57 11
17 89
47 73
40 52
72 65
83 40
55 7
43 70
60 20
36 58
18 76
68 19
8 25
86 63
45 1
69 3
75 49
98 52
67 75
80 48
31 11
60 97
52 42
25 89
43 31
68 13
41 21
49 7
69 34
79 70
87 39
25 36
77 80
64 89
45 69
70 64
34 40
27 90
77 21
65 74
88 82
46 83
2 74
55 52
44 78
78 70
25 6
64 99
80 23
41 40
59 25
74 67
18 90
48 16

100 140
14 24
8 67
62 81
76 10
41 71
79 20
19 61
44 66
9 54
6 91
48 77
4 4
7 75
5 70
38 69
70 25
45 76
55 63
71 20
96 15
32 98
55 56
24 57
37 5
8 55
98 34
87 97
52 4
11 56
29 6
13 6
88 87
69 69
32 59
96 63
75 35
76 3
6 3
48 100
21 32
10 60
83 86
84 70
92 9
91 74
65 53
87 64
93 30
43 28
51 79
85 62
51 16
66 74
28 67
99 85
98 6
73 89
29 5
33 20
56 22
52 19
84 8
22 62
24 48
10 2
95 15
73 87
35 52
62 11
50 34
65 69
71 32
8 80
47 1
60 85
80 90
42 98
90 25
6 50
97 49
34 47
92 84
6 70
25 3
81 57
4 26
67 25
83 69
76 7
6 86
12 57
33 8
64 53
97 10
95 7
30 82
79 58
37 30
90 71
56 22
67 34
9 74
17 37
57 86
4 40
26 58
91 86
87 34
49 1
86 80
95 12
57 76
13 57
64 21
2 51
54 31
30 80
46 4
69 66
39 69
50 96
26 86
80 50
49 91
20 2
73 99
70 87
11 75
4 11
70 86
75 5
75 17
1 52
25 70
39 96
69 64
49 94
100 49
67 31
57 5

100 140
27 89
64 16
4 64
76 46
73 63
5 19
73 51
53 32
23 85
83 31
12 39
48 57
78 72
29 43
91 39
75 56
93 74
49 98
99 33
12 38
18 35
94 64
20 39
89 65
19 83
49 36
82 89
59 67
51 96
44 48
28 69
62 63
58 4
81 14
29 52
50 70
29 21
63 28
20 23
95 67
63 11
87 10
23 16
8 28
100 8
10 8
30 64
77 95
97 85
71 30
48 13
9 27
7 48
74 20
16 56
28 95
60 69
25 42
84 59
23 49
87 26
49 24
95 71
8 12
59 33
4 34
70 50
99 41
23 49
79 5
85 71
85 77
56 92
79 43
21 41
24 38
26 48
32 98
42 14
48 2
86 41
12 94
42 20
33 15
13 70
67 37
92 14
85 45
43 79
98 56
100 88
99 45
40 11
8 53
70 26
14 43
55 34
10 8
13 49
92 5
26 85
94 2
98 75
49 11
2 8
53 20
37 72
70 99
30 69
97 6
3 19
27 51
28 71
15 40
5 18
78 25
77 28
34 17
16 78
32 42
20 59
80 65
100 92
61 87
30 42
33 99
41 12
2 61
28 35
11 93
77 79
99 29
67 89
63 37
50 67
44 58
31 35
61 56
40 31
15 39

100 140
82 91
16 78
33 95
94 29
38 31
98 100
67 8
98 10
36 6
21 30
40 63
65 28
36 100
68 18
65 78
61 66
53 96
71 82
43 62
87 16
8 18
65 2
20 82
29 52
24 62
4 40
31 51
42 67
60 90
51 40
54 47
13 70
86 82
76 44
16 73
28 53
43 94
28 94
11 23
54 80
92 2
66 72
53 6
8 77
75 34
37 93
96 47
22 56
94 58
84 67
33 77
99 69
57 93
48 67
10 49
85 1
8 20
61 39
26 42
75 12
57 58
1 4
35 47
41 1
80 52
8 68
63 2
1 66
80 66
44 69
84 70
85 12
29 9
25 73
31 75
97 64
79 45
59 17
99 18
15 26
90 57
26 48
85 99
10 82
50 33
35 79
61 63
49 73
58 73
57 41
77 99
29 54
24 88
98 26
11 60
89 74
12 23
57 66
80 39
11 91
29 56
49 24
70 99
9 68
26 8
39 8
7 5
34 85
8 33
47 3
41 93
5 16
93 30
59 54
35 14
41 19
34 98
20 26
30 16
72 38
38 2
97 47
29 9
11 8
86 58
2 41
78 52
77 72
26 15
4 44
35 90
77 4
84 82
11 21
75 65
7 83
51 69
48 39
91 77
64 9

100 140
85 33
84 51
66 12
9 97
97 18
11 22
9 85
70 44
1 53
14 78
87 54
48 11
18 66
67 19
91 43
96 1
63 41
1 10
15 60
38 32
27 7
44 86
31 100
28 31
53 34
98 13
14 88
16 30
16 89
39 4
72 5
65 65
93 55
39 82
98 80
7 36
6 24
42 65
50 93
25 27
4 71
74 21
86 49
70 41
71 21
97 56
91 92
82 77
23 38
91 7
23 56
53 42
4 34
24 40
32 44
74 17
89 18
78 41
16 79
70 52
53 66
22 89
8 28
32 68
65 61
63 91
86 66
24 47
91 23
52 29
74 85
83 3
59 4
54 80
1 74
72 7
13 81
47 30
2 72
71 63
49 24
98 75
31 28
62 63
66 13
62 33
14 98
63 41
65 21
29 62
66 92
75 12
12 85
90 83
15 36
23 6
91 36
75 55
96 61
94 75
56 84
67 71
82 40
8 76
30 26
85 57
35 12
86 78
100 77
83 38
6 8
29 8
88 7
83 73
48 93
100 34
94 44
85 27
40 44
3 15
99 36
87 39
26 38
9 10
26 67
14 97
29 21
1 53
17 19
47 34
71 22
71 31
66 31
77 83
33 13
21 48
12 58
17 99
9 36
94 64

100 140
14 72
94 61
39 63
49 46
69 54
18 53
88 33
54 38
88 47
36 82
77 92
67 8
70 90
57 35
85 32
94 11
58 31
61 47
18 68
71 82
22 63
47 2
83 19
62 17
23 59
74 32
22 46
72 60
46 27
17 17
27 74
42 57
4 98
9 57
69 58
80 56
85 12
14 72
74 76
40 63
77 40
42 40
16 72
98 80
99 18
65 33
100 73
90 57
79 24
88 2
98 79
29 40
78 73
30 37
49 88
36 5
75 73
93 48
8 37
68 55
63 64
87 32
88 70
67 59
76 29
96 74
43 40
2 27
49 78
100 39
29 8
24 81
90 48
50 13
48 35
74 59
85 20
83 35
34 81
81 67
61 80
26 93
40 5
82 87
78 64
97 27
99 50
51 66
74 90
1 8
17 25
77 24
65 98
39 41
74 1
77 28
34 93
32 14
28 66
62 97
72 4
8 52
90 32
90 10
69 66
16 3
18 30
83 26
68 72
33 64
57 61
69 24
75 30
12 2
90 32
66 53
35 16
61 22
75 52
69 15
98 58
65 15
88 21
33 14
65 10
57 22
18 74
7 29
55 44
15 2
47 58
22 83
15 6
6 81
62 79
47 88
82 7
84 25
98 15
31 3

100 140
71 66
35 96
42 51
59 15
63 44
91 8
34 58
37 61
36 6
81 3
31 60
92 93
46 53
38 68
87 14
43 47
46 43
73 47
85 30
43 86
76 38
51 98
20 22
78 39
72 63
98 38
54 98
36 41
86 94
88 58
18 15
49 50
45 62
70 19
38 96
20 8
95 20
39 48
46 49
16 42
56 39
14 1
69 36
10 41
95 14
7 36
24 62
31 99
39 14
24 62
23 88
34 40
77 43
46 99
15 38
3 50
86 73
74 36
48 29
41 78
72 47
26 46
85 25
77 97
41 14
52 79
59 58
15 78
21 71
90 18
15 69
14 40
54 61
18 39
5 99
62 53
85 84
60 98
86 72
39 87
40 82
46 82
66 80
66 67
73 51
40 83
47 68
33 63
45 50
70 56
5 17
10 14
26 46
6 31
97 43
13 29
71 24
13 49
36 54
13 47
51 49
100 85
36 10
89 22
67 57
66 65
62 43
43 56
41 54
55 33
14 32
47 70
76 86
27 81
67 1
85 33
87 14
37 61
39 38
75 51
72 45
21 91
30 63
2 9
66 1
82 65
51 12
16 94
23 22
46 80
64 55
57 10
51 10
93 56
90 73
93 25
75 64
78 12
51 51
6 14

100 140
10 52
95 30
80 21
62 95
80 87
3 96
38 97
69 42
63 65
35 65
88 52
94 60
73 96
98 1
29 1
9 82
89 69
2 14
31 7
18 5
73 70
48 1
78 27
60 68
88 56
62 63
18 14
83 15
32 36
28 14
72 73
94 5
36 30
60 72
7 57
80 25
18 66
34 12
74 13
70 80
65 83
91 74
8 48
84 2
6 62
84 41
49 82
34 25
12 62
7 63
83 12
47 44
51 2
70 33
99 67
1 19
12 100
74 28
51 34
92 89
41 93
58 99
39 34
70 5
84 22
42 52
2 10
9 81
7 18
98 42
44 83
31 22
42 45
38 8
42 84
13 55
37 98
65 23
64 21
47 54
53 75
83 4
53 5
62 88
27 43
39 22
6 46
96 27
94 97
70 40
15 2
72 35
99 30
73 47
51 35
83 54
24 39
100 4
5 62
51 1
36 13
50 22
31 75
14 12
42 82
68 91
18 56
86 50
36 38
43 8
2 97
15 81
71 65
90 70
49 52
41 89
14 79
11 30
1 38
98 70
7 78
85 94
31 33
91 3
54 91
98 58
55 56
34 9
82 15
27 20
1 39
6 38
49 77
7 36
32 69
50 32
57 67
33 90
91 49
89 100

0