100
1500 10
883 39
1302 266
754 1044
1448 252
864 593
910 895
513 959
309 667
189 200
1197 704

1500 10
838 72
1020 129
301 714
23 1315
719 269
269 293
1019 283
1383 1382
1027 1444
1343 1110

1500 10
8 178
969 34
464 1081
1094 1175
731 197
302 106
537 923
458 373
766 640
931 975

1500 10
281 83
576 335
690 1180
1047 39
1339 591
1360 1201
245 560
264 115
643 166
886 366

1500 10
54 1053
1272 1395
616 1142
32 997
908 1052
1473 949
909 990
909 1121
1214 617
605 888

1500 10
176 461
1399 665
1191 1403
499 1227
749 681
1219 582
973 637
720 424
987 18
728 586

1500 10
399 1160
670 1089
201 1023
628 560
574 599
1130 137
1058 1020
1317 659
1108 615
1252 1169

1500 10
227 754
718 1435
725 928
601 1345
255 1245
762 478
550 1082
749 128
361 1475
380 279

1500 10
253 820
1081 96
915 427
58 844
1201 356
1279 419
465 938
1133 1468
970 19
1179 900

1500 10
511 566
1396 571
754 1461
121 150
381 140
1500 37
729 1096
573 830
147 738
359 892

1500 10
1312 505
611 547
1078 782
366 648
965 1099
479 139
960 315
178 970
1412 1117
989 811

1500 10
1493 309
420 464
21 378
886 1329
511 203
728 1282
277 265
755 505
42 1478
643 1308

1500 10
1101 353
643 601
136 1126
1056 254
1203 1
1297 1178
344 828
663 553
934 574
1189 1184

1500 10
670 542
1362 1455
221 1207
148 1397
1051 106
558 293
990 1267
1093 109
844 426
731 863

1500 10
522 529
650 562
1192 740
1372 447
994 97
210 320
133 913
49 345
938 677
64 1200

1500 10
1320 1214
1158 279
753 286
416 87
280 541
15 433
1068 326
1437 320
574 716
1386 674

1500 10
81 1126
912 731
1240 1231
401 856
1401 249
79 207
429 290
566 16
1486 931
412 1344

1500 10
1075 1489
353 539
1491 237
116 1221
329 770
527 808
817 246
102 174
139 1214
98 1031

1500 10
1283 511
325 1372
1135 559
1100 1191
57 794
1079 854
804 1342
858 725
76 902
1036 756

1500 10
1049 2
70 408
678 44
1357 582
208 1475
536 1098
1219 1336
1214 1322
838 1123
457 1355

1500 10
949 738
312 1204
1220 1309
279 626
1310 370
495 675
1124 233
926 834
1034 514
226 731

1500 10
1456 1164
1370 877
233 588
977 1256
177 714
920 462
85 14
1239 1456
57 666
915 1490

1500 10
1325 933
740 1417
1120 474
912 1387
762 610
607 179
1050 626
1460 1092
890 523
298 1356

1500 10
1208 1245
683 567
1477 1441
1459 313
484 342
684 1182
1425 1310
860 367
1191 303
247 1437

1500 10
1378 1459
583 1326
878 178
1065 253
418 448
242 360
1342 196
400 206
382 1490
749 912

1500 10
465 1169
911 843
1366 923
629 350
335 1451
470 87
310 1134
937 457
1041 601
1199 1204

1500 10
1437 800
1408 1180
892 165
762 494
855 314
549 1388
1322 842
505 446
1093 828
488 1337

1500 10
1391 1431
750 1312
1069 1489
295 469
897 763
93 140
1102 621
65 1060
1391 1158
1280 694

1500 10
1264 2
108 1114
677 872
185 26
570 939
192 1000
86 860
142 231
1059 46
512 106

1500 10
879 172
142 1003
500 391
469 466
137 316
756 176
360 723
765 122
957 1468
1069 490

1500 10
1266 186
1290 380
398 1250
131 646
759 548
1239 1449
1197 208
962 706
140 169
746 764

1500 10
508 1494
410 665
1219 1334
508 1286
1499 1110
821 818
618 1279
286 804
165 1250
197 1253

1500 10
1097 1119
93 571
792 306
395 72
519 445
1483 732
1500 1396
611 1438
1438 592
866 983

1500 10
618 69
1046 428
1234 1273
741 354
641 1051
526 543
660 190
368 397
1257 1155
1424 707

1500 10
415 712
966 875
1029 61
875 1178
1044 147
458 171
1320 517
811 1411
930 1426
912 191

1500 10
284 1142
534 649
1321 1147
201 1470
184 553
370 977
1267 15
107 932
1248 1177
1225 1472

1500 10
1197 1095
561 446
383 265
904 252
654 369
70 253
910 444
1442 1359
15 162
612 1063

1500 10
838 212
323 869
995 551
1343 355
1108 838
1224 856
1324 1108
470 1361
549 1423
102 1378

1500 10
289 1150
548 768
806 127
135 60
560 1078
298 1139
361 729
1293 1021
1067 1256
1439 463

1500 10
1359 878
1106 1427
113 1286
803 42
1315 639
960 965
102 997
1204 1487
792 888
1346 349

1500 10
777 842
1482 667
361 344
180 768
965 850
884 348
1275 1026
1183 274
347 568
677 807

1500 10
1174 1139
1214 703
1281 272
52 262
1190 1414
1056 1400
1330 1148
54 42
1076 343
48 365

1500 10
98 684
885 988
1121 302
159 775
1011 1030
615 1288
1240 711
1195 67
538 1184
449 136

1500 10
979 1014
796 892
323 393
46 534
939 1235
415 185
792 317
508 41
1468 984
1056 757

1500 10
370 620
564 717
82 50
734 1392
1108 403
1213 1228
37 572
673 1229
965 1072
1384 384

1500 10
1149 784
805 1072
647 210
1027 474
1462 1439
1108 406
1207 377
1469 27
485 424
562 24

1500 10
1080 998
1428 347
301 1006
510 148
687 1068
518 463
609 846
661 1496
1437 278
477 90

1500 10
1425 241
1060 361
274 831
806 125
86 1104
810 201
918 395
362 395
1085 852
730 1299

1500 10
1337 1025
1266 690
877 838
1270 429
168 239
762 454
1269 1482
980 57
698 680
432 103

1500 10
880 323
1298 605
274 1485
303 51
454 448
1127 755
1048 1249
909 1268
93 423
1290 422

1500 10
232 889
328 185
119 1235
1004 1083
139 514
574 741
1013 1117
732 229
833 1290
424 316

1500 10
777 1043
620 333
1245 1162
404 548
1469 376
1136 917
1271 657
360 1196
1434 855
161 582

1500 10
1293 132
1051 987
576 668
824 1087
390 870
835 711
956 86
646 14
1389 161
216 257

1500 10
707 1244
1426 1487
110 663
1386 423
143 863
544 1265
1411 761
475 920
1220 252
781 154

1500 10
1093 1443
1113 644
233 700
992 129
1011 431
1177 489
1361 516
1456 451
418 494
3 58

1500 10
780 661
346 1304
1480 1040
874 361
923 1267
1250 301
1253 424
917 1092
1492 1048
1040 1361

1500 10
894 765
135 167
658 400
1282 1432
825 256
142 960
313 99
1126 230
1074 364
599 281

1500 10
458 979
908 1276
292 1381
271 529
1098 527
861 1316
216 459
717 297
458 617
929 163

1500 10
742 639
1337 620
174 201
1214 822
863 867
998 1124
1151 150
293 531
1278 244
365 667

1500 10
964 1099
1416 517
1443 968
1130 498
1240 735
839 791
83 475
745 405
1184 1334
1180 268

1500 10
416 430
519 67
1023 913
822 316
246 88
1080 680
859 510
356 380
1304 197
817 1449

1500 10
933 545
1204 945
1061 1060
1287 694
1091 521
619 585
1491 1466
1411 496
998 1286
626 1086

1500 10
1367 157
494 963
1066 1169
101 686
1304 1091
935 134
1042 1074
1274 652
1262 380
524 1380

1500 10
714 266
383 593
836 1310
173 1274
872 425
339 968
153 1067
778 628
786 1469
215 21

1500 10
503 589
205 16
1162 1098
375 111
232 386
1446 783
189 536
1411 1411
471 573
297 665

1500 10
1426 394
777 1273
253 1227
431 1146
1219 705
1360 9
874 272
558 855
482 1262
1013 447

1500 10
1092 334
28 389
529 1317
255 1140
805 928
880 741
413 1002
421 546
646 383
1444 77

1500 10
77 1137
149 740
906 676
607 477
1194 631
1447 1141
1065 1303
130 548
943 635
410 813

1500 10
858 394
649 1320
953 1498
1044 1176
1021 1371
807 765
114 758
992 129
1073 780
616 778

1500 10
1064 1189
953 722
1223 860
1038 643
775 882
317 816
622 699
1304 1256
1097 634
692 433

1500 10
1279 368
807 1071
549 742
705 1107
1409 956
152 415
869 136
183 1010
492 1045
904 246

1500 10
787 1170
299 876
1097 1098
20 1233
749 488
1082 1271
675 331
924 319
87 276
831 941

1500 10
776 864
222 196
959 157
1339 418
536 556
707 1483
947 1230
610 182
198 738
1327 403

1500 10
326 1084
187 1182
758 900
1286 19
149 1300
112 1272
988 1046
1236 572
744 1160
1004 1132

1500 10
1481 1150
434 259
363 1217
6 310
306 31
776 970
724 1033
79 769
341 27
1183 792

1500 10
765 694
645 1279
1276 730
774 1352
416 1200
1358 1153
118 1032
421 452
94 98
1356 17

1500 10
1280 803
1449 266
1097 252
133 1402
679 465
842 524
1215 1064
73 393
1370 596
472 1154

1500 10
1142 886
310 991
694 81
822 764
948 782
778 314
286 277
1484 108
264 1329
1357 303

1500 10
758 10
1084 724
147 538
544 254
631 847
15 1182
739 1366
1494 1109
997 1224
1285 516

1500 10
650 370
1206 1350
447 1031
1463 1387
1016 371
1238 51
368 577
710 1126
1227 908
1093 25

1500 10
1261 1454
1161 825
986 1360
327 1397
453 85
810 306
954 935
991 681
958 1171
907 1491

1500 10
365 958
513 849
1443 801
929 1048
419 737
656 1161
1325 1272
638 522
67 396
1193 575

1500 10
1393 942
954 1370
321 108
292 653
938 1500
624 1237
369 266
9 531
1341 522
1421 296

1500 10
1165 560
1116 852
269 873
551 128
1200 1268
672 320
447 439
1239 710
122 931
895 1106

1500 10
661 1422
99 1249
1129 823
1471 263
119 371
674 902
31 710
607 911
943 1061
49 111

1500 10
1305 135
1225 923
308 270
879 276
872 719
1048 1499
752 1219
1261 623
1184 691
236 1341

1500 10
1366 282
551 422
264 405
40 654
229 1083
776 131
382 1030
1400 1456
1117 236
569 247

1500 10
1068 1321
960 242
1064 170
1382 1338
1029 166
19 356
1381 633
1377 881
701 471
736 904

1500 10
1491 131
1153 1446
1185 484
622 1278
94 656
1346 969
746 1427
566 875
638 154
1364 884

1500 10
872 941
901 1422
304 873
812 1083
1261 1415
1371 969
1169 1286
634 979
945 166
103 522

1500 10
579 895
1198 24
252 638
769 188
794 1441
94 690
1218 163
1077 362
29 967
1429 1058

1500 10
451 194
1402 56
223 206
521 54
314 870
645 510
909 497
1022 1280
150 17
1117 1346

1500 10
451 426
792 83
430 728
706 41
1202 487
1085 1118
1431 1445
6 871
1149 553
331 346

1500 10
528 856
272 31
1155 728
836 698
204 859
628 1032
858 692
382 737
1155 1355
190 1473

1500 10
1403 598
417 796
498 921
878 954
358 921
389 1042
730 975
628 101
115 156
472 943

1500 10
334 553
424 402
815 647
1071 35
454 160
1289 35
116 874
149 1332
1212 845
533 760

1500 10
957 701
18 148
117 1075
550 1165
1170 490
750 1491
1146 270
755 1290
610 1113
1386 613

1500 10
459 791
900 1321
771 505
112 1346
329 1461
792 277
240 344
424 546
731 255
879 876

1500 10
948 1166
824 852
961 506
786 990
1009 990
1272 798
1366 1125
1109 1411
1144 1119
758 24

1500 10
71 458
315 728
1392 536
1230 21
775 1242
825 1400
1094 832
225 814
271 632
1093 1498

0