100
1300 10
516 152
1222 793
613 234
477 1209
427 789
59 526
9 25
46 1156
410 695
769 625

1300 10
398 220
942 517
1148 1182
960 506
798 965
1266 63
424 631
857 1208
363 341
831 506

1300 10
390 370
393 965
1 82
1060 1210
211 1179
15 1163
622 11
873 328
509 1230
557 789

1300 10
456 1169
773 1058
561 878
899 958
129 1028
1176 1265
626 978
1097 1137
475 480
876 913

1300 10
489 653
1282 1165
1172 269
567 953
748 656
1126 459
407 383
670 469
1215 1256
1073 994

1300 10
936 1085
1074 154
1040 384
829 250
1064 264
456 1026
1297 48
262 188
1122 955
1300 963

1300 10
141 533
522 1246
703 294
686 1269
278 528
198 960
308 735
1112 310
403 75
454 686

1300 10
647 496
1261 1071
47 721
220 1227
983 1276
782 161
947 411
91 818
664 238
554 898

1300 10
472 935
179 627
1134 664
993 1113
1061 1189
281 937
1063 957
1123 336
591 320
1056 979

1300 10
551 619
1023 338
600 798
175 389
505 39
772 1151
189 760
171 643
772 1235
649 62

1300 10
918 244
1258 616
242 517
1015 517
849 1239
753 840
1212 47
930 907
159 82
800 994

1300 10
943 971
129 1228
802 1246
1105 628
1270 1029
222 42
789 118
583 332
916 196
978 38

1300 10
525 1281
310 608
826 1121
353 554
409 62
175 1297
20 1156
488 546
1258 1261
180 1124

1300 10
322 1266
1012 1278
510 733
885 526
819 260
416 1107
100 437
764 840
1120 639
955 498

1300 10
507 383
355 653
1182 529
240 1170
153 1157
665 354
476 1076
1102 518
1137 559
1186 1285

1300 10
863 369
520 862
1085 1263
3 370
1036 1148
64 967
159 1243
1289 928
438 741
343 259

1300 10
942 557
1124 881
1012 790
570 432
231 986
832 257
587 173
532 268
661 151
826 918

1300 10
573 1082
532 127
242 151
886 67
528 1009
222 1209
388 684
489 431
274 619
1261 1126

1300 10
890 704
113 754
374 190
466 1230
935 1197
295 984
951 347
365 540
744 861
1231 561

1300 10
995 1019
76 512
354 490
979 471
206 1075
592 1070
1290 1100
147 651
1179 273
1087 1146

1300 10
525 797
57 388
760 1260
1254 205
294 788
704 1275
1079 2
660 325
837 393
692 1021

1300 10
500 670
304 1198
960 368
500 421
744 1183
646 14
279 1069
681 51
931 944
1228 1122

1300 10
1171 330
87 55
757 523
470 616
48 1038
8 124
287 833
1241 1248
616 1211
472 873

1300 10
321 1178
579 878
1048 212
1273 2
118 739
136 865
583 18
17 1018
850 1036
685 137

1300 10
469 289
1246 485
449 677
656 414
97 241
1188 1249
1146 93
29 597
362 359
1085 457

1300 10
484 865
18 1220
892 825
1209 1012
771 785
1229 785
266 18
931 1154
976 763
845 150

1300 10
205 1129
20 1218
146 770
25 24
278 1264
378 293
1100 43
27 863
1178 842
1143 117

1300 10
210 127
896 570
1162 152
678 706
883 339
763 437
969 1197
1280 984
206 334
436 439

1300 10
405 566
164 1017
584 972
92 536
881 1143
259 552
352 1155
623 119
1263 772
936 435

1300 10
1254 415
1138 1288
150 1056
72 982
943 469
318 594
657 424
808 1038
722 702
176 11

1300 10
1159 677
571 860
857 1080
190 1103
869 156
888 392
1095 565
879 456
1063 851
1102 682

1300 10
1073 843
563 1109
145 511
958 868
284 1122
290 886
1215 215
554 150
795 1272
507 428

1300 10
840 1190
1122 428
1056 950
357 575
1040 910
31 152
1071 1124
214 188
937 1229
786 366

1300 10
1140 561
385 972
485 28
159 306
153 1261
339 1162
478 221
961 684
282 1015
1247 604

1300 10
8 261
429 750
1270 813
1081 700
431 654
899 738
119 884
436 562
1186 1096
1025 931

1300 10
1 774
655 1106
113 380
701 941
397 717
640 983
742 796
1271 933
298 309
1159 172

1300 10
359 1241
805 1187
219 1122
869 382
438 278
703 1257
159 204
574 807
506 451
462 472

1300 10
234 815
499 182
404 1121
770 1286
243 722
74 281
598 1253
111 1036
1049 1002
1059 324

1300 10
238 966
302 1182
368 324
954 1251
715 169
137 19
264 657
1271 1178
74 1027
700 781

1300 10
1113 393
60 335
1013 339
355 141
1080 545
943 566
1238 1203
1252 392
358 817
1087 210

1300 10
348 631
984 948
691 129
661 984
276 319
398 1155
233 1035
403 225
173 72
930 295

1300 10
260 414
469 882
196 778
1197 1043
881 1198
186 1062
484 1284
562 974
377 1008
850 264

1300 10
839 858
704 1175
580 602
496 221
710 1298
141 140
634 937
448 466
1255 1042
566 977

1300 10
396 402
63 1241
1023 117
972 858
42 318
856 1288
956 1267
553 341
814 339
58 429

1300 10
1250 942
785 822
744 504
1127 935
13 993
330 486
475 1028
146 1143
796 440
241 1285

1300 10
1199 1042
1257 251
1236 455
652 815
206 144
74 1008
482 520
962 93
864 828
448 636

1300 10
839 819
174 595
795 594
1287 1070
988 1136
13 555
245 825
639 257
379 166
1093 1273

1300 10
551 468
1005 608
70 967
1111 557
253 570
868 678
681 346
912 1255
745 1202
952 545

1300 10
99 640
550 176
1010 323
122 1156
945 1139
30 214
313 871
1259 1203
483 334
728 234

1300 10
171 360
1106 849
749 249
358 343
947 425
27 826
501 711
1162 476
1100 362
1297 185

1300 10
1281 10
490 1201
1009 1229
1002 874
719 1040
974 1128
350 640
851 202
697 441
197 1018

1300 10
230 1117
403 175
524 300
448 906
844 669
360 483
455 505
375 1055
540 1118
158 490

1300 10
974 1029
196 1282
870 409
1140 661
1149 971
745 681
1268 1006
1121 629
739 1254
229 371

1300 10
1241 6
1133 768
404 435
645 228
129 186
880 1164
27 224
1117 99
233 47
293 626

1300 10
1295 900
174 940
393 548
17 179
1241 833
187 874
934 891
1264 469
667 396
322 340

1300 10
284 1065
729 949
1096 1018
109 1299
31 968
300 869
401 1150
52 959
43 988
594 1186

1300 10
550 607
722 6
609 256
525 646
371 597
1083 1073
114 148
1104 284
1177 111
443 619

1300 10
1206 828
577 830
661 867
489 925
961 1092
719 433
234 528
1187 1267
415 503
992 268

1300 10
245 855
15 244
1105 369
158 820
832 395
866 443
1228 1110
155 376
689 1154
610 231

1300 10
1239 737
1238 315
191 354
1007 885
665 122
273 210
85 1252
453 719
599 677
824 291

1300 10
580 110
213 387
420 967
797 700
563 1283
683 912
1266 879
93 321
1231 1227
729 743

1300 10
230 863
445 1147
429 1185
1247 1016
110 521
331 333
930 1091
970 1128
942 716
1151 1073

1300 10
950 151
189 820
125 210
1079 733
1099 740
795 921
976 17
440 1259
1133 642
548 564

1300 10
662 861
160 328
353 39
990 828
928 681
891 1003
1288 751
1045 951
1088 419
850 1189

1300 10
135 153
350 133
405 1131
732 592
406 1285
1055 863
955 219
1006 1149
17 422
387 204

1300 10
688 1129
33 209
1158 590
614 393
1140 981
363 1098
465 1169
775 570
464 438
624 791

1300 10
435 751
351 1198
679 1014
998 860
1260 921
491 918
165 455
322 1239
103 641
550 532

1300 10
1098 704
1178 81
533 245
701 912
52 357
323 1089
1051 556
182 481
964 831
869 1251

1300 10
1065 536
1005 21
224 507
640 582
1024 1229
217 887
671 1194
96 31
504 1283
150 1284

1300 10
369 301
366 768
744 1248
386 286
80 359
313 34
893 542
612 871
749 1173
607 701

1300 10
903 516
262 1244
699 510
899 811
773 688
1159 789
479 982
1027 1186
457 913
1272 345

1300 10
196 1159
1055 962
1247 531
300 293
188 341
938 1293
1070 24
920 1048
1080 775
987 610

1300 10
23 921
119 350
362 472
1172 398
1101 122
952 330
684 1272
481 964
1163 890
6 469

1300 10
819 452
278 900
525 1054
1120 463
22 604
298 176
288 785
142 654
927 1032
1109 412

1300 10
512 129
189 638
950 1040
5 288
675 717
1201 194
815 151
1188 594
809 587
1255 310

1300 10
631 45
1193 31
762 145
1111 909
293 619
1103 1111
572 755
48 1165
1134 39
147 1249

1300 10
966 554
1096 237
422 180
1235 1243
1238 1273
741 368
1240 5
945 1291
100 144
1187 291

1300 10
1188 839
365 1155
340 1049
762 832
708 1210
43 27
180 739
359 1232
307 951
1207 687

1300 10
29 844
760 741
1170 913
1159 56
87 1008
532 1075
1146 80
579 1297
781 836
213 1261

1300 10
865 810
433 1278
770 342
272 49
47 832
316 336
960 467
91 447
338 57
706 921

1300 10
1066 256
88 940
308 521
421 966
1073 554
647 617
1003 1196
498 1199
1151 766
464 598

1300 10
757 104
811 264
656 1057
1045 259
1283 931
1032 1271
1127 731
724 1180
549 352
540 631

1300 10
355 1124
1272 195
924 816
1193 590
254 821
182 770
18 1047
1257 925
68 986
345 922

1300 10
282 1171
1130 667
233 136
1058 591
518 710
1265 799
978 982
769 192
1223 1250
143 59

1300 10
732 331
651 1153
540 937
216 1261
458 541
13 1184
886 1027
1085 367
53 1248
678 98

1300 10
747 351
323 1197
1005 1014
689 567
168 1042
230 320
1149 376
575 166
734 908
418 891

1300 10
1106 909
1016 485
828 341
905 353
252 271
49 347
914 787
639 899
1070 854
1139 899

1300 10
106 260
287 1002
537 1243
1264 108
752 734
75 165
582 1103
601 925
775 725
624 287

1300 10
78 951
630 807
79 511
140 404
1279 315
242 703
591 947
756 244
732 439
282 433

1300 10
294 1078
6 197
995 337
870 325
935 361
1246 295
918 801
1080 46
1251 780
615 552

1300 10
1144 1239
950 1171
260 504
597 1243
1144 1133
1069 938
1016 902
186 440
620 267
462 53

1300 10
441 983
1043 1060
388 527
1226 407
1209 260
438 855
5 828
805 1163
760 1281
371 264

1300 10
305 169
1128 117
1145 458
606 1240
88 1055
748 1215
437 720
348 257
1061 856
1202 764

1300 10
1248 12
1147 204
618 365
395 75
353 247
540 1242
881 88
630 112
815 1120
211 209

1300 10
1275 1008
1267 273
165 513
1288 207
556 726
283 748
976 507
409 559
764 660
243 63

1300 10
1202 302
795 1064
647 727
932 606
983 1065
61 744
778 713
31 899
407 411
54 465

1300 10
390 379
1107 1261
945 85
1097 185
216 690
1043 667
855 706
8 36
139 1207
973 758

1300 10
823 752
56 276
951 207
422 771
870 658
255 183
356 1268
1023 479
1192 1082
1098 983

1300 10
484 228
374 1239
456 371
1181 1022
258 524
407 135
973 104
1031 149
371 104
351 554

1300 10
507 115
989 1149
769 446
6 943
282 433
89 381
708 352
1089 1287
1023 442
48 650

0