100
700 10
219 173
29 640
577 190
21 184
346 251
278 435
686 213
230 75
549 390
346 463

700 10
285 565
41 304
440 197
173 161
602 516
383 103
325 264
31 222
557 338
423 104

700 10
435 577
438 177
123 402
236 78
529 327
74 331
395 161
575 602
437 304
349 44

700 10
605 636
323 124
54 446
455 456
391 429
285 436
346 436
680 7
626 22
528 264

700 10
166 78
228 2
286 445
451 457
271 220
528 239
433 55
614 618
99 53
435 482

700 10
83 1
268 246
607 299
645 567
601 620
687 446
134 84
385 423
338 45
608 690

700 10
127 653
390 514
41 267
231 624
70 599
230 534
109 345
436 314
622 642
62 371

700 10
307 570
525 456
225 6
108 208
120 135
86 288
234 364
313 640
159 291
302 316

700 10
584 82
446 183
277 36
309 249
238 248
461 565
306 656
177 487
510 298
81 188

700 10
88 411
130 430
184 448
456 330
311 2
376 74
559 222
477 559
255 552
205 634

700 10
327 70
482 129
291 642
197 698
575 422
594 591
385 695
402 396
445 282
193 379

700 10
666 165
320 587
233 464
156 252
497 664
653 378
553 613
233 125
390 353
627 499

700 10
260 518
554 289
628 103
541 166
160 292
624 644
139 76
58 677
203 446
4 308

700 10
403 82
158 186
663 492
185 179
135 138
599 467
312 220
211 620
179 248
124 175

700 10
114 86
545 229
336 147
213 273
52 140
130 471
621 35
263 478
362 302
488 518

700 10
193 6
528 105
142 67
184 77
42 561
311 213
642 502
413 15
430 590
257 580

700 10
79 624
689 424
322 604
32 645
374 57
177 221
77 75
259 152
595 78
635 387

700 10
597 353
256 404
218 644
23 199
585 242
351 236
449 206
349 260
407 411
653 452

700 10
672 480
3 535
595 680
91 225
189 9
270 120
409 465
330 204
540 42
11 607

700 10
335 513
144 589
519 17
342 138
409 285
614 494
526 281
11 656
126 327
412 559

700 10
496 499
494 106
74 396
258 320
130 115
672 700
532 674
90 395
178 157
133 73

700 10
528 320
631 376
373 598
67 639
471 366
117 481
141 687
562 122
433 232
267 392

700 10
139 302
397 544
59 311
206 379
480 166
163 466
542 529
217 71
239 491
113 641

700 10
435 575
504 104
316 253
600 135
71 698
492 554
453 508
11 284
34 67
187 221

700 10
668 311
190 698
664 71
105 240
163 429
408 209
268 112
338 665
460 683
221 461

700 10
197 191
624 369
417 635
557 543
349 447
614 317
582 468
153 260
181 45
298 307

700 10
447 630
567 424
512 87
652 366
9 409
195 230
573 193
180 481
160 198
74 634

700 10
26 343
456 510
20 443
337 125
179 605
243 257
20 283
225 201
373 155
14 680

700 10
113 294
350 355
176 474
111 583
45 127
368 279
155 236
306 254
286 295
552 293

700 10
466 579
481 464
174 35
305 618
644 680
578 549
373 121
378 36
53 90
580 404

700 10
347 427
640 365
626 638
379 648
568 106
486 394
380 213
204 309
456 445
526 383

700 10
47 90
531 440
395 301
632 285
110 54
647 677
492 692
235 607
157 689
648 665

700 10
430 694
382 37
178 671
406 60
258 474
204 655
627 352
15 504
520 521
530 561

700 10
34 412
504 302
255 34
419 31
38 87
305 157
295 416
412 681
314 621
692 191

700 10
151 418
455 191
541 628
87 179
535 68
33 626
12 581
553 118
164 551
294 96

700 10
385 16
524 102
548 632
218 467
245 229
59 593
134 76
643 472
332 32
210 302

700 10
252 183
16 85
636 652
57 374
200 28
263 352
67 448
141 558
441 327
388 495

700 10
543 87
208 496
134 500
660 383
346 337
670 614
144 132
456 246
400 192
619 482

700 10
64 3
173 579
537 621
228 234
26 589
10 355
277 20
589 497
251 148
14 566

700 10
455 383
74 146
628 614
151 360
587 649
428 436
145 528
21 592
628 370
304 31

700 10
11 585
365 158
100 273
465 118
394 331
87 296
290 230
562 452
128 25
387 132

700 10
461 287
595 640
18 233
451 444
27 537
332 674
585 332
223 144
153 14
564 412

700 10
561 133
25 455
406 410
156 379
549 237
230 468
199 568
356 346
264 342
298 659

700 10
664 459
43 686
577 237
295 597
108 81
455 683
37 119
12 336
440 597
292 688

700 10
573 608
302 314
546 502
448 576
45 365
532 364
262 16
527 64
240 587
215 517

700 10
312 588
101 349
634 666
437 635
397 228
190 387
58 55
676 57
562 155
42 577

700 10
539 311
430 637
100 646
27 634
148 405
259 359
379 348
3 592
612 534
322 230

700 10
676 598
48 42
332 680
399 425
405 541
163 30
499 661
562 267
534 405
645 339

700 10
171 653
498 101
224 81
202 255
483 533
59 345
49 297
407 382
465 335
4 81

700 10
612 677
685 221
627 10
327 73
184 63
84 87
254 671
415 265
584 275
341 109

700 10
35 176
141 411
70 461
571 170
631 543
115 365
499 133
693 112
320 605
157 646

700 10
191 51
552 127
187 684
611 409
402 243
657 568
369 83
262 614
504 314
412 50

700 10
338 516
594 239
503 395
582 157
40 662
174 133
17 553
534 30
110 404
226 301

700 10
413 261
164 212
666 333
488 618
18 28
76 79
133 197
300 561
395 59
200 679

700 10
139 316
76 297
104 71
557 252
196 515
508 657
580 178
198 177
362 307
86 630

700 10
315 10
80 130
257 243
259 635
482 541
513 620
513 224
108 120
94 461
690 625

700 10
409 207
698 691
392 24
357 374
674 35
479 327
318 238
417 92
662 287
171 38

700 10
60 252
652 163
386 513
544 214
416 275
694 397
292 21
668 623
393 217
177 228

700 10
46 5
535 113
576 261
628 65
41 303
653 376
178 673
662 496
434 99
512 461

700 10
42 500
60 474
639 542
471 193
16 200
358 672
548 331
62 453
531 359
696 333

700 10
341 181
18 611
139 22
146 97
350 433
125 534
326 168
83 436
207 475
451 432

700 10
379 668
387 316
623 319
187 26
8 363
320 166
121 514
229 545
492 583
117 309

700 10
576 667
440 402
301 454
25 239
591 515
320 98
153 529
14 438
383 668
5 407

700 10
680 692
688 404
348 326
85 363
4 125
93 348
83 670
325 694
565 429
430 31

700 10
115 666
629 250
349 622
643 1
175 227
431 203
146 667
314 619
639 671
401 476

700 10
436 433
489 618
656 523
8 185
420 669
448 442
573 697
416 304
462 285
211 285

700 10
131 166
365 534
632 152
516 552
203 181
334 485
415 88
188 309
72 560
234 631

700 10
130 559
188 627
432 606
560 222
223 151
157 158
257 578
582 125
122 499
37 131

700 10
496 242
251 502
643 429
604 360
316 135
108 699
384 3
238 394
16 578
26 678

700 10
282 62
681 388
627 106
97 495
473 558
206 247
106 30
658 580
562 240
454 234

700 10
238 78
43 203
362 189
475 153
312 437
520 288
623 680
36 607
402 529
257 74

700 10
36 412
359 522
409 656
397 22
166 569
290 256
263 254
561 534
513 645
438 50

700 10
690 700
13 366
250 360
178 395
383 303
183 222
15 530
151 497
332 381
97 116

700 10
329 637
628 642
407 275
625 6
530 87
127 133
308 117
566 526
211 204
163 184

700 10
519 584
199 37
697 455
566 528
389 679
425 314
408 110
350 362
225 67
36 471

700 10
550 546
373 342
297 238
74 488
639 114
408 38
106 594
170 503
211 19
605 240

700 10
644 30
648 84
662 694
582 274
548 561
629 655
3 91
33 604
35 277
198 66

700 10
381 417
218 84
102 589
111 108
488 490
182 234
558 540
498 482
692 259
157 440

700 10
622 374
647 454
488 376
434 471
687 330
326 570
17 75
358 423
292 380
292 594

700 10
524 537
468 438
143 281
138 308
447 309
194 368
20 588
131 112
245 369
614 78

700 10
343 257
404 182
603 58
138 570
55 381
51 201
433 307
30 698
238 226
425 551

700 10
390 312
698 488
10 501
132 392
638 510
575 678
579 430
433 531
475 285
264 335

700 10
491 292
397 189
3 345
241 395
662 150
325 103
117 252
343 297
167 584
387 104

700 10
516 512
130 278
586 324
319 610
261 585
563 399
139 161
407 232
401 673
569 509

700 10
565 515
407 203
529 238
214 1
193 159
599 488
522 642
41 247
52 311
141 432

700 10
158 107
47 85
663 571
644 596
493 69
342 467
470 559
688 85
475 475
664 260

700 10
420 76
534 696
69 392
211 677
14 338
180 85
279 443
319 467
577 119
333 679

700 10
166 159
303 584
247 70
479 527
422 644
5 117
565 479
96 512
263 502
521 236

700 10
476 623
628 501
344 573
546 482
264 269
370 291
486 248
562 217
494 273
593 319

700 10
308 410
169 239
698 151
380 187
307 350
462 375
127 565
613 583
442 137
433 118

700 10
670 691
75 265
108 522
596 223
475 263
178 99
533 371
248 605
123 643
689 268

700 10
144 463
207 653
606 436
637 493
390 540
602 571
496 650
232 403
483 659
345 468

700 10
222 128
594 592
263 221
679 171
486 515
305 125
674 466
2 161
436 38
336 309

700 10
315 625
453 495
132 60
320 73
642 376
480 450
635 696
568 171
358 689
540 406

700 10
186 104
84 672
20 445
600 91
123 613
298 370
372 691
548 168
408 196
153 440

700 10
175 441
632 38
461 33
328 55
627 507
284 53
398 98
425 309
488 628
268 548

700 10
7 598
120 616
4 146
23 474
306 287
219 164
591 371
20 638
311 62
160 535

700 10
53 163
97 427
213 96
31 113
210 47
506 283
175 605
167 632
399 693
124 59

700 10
162 423
683 128
385 532
618 496
444 364
339 694
620 129
281 500
444 278
659 212

700 10
279 605
428 50
394 563
566 12
61 302
215 445
50 138
434 340
685 115
573 17

0