100
100 130
71 42
45 93
12 79
20 30
31 24
88 6
90 39
82 38
8 95
93 91
57 41
45 98
67 21
26 23
82 34
18 53
34 31
52 61
16 40
26 64
87 56
97 58
17 80
84 58
67 83
23 93
87 97
100 51
73 28
99 89
47 80
37 9
32 21
67 60
93 26
35 82
42 23
43 6
17 86
43 46
15 28
62 4
29 75
59 56
17 41
19 66
87 19
30 59
90 75
3 92
91 72
88 19
93 41
74 31
15 21
71 23
37 57
39 68
51 75
92 10
95 16
61 33
34 38
97 33
2 92
82 50
86 39
60 90
38 36
94 62
66 16
30 86
65 38
55 47
72 98
29 49
56 94
15 32
44 21
68 21
14 41
56 32
94 12
65 13
41 4
3 61
92 78
47 54
65 52
47 7
74 77
78 78
66 57
52 98
96 64
64 86
75 5
12 14
60 49
60 10
41 82
70 6
42 40
2 56
68 23
77 71
71 82
44 63
39 83
77 7
78 21
70 70
31 6
39 84
5 49
86 92
61 12
81 82
94 46
51 8
26 61
8 91
12 80
53 15
76 15
57 87
67 18
22 97
98 73
34 80

100 130
25 60
87 81
27 73
95 5
76 90
32 68
98 87
27 27
88 84
72 68
94 36
90 93
66 17
9 22
33 46
4 31
72 11
23 8
43 56
30 99
49 21
49 90
76 82
71 7
36 95
18 44
91 42
51 17
46 78
96 5
13 63
15 47
70 16
40 24
66 19
79 14
10 90
58 55
87 74
27 98
48 63
83 32
99 14
50 86
97 80
71 35
68 86
73 83
77 20
63 94
67 19
11 46
61 55
31 27
96 16
49 9
34 73
1 72
19 37
38 42
33 63
77 55
56 53
97 61
19 70
63 39
26 28
23 35
15 74
14 67
65 83
4 62
60 88
84 21
77 40
65 79
99 31
26 64
3 33
69 69
83 44
11 32
46 63
2 71
58 87
87 78
67 10
66 27
97 54
18 40
16 26
95 79
53 77
48 7
14 81
74 54
94 60
10 77
7 36
84 25
68 66
4 44
100 29
61 22
47 32
3 64
1 70
43 40
82 87
2 49
12 77
35 26
68 63
65 27
79 39
54 97
6 81
11 63
73 7
22 53
62 78
98 12
51 66
34 1
6 8
98 54
60 5
86 62
71 99
86 57

100 130
99 68
56 67
21 17
12 100
69 38
85 57
51 17
40 9
73 33
67 96
32 17
15 69
97 65
34 14
82 99
57 36
36 41
33 3
10 24
68 79
65 79
53 57
37 2
50 67
89 66
81 72
43 84
67 33
25 85
5 25
43 97
76 67
16 71
6 51
53 57
46 15
63 2
41 52
70 81
86 36
29 75
71 52
98 19
96 31
94 80
83 7
83 66
10 75
13 4
74 12
5 16
62 99
97 97
39 13
54 46
22 98
38 89
22 51
55 8
81 83
22 41
30 25
35 59
75 95
15 23
16 39
67 25
73 46
4 75
24 65
86 28
66 9
6 27
14 22
8 62
15 44
87 1
10 99
34 10
72 94
60 89
22 98
25 9
28 62
43 92
29 87
16 37
33 13
5 39
47 88
44 90
41 24
43 87
16 88
89 20
40 83
94 16
89 86
17 97
46 92
44 88
78 16
56 92
41 13
46 51
31 84
14 80
58 79
18 49
94 57
52 11
8 54
44 86
7 85
66 48
13 68
40 99
51 81
83 54
34 3
54 11
32 98
40 100
2 2
14 25
38 14
65 43
46 6
9 61
26 32

100 130
13 100
29 13
59 2
21 39
52 70
80 36
19 49
15 84
76 32
23 1
85 42
32 96
60 34
24 30
21 37
51 8
94 75
51 67
48 29
93 74
71 17
14 30
42 89
62 32
75 67
82 48
85 64
21 84
53 96
58 39
32 100
12 29
71 93
29 18
60 55
33 56
82 71
46 82
26 24
84 3
51 69
92 43
66 51
6 20
4 46
20 81
22 31
28 86
82 15
11 23
59 11
44 3
6 80
61 3
89 17
3 43
53 63
65 100
24 84
8 73
28 63
80 64
99 4
53 12
99 67
75 34
83 88
45 81
68 73
53 50
54 90
42 53
68 71
91 71
52 85
80 37
65 8
18 61
86 62
28 80
36 49
28 27
57 33
21 40
37 16
77 25
1 62
97 22
89 37
61 80
71 36
97 24
14 32
96 18
77 56
53 73
41 44
45 87
48 45
52 73
67 21
9 2
30 35
7 94
90 41
5 93
17 41
14 62
69 78
11 19
38 92
92 8
97 8
100 41
3 84
79 56
55 64
94 47
61 85
13 42
96 64
27 10
78 40
92 47
58 43
66 35
38 37
65 68
37 27
5 87

100 130
53 6
66 6
49 85
10 72
60 8
94 82
12 3
17 64
35 86
56 66
18 24
16 52
50 9
16 36
12 71
87 39
93 71
67 83
2 71
91 31
35 58
6 52
49 85
28 62
79 57
71 40
22 94
26 32
94 34
80 91
34 87
20 51
23 36
2 49
31 86
31 36
78 84
47 69
20 84
36 83
96 18
48 32
18 53
87 43
18 33
29 39
5 20
64 37
97 88
94 97
14 47
87 75
52 52
21 85
82 83
64 76
22 82
28 54
84 83
55 7
46 86
35 23
83 69
1 95
55 82
10 70
19 2
58 10
97 84
32 7
19 96
42 90
11 95
17 28
56 5
33 21
97 14
26 93
25 76
97 26
87 30
34 52
95 60
98 5
10 90
21 24
92 40
86 7
71 81
10 59
84 25
27 50
60 14
47 23
67 4
27 59
1 9
64 96
95 79
28 13
70 39
83 86
62 24
56 38
6 61
46 93
81 11
90 40
37 43
43 55
69 1
58 28
70 83
87 99
96 3
12 75
73 30
92 67
12 24
91 92
70 37
33 88
5 69
21 82
79 16
5 96
50 90
90 87
37 81
36 20

100 130
17 2
10 9
72 66
70 90
52 73
13 49
70 50
94 40
65 47
98 78
27 43
2 21
93 48
31 22
25 17
82 82
51 24
74 85
17 57
90 68
55 85
49 20
40 45
24 9
9 64
8 74
83 58
9 82
91 50
94 90
7 76
95 13
30 20
100 19
90 45
16 56
22 61
99 19
49 32
75 93
3 66
77 69
14 15
17 53
54 31
82 77
30 79
62 44
82 42
58 59
66 94
83 42
98 45
85 5
65 76
42 37
38 72
87 29
94 62
13 5
19 86
25 84
44 59
36 11
49 48
90 7
65 98
3 15
2 44
11 60
91 98
79 80
60 92
22 49
44 4
54 66
39 36
83 58
77 13
62 57
50 12
99 19
95 22
95 78
95 25
54 64
94 66
95 40
26 34
3 81
66 48
85 18
70 81
15 91
92 41
77 62
99 25
74 93
37 72
47 56
35 94
74 23
47 14
18 59
77 21
75 24
70 5
36 84
6 83
50 5
63 86
88 44
26 43
64 97
47 75
75 38
22 53
66 32
3 7
18 71
38 25
78 30
28 32
14 28
85 63
1 81
50 43
100 96
60 26
80 5

100 130
16 74
73 24
83 74
97 32
50 4
69 91
39 94
10 17
97 30
37 64
88 3
90 95
8 13
71 75
6 77
44 80
79 83
31 26
65 12
45 20
15 38
13 21
2 26
72 45
69 70
37 31
38 47
61 1
3 43
41 63
96 94
11 51
79 99
95 63
6 59
83 12
4 83
41 3
19 71
90 32
91 10
25 5
49 80
52 94
84 93
74 80
21 78
19 34
69 79
16 96
24 32
27 24
50 52
20 43
15 67
79 28
92 79
33 51
56 92
67 84
90 58
72 15
69 38
24 59
62 37
63 75
92 70
49 31
19 91
48 25
27 81
86 17
91 24
70 62
30 36
27 19
44 92
33 82
97 32
60 45
42 9
41 39
67 72
87 46
11 56
70 33
16 39
98 82
36 64
58 58
67 86
28 44
99 36
20 31
92 94
99 88
6 4
55 7
94 49
12 71
84 96
50 67
7 22
66 28
98 97
80 55
97 87
7 99
73 39
84 12
20 2
62 69
38 35
59 29
6 70
71 31
48 81
25 39
59 28
79 12
17 68
66 70
34 14
92 1
89 67
62 67
82 64
11 51
64 33
21 98

100 130
8 53
80 52
5 44
82 11
40 77
82 35
51 72
72 67
18 35
11 62
82 80
12 15
86 18
44 36
55 98
14 74
71 50
7 12
17 21
60 6
21 98
13 78
12 48
73 86
100 20
70 8
59 61
17 79
7 5
67 47
76 5
71 12
65 94
82 1
4 27
8 91
48 85
47 22
49 78
39 36
98 70
18 36
11 80
68 58
24 6
42 68
55 45
66 51
90 62
47 74
58 81
64 6
97 61
37 76
99 63
86 71
71 57
74 7
65 83
31 75
45 94
87 65
83 44
56 34
66 81
65 14
34 55
85 52
23 69
43 91
39 62
99 59
16 15
81 53
76 61
50 41
64 71
81 57
62 34
46 29
54 89
19 57
49 78
38 65
76 63
62 79
68 15
32 50
51 85
88 18
78 44
100 23
24 24
78 74
46 35
46 60
10 42
4 18
53 54
29 65
79 49
9 23
66 29
2 12
99 2
63 90
37 49
76 98
3 49
29 79
16 7
83 9
12 88
92 74
13 21
22 50
57 26
1 10
29 14
57 79
3 28
6 60
58 19
81 17
22 44
23 60
29 69
61 68
24 7
61 29

100 130
16 93
19 92
52 7
94 60
79 30
84 94
63 25
22 54
4 3
45 38
29 83
42 91
65 20
100 32
83 38
6 18
56 33
29 38
23 8
84 26
74 18
64 63
72 33
95 75
95 7
43 86
91 69
33 69
15 76
11 31
21 47
80 47
90 25
47 87
10 37
13 73
75 68
87 43
95 27
69 64
89 16
12 68
21 99
71 63
42 82
23 54
46 73
33 77
45 15
12 85
51 39
39 70
14 47
66 41
44 40
49 34
14 33
42 70
77 41
73 62
75 36
65 74
55 92
61 32
36 97
7 23
78 64
56 11
70 20
80 7
31 31
77 8
46 11
26 78
84 36
8 94
18 44
8 78
7 62
59 65
83 78
20 53
64 87
6 1
87 2
35 44
27 30
62 56
45 6
11 5
47 49
98 37
4 79
25 55
70 58
41 14
28 74
88 47
46 33
19 57
10 70
77 73
83 35
76 6
43 60
22 38
22 13
50 21
55 69
75 80
42 44
70 41
80 37
15 12
83 18
68 62
49 16
68 44
18 66
99 26
13 40
40 6
49 63
61 3
80 33
43 61
42 15
93 52
37 79
2 95

100 130
36 56
24 26
34 75
50 68
100 31
91 57
62 15
68 98
19 84
25 44
49 55
62 5
53 30
1 39
3 95
34 80
68 13
57 39
60 95
85 6
6 94
21 93
99 17
71 61
52 96
71 35
68 56
95 16
6 60
47 56
84 55
5 26
45 95
83 40
17 9
34 88
50 36
71 10
93 53
10 5
97 83
95 35
13 90
83 45
31 9
2 84
19 42
27 36
24 57
19 1
68 6
73 65
66 77
53 44
75 42
100 52
51 81
35 35
94 82
14 20
22 57
14 26
19 45
35 8
38 96
66 95
7 56
81 24
11 49
31 68
57 79
27 89
23 3
43 20
35 60
53 34
45 38
54 98
23 34
19 72
50 51
98 7
29 87
10 38
5 41
54 2
24 64
7 20
69 58
88 7
20 53
32 47
76 52
2 7
86 86
91 31
64 25
17 91
17 13
98 60
36 79
97 34
94 71
62 42
85 65
6 15
33 38
64 81
94 85
97 59
10 12
19 98
59 16
21 10
58 37
15 11
50 54
2 86
29 58
52 60
47 11
59 40
84 56
40 97
60 6
65 58
96 2
41 51
72 92
24 25

100 130
24 20
38 84
59 37
36 59
12 19
79 41
94 62
8 64
76 94
87 32
73 96
20 86
92 14
80 31
71 94
13 100
4 70
89 87
12 73
13 64
32 70
27 98
61 84
99 88
98 79
10 42
21 78
8 67
57 51
95 13
97 30
67 16
25 38
65 96
70 91
2 70
87 76
58 20
58 16
94 9
73 14
35 33
66 29
35 100
5 69
92 40
88 99
66 61
14 93
41 55
52 72
79 34
68 59
32 26
67 36
65 25
72 59
88 79
89 49
95 69
4 3
63 67
16 83
87 15
78 45
16 33
11 53
29 51
14 40
5 74
9 67
2 85
98 74
96 56
67 91
11 100
65 26
84 33
66 72
81 27
97 23
39 78
57 57
84 23
16 29
50 40
83 11
91 69
36 76
55 45
97 44
16 22
15 28
47 76
72 76
29 21
69 57
23 79
8 33
69 22
50 88
10 55
1 82
81 86
14 78
40 41
97 53
74 2
6 55
19 79
82 73
77 37
2 2
38 24
2 37
79 90
60 8
55 18
35 77
11 15
84 79
47 77
57 26
83 38
44 33
62 50
35 27
65 2
79 34
53 94

100 130
72 81
62 50
14 11
95 64
29 56
39 47
35 76
1 47
76 63
80 9
48 33
26 57
16 23
39 42
30 92
90 78
80 55
11 73
61 44
39 8
76 25
67 6
68 23
82 71
79 85
93 38
48 17
91 93
20 44
95 82
34 52
82 33
57 49
28 99
46 33
96 11
49 83
23 69
23 39
12 82
24 23
9 27
17 43
83 69
67 24
65 63
19 61
19 12
3 17
64 98
87 72
64 28
29 11
100 20
92 35
82 7
9 68
57 90
45 85
60 36
23 26
76 79
35 85
70 16
48 77
31 53
59 95
61 78
100 55
8 99
42 33
54 13
34 85
91 20
85 86
20 78
29 2
68 2
50 93
14 82
18 47
17 21
94 4
4 10
20 47
83 79
66 95
33 41
19 4
60 79
15 54
98 27
62 2
12 51
48 17
69 93
13 92
69 14
91 84
2 64
55 87
61 72
88 79
12 36
16 26
19 23
23 44
61 73
74 8
65 6
98 63
28 63
68 84
4 25
24 17
41 77
98 39
65 87
98 70
22 53
61 16
13 25
84 25
16 94
2 91
53 55
83 1
14 92
62 62
1 7

100 130
91 7
65 43
48 83
31 52
99 48
41 93
8 39
81 30
90 48
8 91
64 74
53 80
18 4
43 63
39 56
1 22
58 38
24 20
88 25
96 9
83 48
41 30
16 69
67 81
88 27
35 37
34 94
22 7
72 79
28 9
26 10
71 55
34 30
97 4
89 17
69 76
100 9
6 25
45 83
80 33
61 13
26 82
29 25
48 10
53 78
82 16
36 60
79 88
83 53
30 68
50 24
73 90
97 23
51 31
78 56
52 19
80 28
62 65
85 55
36 69
35 43
6 85
47 35
88 62
7 24
8 29
60 87
43 16
95 93
32 94
18 97
6 36
86 23
33 78
91 14
80 27
65 11
9 77
1 53
71 19
58 41
49 23
29 93
38 56
21 70
37 67
50 17
100 91
83 94
16 11
44 67
19 86
66 17
38 51
55 12
39 37
35 72
76 57
20 74
8 28
55 16
47 32
51 85
98 33
67 41
93 42
75 21
14 63
49 100
69 99
42 3
72 67
55 99
62 22
17 86
19 97
56 42
69 79
11 5
44 49
94 1
77 17
22 33
83 39
88 65
99 24
7 79
33 36
57 79
45 44

100 130
6 8
63 99
68 80
36 96
38 80
94 47
18 13
48 79
3 9
79 93
5 93
67 72
34 71
90 98
18 15
13 100
46 71
69 100
7 45
31 63
98 36
81 53
95 45
82 35
80 15
89 11
5 79
77 38
24 10
45 40
90 60
45 49
91 95
90 4
61 67
9 69
10 92
74 3
33 99
71 77
58 29
45 42
18 29
19 5
63 98
56 8
13 18
6 100
80 94
95 87
40 55
22 71
45 15
12 54
28 98
78 25
89 52
24 46
13 30
11 69
86 47
59 75
17 30
74 58
58 91
3 82
49 60
72 74
69 10
100 62
88 10
28 33
61 8
24 64
43 78
11 77
43 58
7 45
99 93
24 24
37 99
16 84
3 29
63 21
7 75
41 74
14 3
19 8
86 99
92 24
1 75
59 72
34 61
55 26
54 81
96 44
43 73
18 36
2 73
71 66
52 88
27 43
25 4
37 90
1 94
37 5
44 62
29 35
5 93
35 64
74 18
90 95
13 56
8 73
24 42
81 5
60 32
81 53
61 83
20 65
8 62
3 97
94 93
3 7
35 36
44 87
14 18
5 69
75 58
6 25

100 130
57 5
14 41
47 60
77 64
16 57
7 50
59 47
4 66
8 26
1 31
9 63
91 34
59 17
19 100
10 22
85 18
80 2
63 55
92 74
41 21
44 94
43 5
49 29
8 48
8 92
39 14
63 85
49 68
63 81
45 6
93 10
87 15
46 50
44 29
17 59
4 78
49 92
82 24
33 97
5 45
6 42
57 89
66 40
94 5
89 82
8 10
25 93
6 60
85 71
7 78
60 1
74 90
95 92
15 48
45 38
41 60
33 49
91 17
71 59
42 81
95 64
13 26
50 17
98 43
25 31
66 20
63 12
16 83
95 29
2 76
92 56
46 89
88 58
25 31
94 37
31 68
21 36
43 14
53 29
83 98
97 73
88 6
4 80
13 9
66 81
81 14
36 79
46 99
22 80
75 13
60 3
17 48
76 89
71 2
90 9
48 79
72 48
100 64
84 19
51 48
9 47
59 39
6 17
47 23
41 93
100 86
88 34
15 67
33 2
85 92
19 23
1 9
18 51
47 23
99 32
90 66
35 42
90 37
17 28
72 77
78 60
82 59
19 75
79 93
98 58
63 88
92 61
14 14
92 37
73 18

100 130
87 3
7 93
5 90
67 53
76 3
15 83
91 30
8 27
86 83
91 74
75 45
64 91
57 55
68 37
67 38
22 53
69 14
39 60
61 91
76 13
84 27
9 54
15 6
94 81
26 28
57 11
69 50
8 91
62 31
38 68
84 23
45 67
73 53
28 65
2 45
5 7
44 72
18 70
57 34
90 19
83 16
56 92
71 67
22 9
15 75
14 35
5 78
34 73
87 68
91 97
6 32
58 47
29 68
69 29
73 21
18 65
77 20
78 33
7 2
95 100
73 9
85 59
88 27
41 30
37 21
16 23
82 54
67 5
28 54
43 31
99 82
62 71
63 45
29 96
37 40
80 25
23 8
91 84
72 71
47 58
58 84
55 67
69 15
3 8
73 4
87 82
11 18
29 18
51 8
94 37
90 34
34 25
63 79
62 11
88 12
87 19
46 20
96 89
88 98
36 88
54 64
46 9
50 15
41 75
16 29
64 26
84 96
17 10
92 8
28 90
92 61
24 18
10 99
7 41
6 12
15 97
36 38
62 66
63 90
13 41
10 41
89 40
5 89
85 62
32 14
97 49
26 99
10 93
84 7
43 88

100 130
67 69
44 70
33 36
44 92
33 70
47 94
38 82
59 4
20 58
68 65
14 12
12 19
59 100
33 63
8 15
93 81
27 5
90 15
64 81
76 60
28 77
47 63
63 99
58 34
59 22
53 31
74 44
75 48
96 88
79 18
17 44
69 75
62 66
98 67
38 56
59 76
45 24
66 90
65 45
67 71
79 52
65 99
24 74
24 12
23 68
73 93
83 39
30 42
99 74
99 12
56 13
82 45
57 56
4 34
2 38
13 29
87 12
38 40
34 32
57 87
96 54
12 57
49 46
90 29
98 29
16 57
87 76
19 6
20 7
18 76
58 39
19 19
54 59
64 88
94 66
90 44
25 28
17 79
62 72
85 38
12 89
47 6
13 22
61 28
58 100
7 100
26 72
38 50
47 56
95 58
69 77
18 85
83 8
89 50
63 65
89 33
83 41
87 43
40 75
93 8
96 35
63 12
60 81
59 35
69 23
85 96
22 90
39 51
76 10
11 9
30 92
3 78
42 34
54 82
3 92
60 39
70 49
46 77
29 14
57 88
99 29
2 67
8 26
27 70
28 57
63 39
33 4
49 20
33 24
3 76

100 130
41 4
67 3
5 58
49 69
98 6
83 11
48 18
58 48
89 31
16 20
55 19
76 22
52 67
41 46
85 65
98 15
45 88
32 63
74 94
30 12
47 41
74 79
70 72
65 95
61 66
67 97
10 83
87 11
3 57
29 31
67 25
64 78
86 45
13 40
19 94
6 50
97 72
28 89
63 48
91 5
73 59
2 33
87 47
43 48
29 28
40 94
74 66
30 76
1 36
26 20
44 81
16 68
63 85
58 24
78 80
52 6
76 45
32 65
58 92
9 26
79 58
39 74
12 98
5 44
78 14
96 89
89 93
88 73
93 92
20 29
21 3
5 29
4 16
35 46
65 42
98 52
55 78
63 9
93 32
58 75
36 61
3 48
68 82
18 81
11 17
7 17
53 77
40 52
42 22
92 12
2 25
25 40
79 38
73 73
72 58
41 92
27 64
45 57
48 96
75 27
14 27
91 25
31 81
95 77
67 20
6 34
58 99
43 63
53 27
12 80
1 22
13 43
67 9
66 73
30 43
47 49
42 28
96 73
29 6
13 41
6 98
14 29
27 82
48 36
89 67
73 19
2 98
33 29
57 94
85 70

100 130
84 71
33 80
25 3
25 17
51 19
44 79
69 9
97 72
62 31
16 17
40 57
33 19
23 75
75 94
46 54
12 55
87 50
64 77
92 69
81 82
17 17
85 29
43 2
93 63
18 58
100 66
36 98
68 3
81 100
9 43
100 32
73 21
63 81
40 6
69 57
21 48
21 34
83 56
73 62
9 3
54 80
79 12
70 52
56 99
70 68
92 40
44 28
53 4
97 88
78 48
4 11
27 61
92 53
41 35
70 88
66 47
20 92
59 52
60 76
21 78
70 28
50 42
10 63
74 48
40 6
83 44
25 51
69 68
20 55
91 93
57 26
6 77
93 26
86 24
82 2
92 83
61 87
95 100
61 24
31 89
31 67
89 61
87 68
70 95
35 70
76 66
35 28
68 12
16 35
77 96
25 90
87 16
76 60
14 80
91 100
44 35
71 67
81 41
23 16
78 55
17 81
12 55
31 26
10 96
21 100
45 20
15 75
87 39
90 60
95 90
61 81
97 90
99 34
44 94
70 29
37 100
92 3
82 45
60 96
83 95
31 12
25 80
57 44
33 30
38 32
27 78
94 96
54 96
79 32
55 98

100 130
14 98
84 15
36 94
56 24
78 80
96 2
76 14
100 23
30 24
83 11
41 18
72 24
58 23
59 82
76 9
24 97
52 54
51 69
11 35
29 59
78 47
3 3
78 75
85 61
100 68
21 52
84 78
62 1
2 13
66 43
71 24
48 30
82 22
68 11
11 82
77 99
75 2
27 7
92 80
55 11
74 91
72 58
94 37
47 63
73 1
97 72
37 71
9 74
9 97
42 81
24 62
43 63
19 33
85 44
58 21
42 51
27 100
80 94
16 46
20 91
61 26
26 72
84 64
77 71
17 47
95 58
19 100
47 56
7 70
7 71
28 60
79 70
1 91
18 96
12 86
98 2
34 2
17 3
30 16
95 87
40 25
40 53
29 39
55 83
3 59
12 13
32 36
33 44
95 62
57 2
25 1
61 51
61 70
99 11
85 69
20 88
58 78
74 24
74 58
81 37
80 24
63 52
19 33
65 98
35 91
48 36
63 81
48 82
99 43
54 40
84 70
57 57
43 94
70 75
35 98
46 58
53 81
97 61
91 50
2 10
44 4
55 58
84 41
10 38
26 81
40 33
94 36
82 51
73 23
5 59

100 130
48 76
67 65
28 7
13 25
43 46
59 25
11 26
97 13
49 82
66 100
57 40
98 21
58 66
89 18
15 63
17 57
41 12
77 1
54 41
11 54
72 26
88 96
28 16
77 43
12 10
42 33
68 81
83 95
48 15
70 38
74 100
71 92
1 35
57 94
50 55
11 44
40 22
12 83
66 63
89 94
43 2
32 72
51 82
79 34
49 48
86 70
4 33
21 20
54 25
4 48
75 29
11 40
27 47
82 72
16 84
57 68
9 28
23 86
10 2
85 91
49 2
56 52
43 72
39 43
94 75
58 25
80 91
53 71
68 75
54 50
44 87
4 44
65 72
83 100
97 45
1 43
59 59
98 67
75 66
84 99
54 79
60 89
29 54
89 42
16 42
63 99
60 2
5 42
11 63
12 25
71 47
59 92
21 34
2 71
91 90
7 8
66 36
35 57
85 8
71 39
99 71
25 61
83 56
33 35
89 86
69 31
100 61
28 3
92 82
42 4
30 98
53 79
36 17
16 46
19 88
10 45
21 35
60 10
29 47
9 15
68 9
100 56
34 69
90 6
76 48
48 26
97 61
97 37
61 97
68 97

100 130
10 80
24 1
23 64
86 56
32 69
52 45
74 2
66 13
1 48
80 91
47 4
97 1
62 92
26 46
15 47
5 22
36 21
96 62
20 81
57 22
15 41
43 45
75 25
39 21
34 81
59 74
58 6
64 23
67 89
41 28
86 92
50 31
41 61
88 73
27 27
81 79
39 16
64 15
65 42
98 47
43 46
44 96
96 81
60 58
87 25
38 68
84 99
58 31
63 25
7 17
60 22
93 58
7 73
37 26
75 41
84 69
90 90
87 88
7 64
95 87
34 60
74 33
15 63
55 66
74 53
41 47
26 62
14 9
85 46
86 19
35 46
17 12
60 68
63 90
80 12
74 57
70 81
36 54
87 54
39 92
34 58
88 72
21 72
11 35
85 62
44 28
26 59
64 40
95 53
16 90
80 86
7 23
7 77
8 13
60 64
3 98
28 26
79 33
15 79
74 25
32 53
50 65
25 92
12 98
15 89
89 83
45 9
66 75
8 47
50 90
79 80
33 58
58 30
37 99
42 49
68 71
27 81
47 21
39 3
74 75
29 28
93 41
1 25
50 88
48 67
45 93
62 31
45 35
73 28
99 36

100 130
89 82
31 42
93 4
56 74
53 41
54 100
98 100
61 22
21 99
59 40
9 77
41 25
98 4
33 100
30 100
5 41
86 4
97 91
70 46
96 33
64 34
47 91
58 20
67 5
77 75
50 26
75 93
91 29
37 84
32 1
28 98
15 31
88 45
29 64
36 70
95 64
42 3
90 22
88 95
31 59
93 47
36 24
93 47
39 23
69 28
27 72
19 55
44 29
4 13
85 76
35 70
35 89
25 63
61 65
71 1
37 12
45 40
24 50
62 44
28 26
25 94
35 94
31 74
58 58
23 54
29 50
98 14
100 75
14 38
68 69
8 17
49 61
42 67
18 39
17 58
19 71
29 97
73 56
24 13
32 60
84 58
1 49
65 14
98 83
37 55
87 34
41 40
64 37
33 23
84 15
41 15
7 65
23 81
79 39
1 47
98 97
70 63
1 74
54 87
2 28
25 100
91 33
69 1
60 78
57 1
16 47
26 46
99 30
82 59
98 65
6 75
62 77
76 48
20 79
26 40
53 84
39 12
53 67
11 45
38 96
41 40
44 14
71 69
97 24
89 10
56 95
53 67
57 2
80 100
22 66

100 130
36 34
71 88
90 79
15 49
56 55
25 9
53 84
82 36
2 1
32 75
39 11
76 9
39 45
10 98
14 55
16 87
72 48
60 14
16 76
62 1
89 94
65 67
41 67
26 64
18 73
7 58
76 22
64 56
52 19
92 88
14 27
62 37
36 35
54 58
100 37
77 66
14 48
32 76
79 100
58 55
10 52
40 17
7 24
85 79
58 18
5 47
41 66
2 92
73 1
12 19
93 98
18 21
98 60
1 20
42 75
25 20
38 19
73 28
86 70
15 51
84 82
93 9
85 59
23 99
41 80
71 70
98 95
57 81
7 47
57 39
52 81
79 70
68 25
71 32
78 63
52 78
84 83
43 51
33 91
100 81
12 30
58 41
89 67
38 14
58 93
59 51
29 29
12 88
34 17
60 82
11 69
36 21
30 1
57 69
72 60
87 62
56 6
52 81
41 31
84 11
52 69
97 54
2 23
94 35
6 21
11 59
43 62
24 14
28 70
86 70
51 16
68 61
49 31
8 9
31 58
29 90
92 65
88 80
42 77
96 2
27 43
89 16
6 100
65 6
84 21
46 77
67 26
44 6
87 8
68 66

100 130
71 20
43 26
54 99
80 34
35 20
76 99
54 54
34 3
30 46
43 65
73 42
2 13
30 26
52 82
62 81
47 71
54 27
55 5
92 38
51 81
49 12
29 18
86 89
66 7
8 46
60 15
65 82
13 60
26 78
45 33
32 46
53 76
47 37
12 12
69 14
58 15
42 42
28 10
39 33
70 53
25 97
15 80
39 63
84 31
73 62
12 36
79 25
84 26
10 30
41 29
7 71
74 35
79 25
99 100
37 47
7 96
25 62
24 99
16 25
7 30
88 50
62 38
8 52
36 52
98 85
22 13
30 54
62 19
93 82
25 59
79 55
44 55
20 21
92 72
26 23
57 87
64 39
42 60
87 77
77 11
72 85
20 90
28 1
80 97
87 74
23 31
24 91
92 29
10 10
57 89
45 34
33 99
61 39
94 85
8 10
3 72
53 30
99 13
52 97
44 20
19 34
50 19
26 86
25 28
95 27
25 62
52 79
33 60
87 56
51 11
25 39
21 1
76 32
52 59
92 80
28 65
88 64
50 18
68 71
32 56
47 10
49 61
5 91
64 71
71 40
78 53
9 4
47 75
61 88
38 32

100 130
61 53
5 82
5 12
72 37
59 55
60 65
16 85
99 61
64 91
36 55
88 26
42 88
61 57
77 3
41 22
23 48
32 45
21 71
81 57
8 29
12 94
4 57
61 78
21 20
73 84
17 97
8 87
19 45
16 64
30 13
98 70
69 38
1 57
37 3
100 31
7 56
100 51
41 83
42 77
38 19
54 67
13 19
93 8
99 91
40 11
42 69
91 73
59 77
41 94
32 96
91 45
72 10
24 20
37 58
65 18
26 87
77 29
56 8
72 95
4 74
74 36
20 89
1 50
6 75
59 42
42 32
11 48
10 48
46 26
56 76
14 89
40 4
32 1
26 24
93 48
59 42
33 89
19 70
28 56
18 85
39 28
46 21
77 68
84 80
70 20
92 52
23 99
58 26
21 16
6 43
71 59
53 22
71 59
83 56
47 93
75 87
2 60
5 91
43 73
77 7
9 47
17 66
97 93
9 89
72 91
28 3
88 74
19 70
50 99
74 31
23 68
88 75
89 59
66 10
81 19
67 91
30 85
72 36
92 36
42 10
63 10
87 97
38 40
93 83
33 20
66 69
93 36
93 63
7 13
36 49

100 130
3 63
26 74
6 71
17 11
50 19
35 24
100 58
55 83
2 78
40 89
48 55
32 64
34 51
24 82
36 32
61 57
22 78
10 56
94 6
86 69
40 97
44 82
81 49
38 43
60 76
73 75
18 46
74 1
49 63
68 28
37 42
59 43
66 4
4 16
2 22
4 25
40 13
74 77
90 55
71 12
4 14
16 46
95 4
40 10
42 78
77 82
56 19
16 22
60 99
14 46
2 57
55 63
86 80
60 60
69 83
94 72
55 64
27 95
22 64
55 68
19 4
58 80
94 49
76 43
100 53
37 27
25 36
48 44
77 19
58 36
23 5
93 30
100 8
39 34
41 25
95 67
29 84
84 56
4 57
59 2
88 7
39 46
39 37
15 52
14 82
11 59
28 77
67 15
43 43
28 6
77 83
83 13
10 64
91 16
86 45
56 39
83 39
66 26
83 38
41 22
57 76
20 4
46 33
62 24
92 5
85 25
43 29
22 52
82 48
6 1
82 42
45 33
8 97
1 100
24 27
17 13
28 64
49 9
59 90
61 30
76 51
23 76
64 14
87 15
91 88
64 81
64 18
92 42
86 89
93 43

100 130
90 31
26 100
38 61
15 86
62 99
22 18
65 13
65 95
30 76
73 54
49 9
97 20
36 27
59 45
71 88
87 64
87 42
61 39
35 40
39 24
73 19
47 59
56 55
32 45
79 95
39 10
27 69
59 56
100 36
47 95
52 32
33 9
99 36
38 75
3 55
61 89
24 91
40 53
52 63
78 82
69 76
97 61
20 33
20 41
77 6
24 51
96 14
40 53
24 40
29 78
53 65
69 52
89 81
3 78
36 23
67 88
72 6
87 12
94 27
10 28
43 31
22 63
15 9
76 41
38 31
18 64
90 10
61 55
29 16
42 87
41 41
35 67
28 76
79 50
30 5
32 71
40 66
82 10
62 59
65 47
51 25
68 4
73 12
94 5
42 33
59 7
74 86
17 11
7 24
96 18
28 6
31 68
63 42
60 100
50 9
7 90
43 32
100 67
97 19
52 77
83 75
38 98
40 61
22 77
94 77
30 28
64 18
18 96
7 75
32 72
45 90
60 95
19 81
32 68
10 12
7 56
22 18
87 61
94 34
36 59
6 53
43 51
83 100
82 54
76 6
100 55
32 38
47 100
22 51
58 27

100 130
49 78
91 24
61 61
36 81
95 68
97 79
81 47
64 6
100 15
37 24
2 19
92 13
81 98
18 33
28 40
44 32
44 22
92 87
9 70
62 38
41 68
87 58
71 16
73 60
90 86
97 3
15 28
80 71
18 80
89 37
81 68
16 68
78 44
9 1
75 41
75 62
79 37
42 93
19 63
37 83
57 32
58 54
16 87
52 53
76 96
77 51
3 74
51 5
49 2
56 22
26 10
49 31
7 53
43 26
58 44
85 68
100 93
71 79
82 89
50 83
9 22
91 42
12 3
82 54
96 38
75 4
70 45
32 82
62 50
66 24
38 41
19 60
29 28
62 15
56 15
93 5
38 29
73 66
91 94
50 67
61 76
54 1
54 47
61 30
7 42
12 54
75 96
88 7
20 72
75 36
32 29
59 46
9 76
41 59
41 18
62 68
85 7
24 48
25 22
46 5
24 71
94 57
76 6
63 95
92 82
4 16
54 24
82 100
65 70
13 44
39 30
41 17
57 45
82 49
85 83
17 5
93 84
29 73
90 50
3 13
78 63
40 26
91 86
14 71
96 65
24 41
51 67
36 38
8 38
54 46

100 130
90 87
89 78
23 56
33 14
67 38
40 7
53 70
58 12
21 27
58 50
82 72
3 64
3 92
66 8
96 5
61 26
8 81
16 28
32 58
32 55
58 29
84 2
45 5
77 64
45 33
20 61
91 37
12 90
93 90
14 17
96 4
14 6
19 42
73 63
40 83
48 16
4 66
94 1
90 30
15 86
85 91
36 47
50 94
70 85
6 84
68 90
7 27
92 44
9 29
98 24
4 9
23 88
5 78
65 33
5 67
11 65
61 46
82 59
70 12
58 21
45 84
40 13
10 52
57 86
70 83
99 77
72 75
47 82
77 47
14 15
13 86
92 20
42 9
27 55
35 95
83 53
23 58
1 89
58 71
2 5
46 22
53 82
89 8
81 74
42 47
53 63
100 34
68 67
28 82
79 87
53 23
69 28
56 3
31 28
4 89
59 53
91 53
16 22
27 88
90 10
31 92
1 23
86 27
15 81
14 47
30 43
10 26
100 96
26 35
6 76
17 15
73 45
73 69
27 17
19 37
74 17
49 85
17 39
38 51
83 51
95 40
78 57
70 65
38 67
68 62
51 54
12 57
66 51
37 32
94 18

100 130
86 78
63 52
12 97
53 34
69 89
37 13
100 25
70 23
48 55
13 54
70 6
72 25
11 53
72 64
89 100
92 82
18 71
37 60
24 85
86 60
1 58
69 4
83 6
61 30
56 40
31 91
37 61
81 63
88 38
65 84
84 35
38 8
22 37
6 23
79 47
36 42
50 26
31 58
27 73
44 91
50 10
31 76
25 55
30 65
15 17
42 76
52 91
51 99
14 80
60 1
44 37
85 15
87 23
94 97
85 39
92 5
79 47
16 31
68 54
27 4
66 69
30 18
68 19
37 62
53 26
15 15
15 89
5 9
12 79
100 69
96 1
62 69
79 9
16 56
2 69
87 65
19 49
8 15
49 3
7 61
60 31
22 61
39 30
26 76
27 99
97 66
87 36
19 78
68 81
5 93
74 88
72 27
26 61
3 78
11 10
40 7
71 54
1 97
9 44
53 26
92 80
35 32
3 73
74 83
42 30
85 72
37 14
84 89
46 9
17 26
27 82
65 15
49 21
3 72
78 96
61 29
12 15
28 55
6 29
7 4
9 5
1 100
82 93
27 5
89 59
41 9
91 92
57 92
8 69
50 38

100 130
92 63
66 3
16 47
69 68
25 20
26 3
61 22
90 89
4 64
68 65
77 40
21 58
75 40
78 87
5 38
60 28
29 23
24 40
27 30
17 21
19 19
40 1
39 76
96 69
27 79
99 54
25 98
22 75
55 41
20 15
96 42
76 65
97 11
81 74
68 47
69 38
70 86
33 48
73 82
83 94
38 57
99 77
62 4
28 98
3 89
65 7
23 68
50 70
67 10
33 98
51 22
13 52
85 43
76 81
81 61
3 76
1 25
3 43
87 97
92 37
47 29
9 6
23 77
24 36
16 52
20 68
73 18
96 18
88 2
7 17
65 99
45 58
19 40
12 14
6 69
54 52
31 58
59 93
13 20
66 44
87 9
36 29
51 55
47 94
23 81
16 95
8 39
41 52
78 89
62 54
95 92
84 59
14 98
80 44
80 60
91 2
10 82
18 46
37 19
100 9
92 93
6 99
26 89
16 58
96 83
29 99
83 23
20 56
38 44
99 9
15 58
20 87
99 61
37 73
93 17
24 3
20 91
48 41
1 65
78 92
47 71
70 86
55 41
72 59
8 38
80 21
13 48
92 71
21 32
3 100

100 130
63 36
55 60
80 4
57 63
12 57
89 90
30 14
29 28
38 31
50 65
98 17
70 74
66 51
55 54
54 35
40 79
2 34
68 1
65 37
60 33
34 97
54 26
67 45
89 59
97 5
73 32
17 72
53 47
72 62
14 53
55 29
93 61
22 11
39 11
50 52
62 57
29 96
22 20
100 5
1 11
41 27
65 24
25 50
25 49
23 62
84 72
86 87
44 39
93 32
97 43
34 32
92 36
97 77
83 85
48 63
75 34
19 17
12 99
24 69
39 61
65 1
44 86
8 33
48 17
9 13
78 44
66 65
97 27
29 33
44 23
56 45
44 98
32 44
22 1
31 20
97 20
91 88
4 17
13 9
45 30
71 62
63 17
19 47
9 62
78 10
1 29
91 90
75 75
95 33
31 80
22 12
33 6
53 60
59 30
35 29
49 61
38 50
40 49
24 9
30 60
16 37
22 11
28 86
59 93
33 39
8 7
33 54
60 53
94 29
71 60
63 51
41 99
70 87
70 90
98 28
46 80
87 61
84 1
14 38
28 87
18 72
46 72
48 30
36 2
91 13
89 37
8 47
7 98
93 92
65 14

100 130
2 81
50 69
58 88
16 23
16 98
75 15
77 70
66 56
8 80
68 36
98 44
84 78
58 56
28 76
97 51
14 93
17 59
57 40
45 35
11 33
19 11
63 31
9 33
86 12
71 34
93 78
93 91
80 12
65 72
29 62
27 43
51 65
92 79
64 61
38 80
82 5
58 26
100 72
49 70
46 21
16 79
71 52
81 32
90 13
11 60
77 24
66 36
30 43
74 54
43 2
76 41
96 34
78 74
96 35
2 55
49 67
96 98
5 92
54 18
32 100
52 38
55 97
74 87
38 77
65 69
70 80
28 67
18 93
13 62
44 27
57 41
75 40
37 23
6 21
72 97
100 34
98 27
46 46
86 30
79 39
75 82
11 21
99 98
5 47
12 61
36 49
16 50
86 83
42 95
32 76
52 13
20 95
85 24
16 93
80 62
13 36
47 28
73 57
70 36
26 93
34 73
37 2
99 58
69 100
63 76
54 36
37 10
65 14
40 100
20 78
95 8
24 80
80 53
96 78
90 43
53 35
70 33
64 23
14 71
91 22
2 21
1 44
69 75
42 32
28 90
84 67
93 16
87 100
67 61
19 85

100 130
67 77
32 100
90 24
23 86
74 74
55 71
82 68
37 2
11 94
85 72
30 50
88 21
100 5
23 71
9 73
57 52
89 14
66 26
44 13
58 72
68 73
76 88
42 40
31 71
77 16
14 65
67 73
41 32
87 29
4 44
32 51
31 6
16 83
78 82
6 38
55 18
66 96
51 3
9 11
79 2
94 63
55 5
52 82
36 19
68 75
3 7
66 52
78 86
70 28
47 35
88 86
53 75
99 79
74 56
89 58
73 97
1 57
82 29
27 47
67 71
6 56
98 90
97 100
37 95
77 52
51 50
6 46
94 72
31 61
46 8
71 19
91 40
1 8
52 92
8 12
79 84
44 43
84 18
80 22
54 42
81 76
28 86
95 98
83 7
51 40
15 99
16 99
67 5
69 1
59 32
12 85
61 35
21 7
17 8
97 77
65 94
51 75
27 29
59 13
5 24
85 98
62 16
69 38
64 5
34 57
92 71
66 73
19 100
31 12
37 71
15 12
81 86
97 86
77 33
86 18
18 97
6 56
25 68
32 28
35 34
50 96
25 86
22 99
57 64
8 13
58 39
8 88
31 64
21 22
96 33

100 130
47 18
89 1
70 15
68 35
40 96
18 91
61 43
36 93
50 92
92 38
62 99
89 67
47 25
78 55
25 73
42 10
4 15
92 52
53 74
22 43
29 50
66 66
83 48
25 9
19 23
22 55
26 45
87 87
59 62
38 36
81 81
24 60
6 14
96 73
30 84
14 58
82 75
80 23
14 42
41 57
71 12
57 100
59 9
28 53
70 34
38 96
17 66
56 18
60 26
77 23
85 51
65 7
33 42
13 72
97 51
69 98
85 61
24 64
4 27
83 45
68 15
64 10
61 47
56 39
13 21
71 25
94 54
80 52
76 34
99 79
56 44
74 39
67 30
28 79
41 23
60 51
56 73
35 21
49 76
42 22
88 45
19 37
44 45
92 15
31 51
35 49
31 39
60 15
72 31
16 98
68 22
6 33
82 79
38 9
39 40
93 48
93 99
48 44
20 44
47 91
89 70
50 58
63 68
70 67
28 60
97 47
40 59
16 100
64 99
75 96
27 97
10 62
44 89
68 43
9 10
28 72
46 64
11 96
96 100
27 46
48 63
47 6
13 91
19 29
86 93
50 29
18 65
31 9
21 63
42 35

100 130
33 24
14 72
59 66
91 7
57 2
78 84
58 70
8 35
21 29
80 64
35 49
63 56
58 68
10 9
42 64
51 54
65 1
54 3
92 33
85 98
6 39
77 28
44 75
62 56
92 40
23 51
69 69
46 2
51 77
74 83
41 67
25 20
63 70
3 24
93 32
64 94
73 76
33 18
56 19
41 11
11 22
78 9
70 22
29 30
72 56
72 88
41 5
95 10
44 11
96 29
37 88
32 65
96 96
59 21
51 78
85 40
65 55
9 12
82 73
32 41
16 34
96 50
10 9
86 67
22 13
3 78
65 34
29 47
52 91
34 53
38 37
9 78
10 82
98 33
35 12
22 37
14 82
24 9
49 19
83 66
84 84
43 43
6 25
38 41
70 88
90 2
99 70
66 8
99 2
67 5
20 22
55 44
57 3
58 55
96 65
65 6
18 71
12 90
93 83
11 3
35 51
60 93
3 30
80 16
4 87
40 67
77 24
22 89
26 82
27 92
41 28
49 86
45 45
82 15
28 85
32 88
2 41
83 90
5 34
14 38
77 62
91 52
32 51
13 26
14 72
89 24
96 48
11 68
34 30
84 79

100 130
97 91
11 49
39 66
34 33
48 100
23 15
27 37
51 97
31 46
16 8
66 23
15 31
51 70
9 99
84 21
93 88
17 79
84 27
79 89
41 61
56 87
36 55
75 32
94 72
36 7
23 2
79 17
3 17
65 66
32 4
87 76
1 47
16 54
75 93
23 39
73 5
61 29
64 7
11 67
39 17
42 34
55 21
87 50
63 84
1 88
20 57
76 57
63 79
10 80
94 14
78 27
97 82
62 62
34 78
83 3
70 83
55 61
99 50
95 42
41 8
28 72
9 98
25 64
98 11
4 87
20 26
1 3
88 19
33 37
34 9
23 85
88 49
16 12
23 70
52 33
2 34
75 30
61 38
4 8
74 46
23 66
17 82
14 98
33 45
98 59
12 86
66 97
38 48
15 21
14 90
71 33
28 44
17 98
60 45
97 11
57 20
93 27
55 81
37 31
59 44
89 8
62 88
8 5
48 86
88 36
8 91
89 96
22 62
71 73
60 5
47 45
2 4
23 38
9 52
93 3
84 100
4 71
40 19
52 72
87 64
91 86
61 64
70 50
58 58
59 16
72 42
17 73
59 48
9 3
98 5

100 130
71 36
20 46
78 84
22 57
85 49
38 87
68 76
40 41
23 30
65 42
92 13
79 2
44 59
32 88
54 77
60 24
43 26
26 95
13 26
82 44
100 55
88 65
44 10
63 66
73 79
47 2
38 70
41 35
44 50
61 23
81 89
50 25
20 25
34 15
51 81
33 2
47 17
22 86
48 13
55 70
54 30
38 20
17 44
64 40
41 15
85 79
89 62
13 12
38 28
48 63
20 42
17 34
41 31
10 10
2 25
71 46
47 52
18 77
73 72
23 47
77 52
37 27
15 80
71 15
46 42
21 46
3 99
8 60
84 21
9 79
63 28
10 61
59 64
76 72
71 22
49 68
46 4
84 91
70 10
97 19
13 53
44 55
18 4
21 31
24 15
56 18
21 21
66 76
70 77
40 62
30 23
72 26
34 45
43 13
25 88
68 33
94 30
17 92
37 41
20 35
78 49
38 45
36 28
70 44
41 73
10 66
23 81
16 79
48 50
56 50
64 20
93 87
39 47
43 24
55 22
76 47
64 51
96 58
47 89
78 35
26 81
27 37
12 45
38 19
44 42
91 11
78 65
82 77
28 76
85 98

100 130
39 64
73 74
78 93
93 64
35 92
45 9
17 84
67 11
9 43
92 58
40 91
67 29
54 37
64 36
53 64
42 97
68 14
36 72
63 87
28 23
7 76
85 90
89 74
8 35
47 43
87 25
36 3
80 9
61 63
2 27
94 58
82 82
61 52
68 65
86 5
59 64
43 95
9 31
57 41
62 45
37 36
71 90
54 24
28 99
11 84
51 35
17 49
27 42
36 12
70 23
37 85
41 18
52 22
51 48
91 100
19 68
94 4
70 92
84 23
58 26
80 80
30 100
48 58
24 81
17 95
96 4
52 40
86 48
34 14
92 53
25 68
40 26
61 46
66 40
9 49
18 81
90 31
20 35
60 4
42 23
94 11
66 16
94 58
19 55
70 57
84 94
21 83
81 53
72 94
23 94
26 16
59 76
38 68
17 85
16 68
32 41
17 99
81 3
77 65
86 61
90 82
18 64
69 85
75 76
20 23
58 77
99 7
40 52
82 64
18 80
87 18
58 85
91 93
41 100
58 93
68 80
99 13
71 81
98 12
45 13
90 18
89 54
85 11
30 15
63 34
11 64
74 89
86 24
60 5
74 29

100 130
76 74
29 27
55 14
25 71
9 92
1 80
35 10
28 95
8 27
71 4
78 3
32 26
86 76
34 81
5 22
2 25
93 25
93 58
46 2
58 80
98 100
3 30
50 44
20 50
50 68
18 26
87 93
35 33
2 83
46 97
23 58
24 7
11 76
30 83
80 78
24 44
73 38
30 18
40 83
13 90
20 44
61 95
3 37
86 93
76 82
25 25
73 72
100 34
60 15
19 39
99 50
4 95
70 76
77 81
81 22
15 75
59 81
24 86
33 15
87 93
24 100
71 72
35 49
42 81
64 74
3 13
2 96
61 97
64 86
75 62
74 86
21 74
94 13
96 50
22 69
22 74
81 73
56 31
1 28
88 65
29 69
27 76
74 51
63 75
26 30
38 69
39 64
98 44
50 25
27 45
11 78
19 5
46 55
53 85
55 82
84 53
5 66
64 38
59 67
95 38
62 39
19 35
65 75
83 59
25 22
99 55
15 93
21 80
55 47
21 16
12 46
24 72
17 100
24 94
87 82
15 83
25 8
54 97
60 2
8 37
45 18
97 96
48 54
69 87
35 96
85 85
4 80
24 19
30 11
58 74

100 130
9 81
96 31
77 9
45 95
70 82
87 3
73 29
16 31
86 5
86 23
90 32
47 90
57 40
14 26
14 31
19 32
2 19
25 41
1 38
63 80
28 89
100 81
67 23
20 23
78 100
76 82
92 17
23 40
56 14
28 73
41 82
24 42
81 38
78 67
22 82
33 89
46 38
17 98
78 25
10 17
90 60
52 33
42 38
8 90
69 97
11 58
38 23
97 36
5 43
91 100
20 10
61 3
96 31
83 79
72 21
40 78
48 97
96 43
92 5
36 31
91 63
41 18
43 62
82 21
35 37
15 18
53 42
56 4
7 20
27 24
4 30
23 85
79 73
36 33
5 37
61 64
84 85
77 14
38 16
68 65
14 12
100 12
76 27
38 3
50 38
85 23
23 21
43 85
47 7
23 85
47 16
76 82
84 55
100 30
95 86
70 11
58 92
2 42
68 84
25 72
72 94
88 75
65 1
55 78
6 68
63 97
1 42
28 52
69 8
66 68
51 3
16 45
61 28
17 99
91 94
39 25
21 57
39 43
18 3
51 33
29 45
3 50
14 72
81 58
96 35
71 6
70 87
87 79
95 25
68 67

100 130
74 35
3 2
79 82
82 10
77 74
85 88
82 30
65 12
29 47
9 80
57 70
58 59
30 27
72 23
88 63
23 46
56 97
68 10
80 45
39 95
92 25
93 31
64 24
59 58
44 10
81 81
8 64
39 48
67 15
12 29
65 12
19 72
65 26
51 97
4 20
79 16
15 77
34 31
6 84
63 60
14 93
65 13
85 71
37 37
5 95
17 69
6 85
91 38
60 2
47 21
15 82
18 44
44 39
52 100
17 40
71 24
71 33
35 48
94 92
41 54
91 87
48 74
12 15
66 92
86 19
57 25
92 14
75 15
55 33
2 63
38 88
53 17
91 47
39 14
37 77
57 94
85 99
17 63
37 20
95 31
26 27
1 77
45 60
82 26
35 82
25 50
23 34
62 88
87 75
27 52
3 25
48 52
54 33
4 46
39 17
12 44
14 22
95 52
28 100
57 44
28 21
70 47
78 35
85 16
66 55
51 31
10 8
22 44
73 74
51 60
20 60
60 70
57 63
23 56
53 9
80 20
19 50
61 2
52 74
9 87
43 94
16 71
3 34
67 48
6 57
43 59
14 48
48 85
31 86
19 4

100 130
21 70
84 79
86 15
81 30
40 63
56 88
82 15
61 72
97 41
61 31
3 94
89 46
88 16
20 93
14 45
9 40
68 66
3 47
59 78
47 66
78 8
77 6
44 56
2 10
94 61
44 18
54 91
54 32
32 54
71 76
93 6
10 58
30 69
39 3
18 39
73 97
78 81
22 68
62 84
42 41
27 55
71 5
98 45
11 20
27 62
68 97
49 39
99 58
20 87
11 50
32 51
38 6
16 69
68 9
34 18
9 17
89 62
71 56
6 46
94 53
49 62
50 85
18 61
45 53
3 46
38 48
98 56
93 60
69 43
56 13
18 52
11 21
45 39
72 31
43 65
90 54
38 95
13 29
34 24
17 46
96 14
76 32
5 52
43 25
37 99
70 18
67 32
67 69
42 62
35 1
53 92
31 51
79 77
53 70
39 100
70 59
69 27
46 31
29 62
94 98
44 68
32 24
50 82
94 69
69 62
24 55
36 83
65 52
16 61
65 37
33 53
39 13
36 78
47 32
72 34
43 47
88 83
69 11
34 54
54 61
76 18
34 34
60 19
5 62
46 39
14 97
97 14
64 49
42 85
75 44

100 130
51 68
20 11
11 50
68 43
8 32
65 16
85 19
24 8
37 4
71 93
69 63
50 92
17 17
3 81
39 65
7 5
63 39
46 23
23 47
82 60
85 46
92 14
59 53
27 54
34 32
61 36
12 91
30 29
90 38
86 99
62 59
16 36
50 63
90 14
10 26
66 18
14 19
3 60
61 15
45 50
99 13
99 27
33 98
6 67
43 4
18 6
84 80
19 48
83 91
17 56
12 59
59 18
38 37
31 5
62 82
14 20
21 15
30 4
72 37
25 63
35 83
77 12
14 67
1 73
54 97
73 13
33 29
20 61
3 97
12 71
61 94
4 42
19 9
75 3
12 64
36 41
64 76
47 16
20 14
41 59
25 10
36 54
78 53
4 29
16 11
58 63
52 100
91 90
94 85
46 25
40 25
49 13
46 14
45 26
48 51
91 28
78 81
71 50
38 50
87 35
66 31
78 59
14 82
34 57
36 93
33 2
2 81
46 59
27 66
2 40
73 48
50 82
96 18
4 30
64 61
13 36
36 88
40 19
72 30
22 4
41 74
63 58
66 50
51 63
45 82
6 33
7 54
49 21
17 22
41 42

100 130
89 65
49 85
4 93
25 71
25 50
16 36
11 71
10 29
49 98
34 2
13 19
10 67
40 32
92 8
58 22
87 20
59 71
38 11
89 26
97 60
49 38
67 33
10 91
29 37
94 83
74 85
76 92
97 20
58 78
38 3
38 16
100 23
37 8
94 53
24 68
10 95
51 63
55 2
68 53
30 95
19 21
72 1
79 30
45 32
35 84
62 98
22 14
88 7
54 58
30 46
60 80
25 47
95 21
23 48
36 55
62 62
37 35
43 99
55 22
21 85
57 77
80 41
26 35
49 7
35 89
42 15
74 19
22 25
48 49
71 22
50 64
9 40
64 78
92 46
18 54
91 49
17 87
31 100
93 79
73 10
98 63
99 56
86 29
95 74
54 47
27 90
8 46
9 96
88 21
34 87
86 7
12 27
15 81
99 5
49 76
44 40
91 4
47 23
4 16
82 81
38 26
87 96
66 13
98 43
7 97
95 22
44 80
95 3
100 5
1 73
80 47
1 11
56 75
74 83
97 75
4 34
70 73
92 43
71 15
94 34
74 64
90 46
12 69
55 40
81 82
16 47
26 99
97 98
50 52
1 81

100 130
19 67
80 33
12 37
23 32
77 79
41 49
69 97
62 9
80 3
48 95
13 79
13 14
71 21
59 80
34 22
81 93
10 12
92 27
62 18
14 45
19 10
49 35
39 11
83 64
82 16
51 28
72 31
62 26
11 30
14 12
48 57
34 19
51 36
5 41
90 37
91 15
59 100
30 3
35 14
66 77
90 13
22 76
64 83
26 99
53 15
97 17
56 64
84 83
96 87
43 27
34 17
47 89
99 21
88 18
61 90
1 38
90 40
97 38
4 36
27 56
33 74
96 60
48 10
25 60
46 69
63 69
84 72
15 14
42 63
63 14
10 30
53 48
93 57
57 96
94 42
55 49
6 14
49 67
13 35
65 70
12 25
68 16
41 85
98 82
43 4
20 22
51 100
37 90
43 9
48 81
88 34
87 3
73 13
48 81
2 68
40 76
61 91
58 14
7 22
7 56
88 42
16 91
42 13
63 40
13 2
88 50
1 57
6 97
27 39
84 15
10 21
31 90
43 46
7 28
58 77
65 3
99 94
26 25
48 66
9 8
1 48
60 78
63 77
83 23
93 33
50 56
59 68
37 57
59 52
18 44

100 130
84 7
82 56
86 91
100 4
36 44
75 58
16 24
24 45
12 84
6 30
44 57
4 55
39 15
89 97
19 100
42 63
100 83
77 35
58 83
41 55
91 34
73 15
71 45
97 15
87 17
9 62
33 61
45 97
43 1
21 100
37 19
78 87
52 68
92 49
37 94
60 36
54 95
96 11
9 98
76 93
48 56
66 95
22 59
51 33
52 87
9 18
20 86
83 79
30 89
43 15
95 45
89 44
62 52
57 56
55 37
96 86
58 87
12 17
45 26
5 43
71 37
96 46
3 24
60 42
71 33
64 80
36 74
33 85
82 26
36 79
64 36
27 74
8 94
14 70
66 10
42 81
75 22
26 14
14 59
5 62
21 42
71 50
35 85
96 75
21 20
1 3
28 48
90 18
72 86
62 10
8 85
37 58
72 40
60 70
68 22
60 14
13 89
13 7
14 14
76 15
33 76
35 78
42 7
62 44
46 7
51 75
12 59
96 100
22 73
21 28
46 35
62 100
14 2
11 92
83 27
43 8
100 80
71 100
35 15
62 54
15 92
52 70
74 73
19 4
3 48
26 30
23 12
69 42
74 57
6 76

100 130
86 13
68 55
77 35
52 20
70 16
95 13
13 73
55 95
99 63
46 16
77 60
88 10
12 51
67 75
40 82
60 86
64 75
69 65
95 57
60 100
83 35
91 62
85 46
12 34
87 57
86 68
77 47
46 58
52 64
61 1
95 8
96 67
86 18
79 28
4 61
8 36
41 57
84 74
57 84
27 11
50 15
60 97
55 5
97 39
44 61
26 81
47 45
88 20
2 94
69 90
71 13
53 23
17 13
24 70
8 96
7 15
99 62
75 66
3 6
69 4
68 69
56 21
4 69
71 48
63 36
18 64
56 10
4 86
47 44
6 100
48 8
84 70
60 16
64 32
90 42
52 78
15 27
96 43
94 8
57 61
15 11
69 26
96 24
77 49
21 85
45 51
28 34
78 19
50 42
57 20
35 40
39 87
95 7
90 42
81 75
46 99
12 60
28 35
58 78
30 56
81 19
17 8
4 89
83 8
55 67
22 25
24 60
54 57
23 99
79 25
8 84
39 4
78 76
37 28
78 1
3 81
14 18
76 45
6 89
86 49
17 72
81 61
85 51
5 60
99 2
57 87
61 81
25 16
75 60
57 55

100 130
46 78
20 68
33 3
71 98
36 23
16 89
69 5
70 37
48 71
69 44
8 73
82 52
77 52
39 24
77 20
1 99
36 1
77 24
66 92
53 68
44 74
9 65
89 33
20 72
7 9
68 84
69 25
29 27
22 41
59 24
23 47
53 49
16 39
51 35
73 9
7 12
12 29
67 40
47 15
99 26
38 27
37 24
92 99
36 51
9 39
94 9
68 85
7 17
54 35
89 46
50 90
4 25
96 24
14 60
40 3
1 17
72 54
24 33
16 40
33 40
43 51
36 64
86 30
62 84
88 35
73 85
51 69
83 66
31 4
97 28
93 90
65 99
88 80
42 62
7 8
49 83
9 57
96 51
44 81
76 56
41 100
39 97
74 79
57 5
26 37
20 94
30 15
96 11
47 40
80 12
17 74
77 25
14 15
13 32
63 81
86 4
69 15
86 51
64 28
61 2
9 98
92 32
64 9
79 96
69 76
78 19
35 26
13 59
65 8
54 54
81 22
49 100
36 53
99 66
64 5
40 93
52 36
47 38
87 22
20 72
3 26
77 13
90 16
76 86
78 91
84 43
6 56
93 29
4 28
81 50

100 130
1 16
39 22
48 84
43 6
64 8
20 9
8 55
86 94
27 71
44 33
33 75
26 66
50 69
68 72
74 99
42 30
54 24
41 46
71 48
39 84
88 28
33 35
77 28
43 41
68 28
88 38
65 49
22 63
38 71
4 39
20 87
74 1
67 83
5 93
76 31
89 7
44 36
63 4
32 6
45 42
33 100
33 82
39 79
53 67
52 80
40 13
98 19
28 81
9 17
69 12
38 7
88 87
17 61
2 87
29 36
38 95
41 86
67 1
94 18
70 41
16 14
93 95
58 60
74 46
41 24
74 47
90 27
62 58
58 6
34 70
36 76
92 67
73 21
57 43
80 49
64 25
98 19
69 90
80 67
79 9
96 76
6 44
67 84
33 68
16 89
17 40
5 75
31 53
8 87
24 59
63 75
26 29
92 48
2 51
90 31
4 36
66 53
37 86
54 1
67 71
60 44
9 55
92 67
26 16
6 5
83 14
100 65
40 82
9 85
16 37
31 13
37 38
66 65
66 2
46 4
90 73
92 58
87 90
29 100
27 5
43 37
45 92
88 83
23 34
69 100
68 41
33 23
14 37
18 1
44 71

100 130
71 39
76 6
11 36
2 33
58 47
4 25
50 22
14 10
12 19
4 98
23 73
96 65
5 73
17 70
51 3
49 46
98 20
99 52
34 61
64 57
80 47
6 92
14 91
72 100
70 49
75 67
21 60
63 46
92 33
2 71
61 27
48 84
98 57
1 15
67 97
85 34
10 56
12 51
93 49
77 68
2 100
73 75
56 20
100 68
22 28
43 51
35 56
35 15
51 6
66 31
40 59
47 95
54 85
28 90
61 50
21 91
33 30
40 40
48 12
11 66
14 71
30 46
89 53
35 48
24 21
15 65
76 93
20 88
29 84
19 27
3 31
82 80
72 67
24 61
81 45
73 88
49 60
23 97
87 84
77 69
83 96
62 13
56 63
79 55
38 59
85 80
56 48
59 89
94 44
38 23
70 14
73 93
61 16
95 13
97 23
41 97
59 10
46 67
15 76
31 31
60 15
3 58
18 39
30 11
88 39
79 46
48 43
30 1
55 47
26 77
34 100
10 5
30 67
71 64
52 35
71 48
27 84
71 15
62 6
57 46
49 66
85 98
57 79
44 47
80 39
66 69
83 26
11 71
35 74
33 50

100 130
97 49
71 70
79 98
26 75
4 53
56 25
21 84
48 11
99 76
8 4
19 55
99 100
76 7
47 36
27 3
22 48
76 69
85 82
93 29
67 82
11 32
90 7
5 86
99 24
54 48
15 69
41 16
49 6
51 48
81 100
20 98
60 21
72 68
87 11
95 10
14 99
78 70
9 71
26 62
70 100
5 43
8 85
82 54
51 12
51 53
2 43
29 67
97 57
80 11
77 79
94 73
53 77
52 6
65 4
49 60
8 70
87 81
35 35
73 64
99 77
95 56
61 38
20 31
55 3
56 60
85 1
64 100
45 68
98 3
85 33
17 45
7 65
93 23
38 59
59 79
42 91
65 10
61 73
34 91
14 12
44 21
71 65
54 27
40 73
51 88
46 31
37 4
37 91
14 10
90 15
29 42
48 82
97 27
63 18
28 12
17 33
20 86
61 75
27 3
12 62
11 12
80 74
25 89
51 60
44 3
22 43
80 33
58 20
90 4
57 57
68 57
82 58
76 72
88 55
35 70
79 81
96 100
79 52
44 5
28 9
69 1
36 45
32 92
55 53
16 54
65 52
39 32
66 75
6 57
23 82

100 130
53 54
92 49
21 19
44 71
33 4
58 68
97 100
76 66
86 37
89 27
98 3
50 81
58 34
49 1
6 27
54 98
42 94
54 72
59 75
1 32
33 6
30 92
61 56
34 5
55 15
51 38
4 77
26 37
100 80
46 30
80 75
82 36
4 54
53 64
21 10
39 54
55 1
42 33
27 90
30 39
18 99
82 72
15 94
77 3
7 5
86 97
48 67
23 69
10 27
72 71
50 41
75 72
95 76
95 88
23 16
45 7
49 96
38 13
73 17
72 81
44 17
53 21
34 48
39 6
80 8
47 99
35 89
93 45
64 3
85 100
77 44
89 46
30 59
83 15
70 62
6 40
16 89
23 36
20 62
90 51
47 86
36 48
73 31
82 42
78 36
65 52
73 64
87 4
100 9
55 63
63 23
73 26
11 14
41 68
17 66
92 11
68 29
25 45
81 53
60 76
5 44
68 55
75 27
53 53
46 91
35 60
99 93
87 82
55 12
26 92
56 12
51 23
33 56
99 38
11 93
3 74
11 59
56 13
55 37
48 95
72 40
35 85
47 91
85 15
44 73
49 30
94 59
46 17
64 51
38 78

100 130
47 57
70 5
13 65
27 45
30 49
68 58
14 43
46 42
52 18
53 76
24 35
86 37
19 100
4 85
37 80
20 99
49 66
26 16
48 98
27 99
38 100
98 45
87 1
73 26
45 61
49 78
35 72
2 47
17 49
66 70
37 27
10 16
13 44
52 97
19 27
71 20
13 13
76 76
99 39
36 69
20 72
9 79
3 80
51 69
22 57
72 77
81 62
26 7
30 85
59 61
13 43
94 44
46 58
89 44
68 5
57 99
79 79
62 23
3 70
67 88
59 49
59 84
92 98
32 17
14 50
71 72
78 58
13 40
97 48
35 82
76 51
56 35
45 60
27 49
60 8
55 77
69 58
86 21
78 98
23 10
77 33
56 91
64 16
77 38
69 65
94 44
94 99
91 45
31 70
57 53
62 8
12 64
4 15
3 23
65 27
50 76
64 92
15 60
70 80
55 34
14 19
25 14
100 82
73 82
64 18
91 21
24 7
41 47
86 5
27 94
52 50
11 67
32 32
83 11
1 46
96 6
57 9
84 53
67 97
84 48
91 83
92 91
10 59
89 72
77 96
38 34
38 64
79 76
58 89
10 69

100 130
18 53
60 52
36 62
13 85
37 89
47 80
87 17
57 16
72 32
91 17
87 20
23 89
3 29
34 28
95 57
48 96
73 85
91 44
82 13
35 59
24 19
94 89
54 69
8 50
4 96
87 97
76 83
97 11
51 46
76 31
54 75
87 74
71 62
93 56
73 27
12 83
65 91
16 67
10 24
40 72
75 40
82 99
89 52
14 68
85 86
58 92
47 48
14 64
69 36
25 22
93 10
46 84
80 19
62 37
60 14
64 84
40 38
8 93
38 33
94 68
62 96
2 28
3 90
65 99
39 6
17 92
37 52
42 11
73 57
21 36
68 78
57 16
22 65
78 49
63 43
84 44
43 77
52 47
44 64
51 19
35 74
83 30
20 80
44 86
81 21
55 6
27 18
32 54
64 43
45 63
90 21
25 48
27 41
100 90
98 63
86 67
43 58
74 27
51 51
98 7
73 21
20 77
51 37
32 30
9 27
58 42
57 24
7 16
21 50
98 19
100 72
70 100
62 13
92 24
82 44
41 66
27 78
81 19
24 6
22 71
36 56
59 35
90 50
31 45
35 88
20 82
99 93
93 55
96 89
54 95

100 130
99 23
62 1
100 98
70 50
24 9
31 52
3 83
42 82
66 87
77 86
65 44
98 70
14 47
45 70
48 57
29 54
61 95
77 37
69 28
63 23
79 45
80 36
18 40
71 22
83 43
32 13
61 50
24 13
80 67
5 8
70 6
71 98
21 17
34 80
14 57
8 54
65 21
4 3
23 10
52 5
82 33
48 23
88 10
22 33
33 4
75 65
21 43
56 18
36 69
39 64
78 44
80 63
91 18
52 41
19 5
36 6
25 78
16 34
58 32
72 53
82 29
35 28
58 21
28 64
68 80
1 100
73 89
57 86
31 84
83 31
43 85
65 17
7 19
81 55
20 61
85 35
88 86
40 41
19 17
83 9
61 97
25 50
63 3
96 21
91 96
4 99
40 18
47 5
65 70
86 3
27 89
54 21
24 2
58 56
70 50
79 9
29 36
17 19
98 27
68 4
65 79
98 31
57 87
33 43
72 27
53 59
52 52
13 31
59 90
97 76
16 40
72 1
62 19
100 51
4 95
28 69
11 64
23 1
3 6
14 42
65 83
68 28
69 78
91 54
63 56
12 49
24 46
16 9
1 89
79 87

100 130
83 43
3 25
61 22
25 3
25 27
37 100
49 23
51 93
82 31
8 47
25 72
96 16
43 89
78 23
20 66
51 36
51 62
53 21
94 7
74 86
73 55
71 42
93 17
9 24
25 83
18 56
61 45
32 97
1 38
14 58
51 30
55 99
89 62
75 4
61 75
87 100
40 11
86 98
7 11
25 18
94 21
34 50
67 6
66 28
74 76
85 40
84 34
37 24
18 19
73 85
48 72
86 86
29 15
87 84
41 60
57 51
77 87
97 45
82 62
20 97
88 31
3 41
55 29
30 75
51 71
75 48
70 82
1 50
87 70
82 58
80 44
87 55
56 78
61 57
2 44
93 100
58 45
67 8
96 73
41 29
61 13
44 47
93 87
76 90
27 66
91 8
44 24
23 6
48 24
9 4
52 52
91 42
21 61
46 47
8 5
60 74
57 14
38 14
15 54
94 24
24 90
56 28
11 59
66 48
11 98
64 21
69 69
72 3
82 30
90 35
20 37
64 83
36 24
80 62
43 42
58 51
63 90
60 4
24 61
73 67
79 24
6 90
12 43
69 98
29 19
61 91
65 39
96 66
73 22
70 3

100 130
67 97
51 74
65 86
24 17
59 28
98 94
50 2
84 91
68 8
62 86
6 22
96 85
59 17
100 63
77 97
90 30
96 78
95 1
100 36
63 58
27 14
48 11
4 61
49 62
39 24
11 49
61 26
86 12
21 99
48 12
61 22
22 34
95 2
18 51
52 70
70 86
75 30
22 68
86 90
37 46
25 70
26 81
67 74
26 57
70 88
36 24
81 29
88 4
3 1
43 83
1 65
78 89
67 65
8 97
80 11
23 19
62 62
72 5
95 6
34 20
27 9
47 49
72 31
96 21
38 38
53 39
46 80
53 12
44 59
40 8
85 22
3 90
39 89
64 63
58 4
30 39
19 85
75 1
95 51
16 92
80 10
78 26
63 80
32 45
4 32
99 83
96 79
53 21
46 4
5 60
63 35
3 41
93 6
32 58
81 74
18 59
59 65
100 79
45 49
73 79
76 40
92 55
6 65
81 85
87 88
67 38
85 44
90 59
47 100
31 25
57 70
32 55
46 26
85 39
9 57
76 30
20 11
14 57
53 74
24 2
84 78
83 65
4 64
10 17
33 32
59 27
57 39
58 31
50 54
66 42

100 130
65 11
54 93
97 13
59 50
83 94
92 66
11 43
92 83
27 69
24 52
4 79
27 27
78 97
97 82
38 69
99 15
93 6
66 50
4 69
16 43
51 55
22 53
43 60
80 33
82 20
3 1
96 44
56 90
44 19
76 79
88 66
96 15
28 76
7 19
46 8
14 95
53 5
32 100
85 87
18 12
68 78
68 93
96 77
2 15
94 23
55 57
68 95
93 92
7 46
42 19
76 43
29 3
17 76
77 16
93 80
56 34
52 97
55 17
96 99
95 38
39 67
48 19
63 83
77 98
75 86
14 61
48 51
61 41
10 53
56 17
90 32
40 88
6 52
93 88
100 28
20 63
35 98
92 82
55 19
66 6
19 39
79 89
32 45
77 13
70 49
44 17
89 81
48 65
12 100
11 71
75 96
77 44
19 17
36 82
39 50
45 47
35 62
20 49
11 22
1 98
30 99
87 18
51 98
74 44
74 40
97 74
55 87
60 57
88 81
66 84
100 87
12 30
53 69
1 43
70 61
45 45
92 70
57 94
7 13
51 50
35 33
8 41
34 56
87 99
71 60
3 49
40 59
64 52
72 72
88 92

100 130
4 10
40 15
82 43
43 24
91 63
42 9
25 82
49 92
11 86
82 59
81 43
65 77
49 94
12 31
96 88
80 82
15 41
84 25
22 49
19 63
100 80
80 56
26 83
79 36
35 80
18 62
6 25
29 4
52 90
86 75
43 68
49 50
34 17
78 6
19 78
84 24
79 61
73 43
29 96
6 40
88 58
64 41
11 65
83 55
85 34
60 9
37 31
56 33
66 47
42 38
59 28
13 4
13 96
8 11
97 35
22 21
59 25
85 63
48 19
93 13
49 79
29 61
50 23
61 68
19 20
86 32
72 73
64 52
81 52
13 19
70 29
17 48
81 96
43 15
7 58
76 14
58 65
67 1
72 41
48 44
78 38
35 23
61 55
7 25
70 43
85 54
64 70
23 78
54 64
89 29
24 99
55 43
88 1
76 3
27 33
16 22
85 54
100 17
66 94
94 9
75 58
28 84
42 62
50 59
78 25
98 57
4 95
43 53
22 22
54 9
12 48
55 58
99 45
74 52
42 44
86 75
50 59
20 82
57 22
45 67
13 99
76 72
8 69
60 51
65 70
60 13
98 38
4 60
68 72
1 4

100 130
4 31
10 82
36 47
37 57
33 42
65 50
85 70
16 62
61 96
5 30
23 54
95 74
63 42
84 80
99 69
24 24
81 22
36 89
94 83
68 98
28 50
3 55
82 99
18 90
47 74
67 25
26 39
48 17
91 89
16 28
19 78
87 20
67 92
60 22
46 2
55 16
2 51
3 13
29 3
5 11
99 54
79 18
100 87
74 50
30 68
44 61
12 32
28 85
46 85
42 70
21 86
17 74
28 31
48 1
97 59
31 38
3 80
32 14
58 34
2 12
66 20
17 59
94 12
44 21
15 50
85 23
72 15
79 44
2 31
30 7
2 89
57 35
81 60
48 6
28 100
8 61
2 21
50 88
65 6
90 67
76 56
72 13
23 67
48 88
99 30
19 49
61 50
43 46
35 16
17 95
72 69
11 39
99 32
87 15
58 11
96 88
15 15
42 24
9 23
4 4
64 73
68 54
60 12
97 58
48 99
67 74
50 67
100 72
24 2
65 36
54 19
77 94
77 34
91 65
19 96
64 66
48 44
67 1
97 4
65 62
36 92
18 89
41 19
62 90
84 61
93 33
11 69
68 2
100 3
54 40

100 130
21 26
77 15
59 41
96 48
54 66
2 44
46 95
85 10
75 77
27 42
98 53
31 81
88 91
57 70
100 99
93 78
94 65
10 75
45 10
27 84
85 32
69 92
90 58
1 44
30 33
51 48
31 3
10 19
54 82
26 99
33 51
67 16
38 39
15 87
94 52
36 19
30 75
66 16
98 89
17 77
66 10
14 65
96 99
23 41
88 16
47 17
83 15
48 88
48 22
77 26
54 70
62 95
51 91
35 93
30 64
19 92
83 40
39 19
21 93
17 86
47 31
39 55
1 36
75 1
69 70
91 13
81 39
36 91
68 1
69 96
61 27
30 16
11 29
5 34
18 98
75 38
24 39
77 47
65 62
96 17
12 41
31 73
75 78
11 27
64 63
56 20
57 91
41 48
21 98
77 81
22 70
1 83
87 99
4 96
59 91
22 68
77 42
63 62
31 35
24 95
100 80
7 43
8 53
31 17
13 21
67 15
87 42
30 94
72 18
23 24
61 98
14 5
6 5
60 52
72 23
29 37
47 24
46 81
35 6
83 67
70 60
16 22
59 54
2 40
76 95
40 12
82 81
38 39
64 33
58 56

100 130
9 53
80 36
97 3
50 59
74 24
92 24
84 10
100 77
6 62
34 52
3 33
95 29
86 12
65 66
25 34
20 91
88 29
79 29
62 33
6 69
73 69
39 13
83 49
84 15
12 25
20 83
62 52
56 18
15 93
44 15
58 47
5 66
74 12
33 100
72 66
33 61
41 93
96 83
16 66
94 63
3 16
52 19
81 20
88 91
90 73
100 100
32 63
24 17
83 59
44 36
53 67
77 86
65 49
5 78
26 94
70 79
38 29
3 71
68 60
78 93
6 46
6 2
79 76
47 28
46 8
98 28
91 52
3 79
77 66
66 37
7 90
19 52
50 55
78 78
63 41
15 84
73 37
27 96
64 47
60 98
65 32
85 30
11 36
96 10
35 82
8 69
74 20
70 40
38 36
95 14
69 48
91 41
64 57
81 37
30 15
61 73
38 66
94 88
65 43
24 9
14 19
96 5
87 85
19 7
61 3
26 39
73 77
14 14
75 27
90 39
46 77
27 24
98 30
11 63
30 24
40 11
18 66
65 42
43 30
96 81
4 92
64 52
44 58
20 52
98 58
51 1
78 21
14 95
67 58
93 81

100 130
16 59
1 72
49 81
82 21
79 15
30 86
13 36
20 25
60 70
20 83
93 43
92 80
63 72
1 44
54 58
3 13
59 47
74 84
43 19
49 50
8 24
22 50
83 7
57 7
62 99
73 97
95 78
7 76
14 88
81 77
40 94
91 1
62 67
79 10
52 72
18 77
61 77
59 85
37 10
64 90
69 27
68 41
61 51
25 60
14 56
14 94
87 22
69 29
60 43
28 42
82 65
88 39
50 42
25 99
57 88
98 53
79 42
77 25
74 30
76 17
76 54
66 29
9 40
47 24
35 93
45 10
9 10
21 11
83 88
13 76
63 76
17 2
22 10
97 86
41 81
68 63
39 99
88 54
71 45
60 2
64 17
87 4
47 70
5 35
73 74
45 79
86 2
86 88
44 81
59 51
76 66
56 3
70 43
87 13
94 94
89 86
83 5
55 87
39 68
14 79
15 57
51 47
11 80
63 69
7 38
40 61
45 68
11 66
32 90
57 6
56 58
4 91
68 85
21 28
44 55
56 69
90 3
54 40
70 64
11 74
38 95
12 96
2 74
3 77
56 3
97 23
84 27
15 49
90 10
74 61

100 130
7 32
9 87
23 97
22 64
68 48
47 93
49 9
7 67
29 55
18 28
17 12
80 60
36 70
12 8
78 87
84 14
72 100
8 66
61 11
89 14
44 32
89 42
31 37
68 98
82 34
76 53
28 40
52 64
34 79
27 42
17 57
36 50
73 47
33 41
10 95
6 41
24 9
93 66
69 37
27 84
8 54
63 22
74 12
90 18
11 18
78 68
89 6
41 19
53 89
49 43
68 48
19 93
88 97
26 97
69 77
70 97
25 45
80 1
8 55
37 86
44 48
24 5
91 36
91 96
100 99
58 77
78 58
15 22
41 51
45 62
26 50
35 82
70 81
99 70
4 42
43 80
58 22
98 22
86 16
52 15
15 13
68 21
93 32
75 68
34 42
77 34
2 95
84 30
83 91
74 95
22 71
53 94
67 53
35 42
49 34
22 76
16 27
93 53
42 32
71 33
3 85
70 74
7 10
40 56
46 40
27 19
100 33
62 9
10 72
20 100
78 29
42 65
97 33
22 7
52 19
28 52
13 85
50 51
80 71
13 47
52 99
67 82
42 35
90 21
54 16
1 49
18 77
69 75
6 54
62 37

100 130
43 52
33 86
37 91
94 49
5 22
80 84
90 84
36 47
78 76
45 11
34 57
61 41
85 92
37 34
74 95
20 2
51 55
87 92
97 100
87 36
82 8
10 58
20 36
71 6
21 41
48 85
96 87
12 13
82 21
4 64
70 54
83 8
36 41
84 62
59 2
41 4
69 34
55 55
33 41
52 23
25 39
34 94
61 23
44 44
68 57
65 71
2 13
78 11
72 18
43 90
2 24
54 30
75 37
94 100
58 15
89 95
11 65
74 42
65 21
48 84
29 88
47 90
99 54
34 75
14 83
43 26
2 44
62 89
7 16
74 19
93 94
77 50
85 7
30 57
14 25
18 21
78 25
73 33
49 84
87 89
28 20
72 57
73 93
20 61
29 5
6 68
63 91
51 99
6 75
81 29
50 100
11 77
27 72
2 48
68 57
67 84
89 38
72 91
23 57
33 78
57 65
53 44
32 71
2 2
35 57
60 68
67 6
58 89
68 72
91 99
5 71
58 53
19 15
72 88
65 80
92 58
61 35
13 81
41 30
86 96
56 71
53 9
86 35
94 10
87 97
86 3
70 7
61 60
24 58
82 85

100 130
45 57
58 96
74 9
76 7
41 61
100 41
95 87
97 86
17 99
38 49
26 13
61 2
66 20
12 69
18 7
19 95
56 70
5 77
60 15
46 10
51 82
90 48
52 95
62 97
78 62
44 78
11 28
32 31
83 59
75 51
60 95
60 84
88 65
59 20
71 50
10 91
29 71
65 19
77 21
2 4
37 6
20 75
86 70
91 56
35 23
87 70
81 10
8 8
78 57
42 86
64 23
99 85
66 68
88 35
92 99
28 8
30 58
71 36
53 25
5 32
89 14
65 83
27 69
88 18
71 49
81 85
88 98
56 82
15 47
23 19
92 92
50 89
90 21
29 82
66 72
90 53
47 34
57 16
16 65
42 14
81 70
74 60
77 20
9 31
6 78
33 61
52 25
10 14
48 73
17 71
72 82
86 87
12 28
65 34
75 47
38 80
73 3
49 30
88 28
26 11
9 29
68 41
50 11
1 28
51 78
30 52
75 91
92 79
10 80
72 33
91 83
32 68
19 18
36 37
1 60
78 63
84 76
69 52
10 80
34 16
1 59
12 76
31 55
11 12
4 65
19 92
49 49
52 99
61 79
50 92

100 130
79 22
93 53
24 89
55 87
28 35
44 63
16 70
21 39
64 31
88 48
94 12
23 17
41 49
17 25
73 60
27 98
82 36
71 24
69 16
11 17
56 62
64 39
44 65
26 69
30 26
62 23
71 22
25 86
65 16
86 88
88 64
83 43
7 51
54 99
54 1
67 84
7 58
45 66
69 26
55 62
30 34
31 28
100 98
8 73
83 9
55 46
86 97
53 59
2 52
21 58
73 63
93 33
45 89
32 98
68 91
55 23
59 59
35 7
74 29
2 93
67 25
36 79
92 93
76 86
11 5
17 5
34 95
22 52
48 93
42 23
96 95
65 23
26 7
78 88
35 24
86 59
91 27
91 17
95 29
1 60
78 78
26 60
99 14
46 94
15 70
36 20
32 100
53 52
40 69
87 13
57 56
87 22
40 59
99 63
82 4
86 31
98 56
12 44
64 80
13 68
64 95
65 57
95 70
23 55
65 37
28 48
38 33
84 39
26 18
67 95
28 88
42 26
40 41
92 100
69 7
100 59
71 71
30 28
78 11
55 91
76 53
86 86
65 49
62 80
97 55
21 32
1 41
99 86
61 92
11 73

100 130
91 71
27 56
35 4
39 47
34 18
79 41
29 59
50 1
29 32
76 70
68 11
83 18
70 21
45 24
79 65
83 79
99 8
87 76
10 26
5 50
68 7
83 68
1 51
31 34
41 86
87 67
27 17
62 100
8 85
60 3
1 100
7 72
68 36
8 44
2 92
53 44
79 20
12 7
3 65
56 83
86 34
31 26
55 40
39 2
100 39
7 30
43 50
39 40
73 30
69 54
57 36
67 27
84 23
77 48
71 9
55 12
45 22
46 92
78 94
83 60
73 90
44 86
81 71
7 51
39 71
77 25
95 93
14 31
100 68
1 2
68 56
82 11
88 25
81 31
84 87
83 50
46 84
56 42
35 2
64 70
67 5
90 44
19 7
90 83
95 35
43 71
29 8
57 50
12 8
50 67
44 56
89 35
1 50
8 96
16 76
98 56
36 73
38 36
58 17
89 87
7 92
57 40
2 12
77 47
51 22
58 50
15 62
83 59
66 95
98 4
95 8
68 16
35 37
81 59
47 48
35 81
42 28
7 18
17 87
73 97
54 75
70 69
36 25
21 29
40 45
42 27
21 96
37 35
32 48
70 9

100 130
24 80
12 100
95 44
2 83
40 72
50 43
39 60
84 22
63 42
85 52
28 38
19 80
82 7
46 44
22 19
80 55
37 58
86 29
77 100
17 83
69 76
48 93
53 62
27 71
11 10
9 2
35 34
4 100
23 61
93 45
37 19
94 65
87 70
92 13
22 41
39 84
78 64
91 9
94 48
26 76
7 90
6 22
73 93
24 5
60 83
5 11
44 54
4 88
53 39
82 90
2 71
78 97
65 63
57 21
53 12
9 35
66 6
71 64
84 63
20 16
59 83
45 36
58 59
38 11
67 83
79 89
32 50
2 52
63 67
68 42
41 4
88 38
65 34
7 36
70 81
65 40
49 30
55 20
42 29
29 40
43 41
68 100
12 37
83 49
25 98
65 94
3 24
63 93
73 42
11 32
33 59
3 42
54 19
81 19
100 72
93 68
42 60
14 36
30 84
86 1
31 48
37 91
82 82
45 99
32 39
45 51
42 36
65 80
4 90
13 17
87 17
84 61
35 71
66 43
92 71
77 33
89 2
60 16
26 58
56 12
75 42
57 21
31 53
53 99
44 3
24 48
54 65
21 8
98 88
50 90

100 130
92 69
12 67
88 11
84 12
55 50
15 81
53 65
30 89
21 21
60 66
90 16
26 23
84 35
69 94
66 94
71 5
97 9
61 91
16 90
59 47
35 42
74 58
1 49
94 82
65 33
29 93
37 6
59 99
2 27
31 78
53 89
79 71
82 73
36 46
44 5
7 89
70 56
53 42
64 65
16 55
68 77
41 66
75 15
31 42
93 11
79 17
74 61
30 83
46 75
16 49
28 1
66 18
52 46
23 61
92 51
91 46
29 57
34 12
86 95
72 23
64 81
86 62
2 99
74 44
7 3
44 3
99 52
65 35
42 3
4 79
55 47
60 61
30 97
6 21
81 92
8 46
22 10
42 2
96 88
21 68
45 84
38 58
21 38
38 73
88 38
27 57
57 90
8 52
71 53
26 61
69 10
27 13
57 10
65 26
97 92
51 34
44 13
10 22
70 63
8 77
16 4
33 90
3 22
61 44
36 52
70 95
52 17
87 33
51 61
27 7
8 30
16 77
34 26
96 48
35 63
44 9
88 4
71 31
62 52
64 13
21 2
82 53
34 20
50 47
56 61
30 95
86 79
6 48
84 69
49 2

100 130
60 81
94 99
4 10
53 94
60 59
40 14
97 87
51 95
12 19
56 46
64 25
35 68
17 36
29 97
79 8
7 26
7 27
27 4
78 52
21 26
20 66
20 83
25 8
80 73
49 5
9 97
19 50
6 27
39 64
9 14
83 45
25 31
83 62
48 55
33 67
87 2
6 96
48 21
96 27
6 56
72 3
6 9
12 94
78 90
88 99
70 51
81 17
61 74
69 95
24 51
97 15
83 69
19 2
62 36
22 19
52 66
88 57
85 89
57 82
17 86
30 95
90 23
17 93
11 8
75 16
89 60
44 35
52 16
22 29
5 87
21 45
92 80
1 77
23 74
82 58
61 48
23 49
63 5
22 2
27 22
90 38
61 92
86 21
28 39
8 98
76 84
87 54
64 93
50 77
2 6
87 17
98 59
92 72
55 24
100 85
75 19
49 23
47 96
78 69
28 11
56 12
99 49
97 67
28 36
3 81
93 36
58 96
62 53
82 73
52 74
3 85
31 63
37 75
17 17
3 58
25 38
14 97
56 66
41 22
30 64
17 65
74 1
92 31
42 100
6 42
19 68
90 68
75 68
71 69
2 47

100 130
91 58
75 49
34 16
79 69
19 60
82 61
40 7
3 86
75 88
21 3
22 33
83 65
38 66
4 59
11 63
87 64
92 9
64 30
3 80
3 35
5 67
98 33
63 6
40 24
48 89
59 16
34 99
15 45
28 51
96 25
1 45
99 90
93 35
6 4
84 97
32 6
15 11
55 60
70 51
13 91
27 42
19 68
89 27
45 23
51 4
20 9
30 97
69 4
25 98
61 20
56 58
56 52
69 78
75 91
47 75
16 93
41 29
54 43
53 78
45 62
89 88
50 26
94 54
81 75
94 95
66 36
75 22
55 84
42 58
9 11
32 17
84 77
4 24
13 87
97 36
55 33
47 95
81 35
11 14
62 37
92 6
64 77
31 16
77 33
82 65
36 48
79 9
25 74
58 64
30 74
43 84
13 11
47 84
87 31
32 86
60 16
40 93
93 55
78 50
38 87
46 91
87 30
90 64
35 86
83 28
31 83
90 62
38 48
30 19
84 60
72 35
53 99
34 82
84 35
65 38
55 74
10 42
11 61
80 69
91 42
2 41
42 37
49 82
19 32
2 42
61 96
72 96
4 100
96 98
21 8

100 130
54 31
13 73
39 73
10 5
47 35
71 12
35 5
62 19
78 78
57 34
9 12
88 70
1 97
60 33
84 61
80 4
94 35
33 6
86 51
50 23
57 100
80 16
50 87
89 33
52 28
80 67
32 21
98 40
79 99
26 38
26 44
78 92
75 66
11 50
59 42
30 34
32 12
21 68
50 4
76 99
97 19
3 1
29 2
64 87
51 94
41 23
67 49
24 93
73 34
62 79
58 27
3 48
26 69
46 22
7 59
10 85
85 35
94 57
33 80
79 25
86 80
62 66
60 46
94 50
69 47
87 20
93 47
59 75
40 20
99 88
38 50
10 90
74 71
93 94
79 20
30 70
8 100
80 58
80 85
60 19
30 44
2 49
44 13
89 78
49 10
69 7
44 99
68 2
68 4
57 81
40 66
37 85
82 39
81 28
80 92
59 48
84 7
86 47
54 71
47 15
76 33
7 80
44 5
94 56
7 11
36 32
67 75
27 2
88 93
75 63
52 63
31 68
17 60
32 67
45 93
26 48
78 30
36 25
71 78
70 49
85 10
73 20
18 40
48 23
5 41
68 81
100 80
82 86
3 33
45 57

100 130
69 33
58 80
25 62
99 31
39 78
35 19
99 73
33 57
39 65
80 47
94 35
4 9
74 53
26 47
19 11
21 50
94 54
98 45
74 51
2 31
57 46
64 1
35 55
59 27
83 20
37 53
77 79
15 38
32 31
89 23
15 67
85 91
29 98
43 89
71 83
24 99
57 6
63 71
5 39
44 94
12 14
73 4
1 84
73 69
68 66
90 46
60 75
71 26
91 2
21 17
20 8
88 81
99 40
9 46
66 11
18 11
49 67
91 41
27 14
5 66
39 12
10 36
50 11
4 44
68 2
37 9
23 99
89 33
1 57
33 84
35 64
78 44
86 28
29 98
24 44
94 2
10 3
3 18
5 93
54 2
96 16
23 76
16 93
48 11
7 57
30 42
57 13
83 64
33 22
38 46
23 56
8 1
32 8
88 16
31 98
48 30
6 11
30 84
13 4
34 60
27 87
20 86
17 39
57 99
85 6
64 19
17 94
95 39
33 44
7 9
96 18
47 98
9 42
61 92
71 28
25 99
93 44
13 58
94 51
44 18
7 85
76 49
37 38
41 45
62 17
85 97
74 91
41 68
40 51
42 99

100 130
11 38
33 76
64 69
98 72
27 59
52 34
61 95
49 24
1 81
80 35
90 55
18 58
85 4
21 49
63 68
14 76
47 11
29 98
8 3
52 57
55 78
45 70
3 98
36 72
72 58
8 80
81 39
94 47
6 55
61 90
5 38
16 54
86 57
73 98
40 2
94 68
56 9
87 94
74 19
29 31
69 16
96 100
41 55
9 29
42 68
97 72
47 88
46 26
31 96
28 89
90 73
65 36
62 68
80 59
15 57
21 52
49 65
50 49
70 43
65 4
62 53
43 83
11 48
54 30
3 80
88 73
60 95
72 88
39 34
72 42
77 16
34 83
31 46
56 71
70 72
62 17
9 31
19 49
97 27
94 18
90 9
61 50
50 41
56 61
56 3
57 98
43 38
53 26
23 91
67 100
44 26
56 20
41 76
94 98
83 62
33 53
46 91
34 32
42 45
73 35
46 88
51 41
7 88
73 58
34 51
86 80
37 83
57 65
100 35
9 21
84 26
79 71
95 88
8 30
17 39
12 96
69 89
14 91
14 77
24 56
22 33
41 39
34 53
94 29
2 13
90 7
37 4
3 85
65 49
17 26

100 130
42 23
100 64
1 96
93 9
10 55
14 12
92 46
85 68
41 99
43 47
12 91
32 90
66 37
64 63
51 49
15 57
30 59
4 1
9 97
92 81
11 19
68 87
14 58
12 13
31 86
87 67
21 67
80 80
60 52
54 72
46 60
98 5
23 82
68 21
72 50
10 42
5 45
42 27
47 92
100 53
54 90
14 98
63 64
9 100
62 61
54 66
95 72
56 51
44 12
31 30
98 62
25 33
94 6
76 2
99 75
85 89
17 49
88 91
49 80
69 4
87 19
75 26
90 76
46 33
38 59
53 31
1 26
56 29
79 36
39 56
37 48
70 6
49 6
40 82
55 8
100 76
6 61
60 12
94 59
19 90
73 94
84 34
54 82
55 40
36 76
76 98
40 88
7 69
93 56
84 50
83 33
5 34
43 14
39 100
21 53
60 31
99 78
6 22
90 5
25 52
6 28
100 35
85 96
89 50
45 38
71 36
63 10
41 32
73 57
100 14
88 16
65 2
8 97
70 40
10 49
63 97
60 2
4 11
25 36
13 24
92 86
41 57
23 34
78 24
83 63
34 92
7 16
91 60
20 99
4 84

100 130
59 67
20 76
97 64
33 23
49 96
98 70
24 18
36 22
51 83
89 27
22 87
15 89
46 15
46 57
93 49
27 23
41 49
19 17
64 6
18 85
95 34
42 13
67 96
36 75
45 74
54 51
29 12
54 4
85 16
79 61
48 62
25 50
41 62
58 16
11 96
27 13
17 70
22 79
80 7
35 32
57 67
93 77
65 25
61 92
43 65
5 92
37 27
59 64
99 44
32 51
31 32
28 6
51 28
97 58
90 2
41 66
17 2
2 44
53 44
8 76
3 36
69 26
39 47
54 41
2 47
40 43
39 36
57 71
14 35
54 69
96 72
54 98
83 18
37 25
48 98
68 4
80 61
95 68
81 61
60 9
64 45
46 46
5 58
26 40
37 26
22 27
90 44
50 27
28 60
49 53
24 5
20 3
52 9
52 93
8 57
19 74
12 85
48 94
82 6
53 89
51 8
61 72
14 60
77 22
58 60
54 54
19 57
90 83
38 21
9 56
76 62
52 33
74 38
52 45
6 94
17 100
18 6
47 30
51 32
52 12
19 64
4 32
10 7
51 51
83 41
12 98
20 60
77 25
26 53
29 75

100 130
78 35
83 53
63 97
77 89
31 7
70 38
40 52
36 43
72 6
38 96
39 77
45 83
52 78
40 48
20 42
92 61
57 76
93 24
36 96
32 61
81 72
41 49
4 51
83 33
75 53
6 46
100 49
98 82
89 23
64 35
1 86
64 35
70 88
94 4
96 98
37 27
7 88
12 48
14 95
33 71
71 82
11 51
22 57
89 87
38 98
9 72
75 94
21 62
42 50
87 79
3 10
61 2
87 1
13 99
88 63
81 97
88 37
80 35
70 46
70 48
98 15
17 77
32 5
42 81
51 47
6 2
18 39
71 99
75 42
58 36
13 27
29 79
71 87
87 38
44 68
11 44
61 65
45 90
3 59
12 78
85 34
12 69
79 68
28 65
45 10
47 47
90 12
43 74
59 100
92 60
30 70
70 66
72 46
32 17
8 1
38 72
98 77
6 80
48 57
88 23
19 58
88 58
6 68
63 13
67 37
48 99
100 86
90 6
41 24
22 84
15 86
27 19
24 59
48 20
27 78
54 4
7 93
81 68
4 27
75 91
18 96
62 66
51 6
4 2
5 10
40 22
57 61
72 62
84 46
1 47

100 130
17 43
68 30
57 61
99 28
62 36
74 27
76 55
24 99
72 91
31 53
84 86
67 3
27 36
79 44
6 82
5 9
84 57
64 35
71 32
11 77
75 99
23 34
68 63
13 43
36 59
41 78
62 88
79 38
81 46
1 84
41 36
72 11
59 95
83 42
58 88
86 5
11 50
37 87
64 15
100 44
15 72
75 33
43 74
91 14
8 14
1 49
28 35
43 16
12 29
87 15
50 28
86 76
62 78
11 56
19 67
32 64
2 94
58 31
22 26
56 43
51 2
53 88
79 83
28 43
81 56
56 11
21 16
75 9
88 70
36 74
29 99
2 30
3 72
67 16
67 3
75 74
66 40
99 95
85 47
32 66
74 70
36 51
7 6
79 22
46 67
5 72
80 22
20 21
82 5
90 96
1 18
43 60
48 31
86 78
48 57
39 8
94 9
88 70
69 67
36 10
50 94
69 56
7 84
50 75
27 55
60 99
67 75
92 83
56 73
56 53
2 75
39 86
21 99
91 22
14 31
70 65
85 92
1 28
90 82
35 16
88 82
15 88
61 45
27 51
23 59
9 8
1 88
66 12
8 78
9 6

100 130
11 37
48 1
89 64
22 25
76 29
81 87
14 3
50 36
29 8
66 87
10 65
28 16
24 95
31 89
27 83
69 42
82 2
17 32
58 69
38 84
29 86
93 64
95 79
47 79
35 51
28 73
11 3
48 22
54 40
36 21
67 17
5 9
19 52
52 44
97 43
47 48
70 64
15 37
77 20
87 51
49 48
72 65
43 54
98 81
74 87
42 34
18 43
51 96
63 32
56 52
87 99
48 82
61 6
57 23
3 20
16 96
15 70
39 4
16 8
26 45
39 47
54 84
100 10
9 44
91 77
82 18
74 4
39 73
83 8
90 58
30 39
42 19
84 44
89 19
86 27
62 99
93 12
23 27
84 68
1 24
63 70
50 86
23 60
41 97
52 8
11 13
27 99
53 37
2 48
12 48
51 49
27 73
87 49
80 70
47 17
85 57
3 63
97 99
2 16
59 42
46 73
91 42
53 7
82 65
32 1
70 92
10 6
37 5
12 56
82 20
67 46
41 57
100 38
22 89
60 19
49 4
29 39
79 7
59 81
96 5
46 80
80 42
74 87
39 38
12 78
38 24
55 65
16 90
52 91
72 30

100 130
100 39
90 77
11 53
63 47
65 70
46 98
40 76
58 36
81 56
13 86
94 70
4 74
55 75
8 18
5 2
61 48
53 8
8 15
57 50
96 21
30 46
69 39
91 81
40 100
28 66
68 59
39 41
1 38
53 86
97 36
13 81
77 82
71 58
70 57
74 71
16 68
32 36
72 31
51 75
80 74
68 64
31 90
26 95
57 54
92 94
92 36
3 54
23 12
39 11
17 42
73 78
58 35
97 86
57 41
71 94
93 79
22 31
13 9
19 7
66 84
7 9
83 98
96 34
68 94
36 19
65 36
7 61
53 26
64 2
34 96
86 89
28 54
98 60
9 4
35 8
22 23
15 16
78 70
89 22
29 27
61 17
19 3
29 33
9 48
95 100
28 71
5 3
30 9
27 77
8 24
70 95
94 98
55 98
35 59
81 44
19 5
28 71
37 35
56 49
54 75
12 80
81 41
20 57
43 62
42 55
16 5
85 83
52 34
11 100
24 17
75 38
12 15
91 23
65 74
45 99
91 12
25 73
10 68
81 3
23 83
35 11
43 34
56 73
2 97
28 94
7 100
52 40
46 30
89 13
17 87

100 130
77 12
11 42
87 41
93 58
3 12
52 35
9 67
12 42
47 42
57 4
3 55
60 100
61 32
93 73
47 37
2 3
35 6
40 33
100 20
61 11
77 68
67 59
1 10
66 97
16 99
46 70
40 95
84 96
27 84
91 56
12 20
68 92
42 37
93 5
30 1
4 21
47 92
49 66
18 97
25 49
73 83
41 72
70 7
100 17
33 34
41 7
45 75
83 27
49 28
53 88
6 68
28 79
90 41
65 20
78 89
1 85
19 11
6 4
47 90
88 86
49 3
72 66
36 21
61 24
26 99
24 64
79 16
69 1
74 58
37 42
37 59
43 61
92 78
64 10
26 36
89 84
96 2
96 98
86 93
3 52
84 84
77 87
99 9
37 29
95 88
30 58
16 89
79 61
3 15
29 99
86 71
91 12
45 6
69 76
61 82
68 3
66 65
85 100
77 20
89 77
60 15
47 96
17 73
92 40
83 63
26 66
85 52
35 84
96 43
3 23
4 60
42 27
31 18
15 49
17 84
89 76
97 65
57 55
58 9
79 89
98 70
94 71
16 19
51 37
6 5
62 73
57 30
32 38
20 46
18 18

100 130
5 30
65 88
81 84
63 37
89 51
50 7
23 4
47 17
26 31
87 45
55 7
51 57
91 46
73 34
33 20
77 41
91 68
9 16
44 47
53 72
44 45
58 87
64 25
43 3
77 62
46 72
10 47
76 84
11 82
47 76
12 58
4 9
3 9
94 91
8 74
67 76
13 38
62 94
72 74
84 7
40 47
75 16
68 4
94 44
32 82
1 97
27 91
44 55
17 96
48 42
75 75
57 32
61 84
25 3
9 6
56 66
64 78
38 53
8 60
84 5
1 24
6 26
40 10
37 76
98 100
74 77
74 74
81 4
52 61
45 58
100 25
10 5
75 17
34 84
38 9
69 4
83 33
56 19
92 79
20 57
33 85
34 39
82 49
43 14
29 10
65 100
85 28
97 19
37 6
43 14
50 70
37 80
87 34
50 46
69 35
10 89
52 37
10 13
29 65
71 24
30 23
26 5
21 86
26 59
75 37
35 33
1 87
38 35
45 85
1 32
39 11
34 22
10 3
74 54
73 98
20 56
97 5
58 85
83 73
52 38
81 51
100 39
92 38
2 8
74 39
69 25
88 27
61 71
19 15
60 96

100 130
6 95
30 62
21 5
80 49
38 60
87 2
68 51
78 39
22 39
33 61
39 28
48 88
5 46
79 72
27 78
100 52
5 75
57 4
83 58
25 45
85 47
20 53
11 77
59 26
21 2
54 88
63 93
23 57
84 64
77 70
41 87
61 18
37 36
43 8
33 29
56 25
64 52
93 78
66 33
42 32
20 80
90 21
33 19
87 51
56 30
67 39
91 65
27 14
85 66
44 73
55 7
7 41
78 69
26 78
3 43
77 48
43 45
33 74
91 16
52 50
31 43
88 20
30 27
57 61
24 60
95 34
2 64
25 70
84 38
31 97
60 33
74 34
24 20
46 54
70 75
49 58
8 50
78 15
14 80
30 26
74 67
24 14
91 76
85 20
87 5
7 67
90 59
99 2
100 75
77 45
39 48
40 45
18 75
47 9
13 25
72 3
95 18
6 85
68 94
87 23
61 86
31 17
64 79
14 89
65 12
32 63
77 56
79 88
48 64
1 90
24 48
98 91
75 12
50 88
19 54
1 79
5 45
41 12
19 40
13 21
38 25
14 47
19 49
52 23
8 40
36 1
51 93
41 41
82 100
94 99

100 130
71 36
48 84
100 25
33 54
74 53
42 81
63 42
30 49
17 32
30 88
95 53
72 62
97 78
11 4
54 92
31 51
18 41
45 91
21 98
43 8
84 94
57 10
99 45
11 90
61 81
44 67
31 80
57 28
10 85
3 48
50 72
81 23
87 8
41 51
38 62
38 30
78 66
98 13
71 100
79 5
66 66
15 93
2 30
88 19
38 43
6 35
46 97
90 74
60 20
59 41
94 7
33 67
21 36
83 49
51 51
3 77
52 17
61 10
44 15
36 13
33 90
63 49
99 4
87 52
72 92
26 54
48 49
90 36
11 83
57 59
73 87
87 29
89 78
15 83
38 81
26 85
21 25
73 24
62 44
96 23
47 59
43 64
86 35
28 48
87 71
56 30
49 87
11 11
38 34
10 16
86 58
46 30
67 49
35 84
96 62
57 47
69 82
94 40
50 3
62 78
62 37
78 57
94 26
85 14
51 51
91 5
17 28
58 73
73 40
34 51
78 37
34 47
35 45
44 59
61 41
17 87
53 95
45 74
68 85
21 51
20 91
87 30
96 68
7 26
59 7
76 56
78 7
26 11
16 100
92 60

100 130
78 56
23 22
17 18
32 31
38 87
84 27
81 36
73 55
45 80
9 97
45 30
73 75
88 22
92 54
54 38
22 35
26 46
60 97
96 51
29 1
7 85
6 57
84 85
57 15
64 83
56 95
89 22
97 7
86 60
63 32
77 23
11 51
1 59
10 61
41 24
63 79
68 54
74 84
20 59
28 24
40 48
26 75
33 12
61 71
78 41
76 65
47 86
78 33
3 35
100 13
61 91
61 96
54 21
82 75
88 59
53 22
77 4
75 14
25 63
18 56
76 20
44 13
17 39
53 49
46 10
90 35
86 92
17 14
11 81
48 100
16 57
74 40
93 81
84 11
78 5
32 43
39 53
90 4
67 17
50 40
40 33
17 86
82 33
23 55
78 63
42 14
49 82
44 8
52 60
58 69
28 50
72 75
18 52
98 14
58 77
55 93
66 100
2 43
42 96
87 95
32 54
54 3
16 53
64 41
61 15
63 21
35 60
48 41
27 30
12 13
66 70
47 1
28 6
72 19
14 71
47 60
73 15
96 61
67 13
99 89
71 62
47 29
46 3
68 97
20 38
23 8
1 78
32 97
85 47
61 94

100 130
50 97
77 12
95 36
84 70
99 83
14 72
15 37
12 34
42 84
38 57
65 31
9 72
39 54
49 87
15 44
43 70
92 13
75 77
45 44
48 29
65 19
40 1
9 63
6 19
48 37
26 26
34 73
38 71
94 75
15 21
58 28
11 24
48 41
21 20
93 81
95 59
23 43
61 68
27 32
84 47
96 38
8 46
68 38
60 81
6 98
46 47
19 43
76 29
78 61
54 46
15 40
19 10
4 29
47 21
66 63
68 93
8 91
76 80
85 73
7 16
3 55
13 66
37 60
28 52
71 76
48 18
77 2
25 65
69 30
12 41
64 76
69 26
15 5
28 20
26 44
15 62
82 52
16 14
64 58
80 6
95 74
99 64
15 12
6 27
9 76
7 85
35 69
80 53
96 15
89 38
50 100
57 67
70 90
61 4
25 51
43 84
10 10
42 42
66 24
55 73
65 47
43 68
88 76
2 64
16 64
35 89
72 70
92 4
80 5
37 93
54 39
53 38
62 52
42 32
54 28
92 85
27 43
26 41
37 100
56 92
38 5
50 80
25 65
77 41
64 10
86 35
99 5
65 62
25 63
2 46

100 130
86 92
7 90
46 69
4 11
82 96
5 71
76 62
100 93
78 28
30 57
36 52
74 67
81 11
100 58
12 57
79 65
33 31
68 12
41 92
49 57
48 73
91 71
39 56
74 6
100 35
80 41
93 45
17 52
48 42
55 58
49 88
58 58
55 17
22 83
8 22
15 80
62 92
2 19
71 91
57 6
77 74
13 20
65 89
54 71
34 7
59 46
98 23
16 91
24 23
63 18
34 49
37 15
20 60
71 77
64 60
3 95
30 38
88 57
65 55
3 22
64 7
11 78
28 94
93 99
86 76
66 15
41 37
85 17
34 65
80 84
44 17
8 11
98 37
49 27
17 2
48 74
60 79
4 46
5 20
20 93
69 83
20 29
86 55
53 98
97 63
18 30
45 24
62 74
99 1
36 52
46 9
78 5
93 84
91 81
17 52
54 87
29 73
67 60
25 93
4 82
14 7
52 18
46 78
44 82
86 31
33 90
23 85
28 45
55 90
22 30
35 44
68 99
21 92
69 59
82 64
3 92
15 93
85 25
69 68
36 56
39 91
69 89
29 63
17 10
45 97
52 70
13 9
2 70
26 40
20 64

100 130
66 74
87 4
51 40
27 19
60 20
80 58
1 38
37 12
27 68
32 4
86 44
38 58
12 75
61 60
28 28
42 91
86 38
36 26
57 92
21 59
27 84
79 33
47 1
45 14
59 7
25 8
21 87
60 51
45 78
27 60
83 93
66 22
78 53
41 6
55 3
18 22
29 1
87 38
19 71
68 58
2 83
31 27
77 74
69 25
54 96
3 99
56 73
92 18
90 40
11 23
35 2
97 82
26 70
23 14
63 48
56 19
35 52
8 73
91 9
34 57
58 36
93 78
26 80
69 80
9 46
38 100
30 67
77 40
88 5
69 62
33 13
98 20
62 28
35 86
83 58
84 52
18 16
8 89
48 55
71 35
89 96
95 29
9 76
33 25
8 22
93 84
9 68
72 25
61 84
73 96
94 67
25 21
89 34
63 45
78 47
96 52
6 5
66 23
58 77
83 49
16 48
24 43
20 8
90 12
7 37
66 78
43 72
43 25
77 11
43 96
39 16
11 71
55 12
18 30
79 50
28 3
16 41
69 99
26 41
85 75
71 40
53 82
14 29
92 88
99 85
74 52
62 80
46 92
92 78
53 5

100 130
88 85
1 27
24 6
65 46
9 14
72 72
100 55
96 22
30 16
19 49
62 50
67 15
31 71
55 13
81 28
49 45
17 88
30 48
82 74
56 75
98 68
53 4
33 78
92 71
14 26
13 1
10 24
51 85
3 10
49 94
87 66
78 21
99 23
85 28
93 5
10 79
77 78
52 52
20 83
35 53
76 56
49 26
98 45
67 30
98 52
66 67
57 68
92 2
55 6
42 72
35 95
63 16
71 60
54 14
82 76
19 31
50 62
70 52
71 35
99 53
52 67
80 25
54 73
37 35
91 80
8 4
67 62
46 64
96 7
47 92
25 93
43 74
49 88
30 86
17 70
39 14
59 12
39 88
11 82
10 90
71 91
83 70
11 81
40 58
91 62
58 86
71 77
66 67
50 99
47 36
57 32
48 90
77 80
42 73
83 56
42 32
19 1
6 73
55 88
25 36
47 11
42 38
70 3
30 25
71 100
10 37
22 96
80 34
78 91
91 38
5 52
15 64
67 30
25 88
78 53
21 20
45 97
87 95
14 76
61 1
63 13
90 100
98 80
68 20
16 34
5 4
82 18
53 4
81 91
11 14

100 130
30 36
12 98
52 97
72 32
39 76
17 3
3 11
69 28
60 24
46 30
20 49
86 22
45 32
82 44
23 1
36 32
54 21
73 10
60 31
53 48
29 36
60 59
70 33
38 22
4 7
85 54
21 27
53 8
68 22
98 91
30 51
85 90
83 25
53 39
12 55
15 74
7 52
62 49
80 79
63 85
53 73
23 61
2 37
16 67
55 68
65 27
54 98
78 39
10 67
18 82
85 25
55 36
13 45
14 22
72 68
99 93
52 10
20 64
27 87
44 31
21 75
26 17
62 42
33 2
13 69
52 75
60 92
40 63
92 32
66 77
63 95
20 16
66 24
78 36
74 94
42 74
36 30
12 15
60 87
83 13
11 7
42 97
80 66
42 4
99 66
38 99
64 38
71 10
72 100
86 65
36 53
54 85
20 64
31 51
3 97
22 46
7 51
5 84
45 11
15 31
93 82
77 80
32 11
14 26
1 41
37 98
89 23
8 8
98 43
15 57
21 60
60 56
74 28
36 24
25 96
36 52
44 44
79 50
83 55
43 36
30 47
43 67
93 97
52 62
11 65
26 40
43 18
29 76
54 46
74 100

100 130
5 35
46 78
99 43
67 16
58 6
87 17
34 64
88 59
74 20
6 46
15 44
20 48
88 43
45 13
99 95
64 70
27 81
35 42
47 28
51 100
38 72
94 54
69 37
9 72
78 57
9 9
78 87
100 59
33 81
20 53
22 1
32 49
73 72
9 56
84 35
28 96
63 43
90 8
66 74
51 36
98 80
77 26
60 15
8 9
87 34
15 64
9 94
57 74
5 80
75 9
50 16
99 49
85 25
15 6
41 53
1 76
29 12
40 4
26 75
19 87
79 27
88 76
40 1
92 51
25 61
50 10
80 70
35 83
79 62
16 47
35 100
17 99
36 23
27 30
78 93
74 90
30 76
53 15
40 96
83 77
76 6
83 17
80 81
30 60
44 23
15 8
83 61
63 94
30 23
69 28
53 31
6 47
92 35
83 41
25 17
19 36
52 28
2 69
46 31
11 95
82 56
11 32
5 80
97 87
9 70
76 51
38 25
47 26
97 2
18 29
21 18
22 26
79 64
37 41
18 75
91 29
29 25
74 88
63 61
37 6
49 70
28 45
64 15
27 48
97 23
43 54
97 48
75 25
43 7
94 33

100 130
26 64
73 25
16 53
27 63
54 5
33 84
28 80
32 7
82 2
74 81
88 73
6 98
70 22
95 17
35 18
19 10
98 50
38 83
57 17
75 12
46 45
67 21
24 59
59 35
82 70
61 12
89 95
41 44
23 96
92 27
9 71
12 2
80 14
64 72
60 55
71 36
52 78
68 3
69 2
64 85
56 84
74 9
7 23
19 69
20 63
38 84
8 57
83 75
6 39
6 80
85 70
53 30
19 5
50 46
64 88
68 16
70 3
80 17
56 63
81 65
20 44
60 20
43 38
66 38
20 38
43 82
32 83
6 4
88 47
82 89
91 5
30 65
70 37
47 21
37 40
100 22
2 34
39 55
84 100
46 12
27 79
97 73
51 23
16 94
35 73
70 33
5 37
9 46
56 70
26 27
80 47
93 32
90 47
60 9
44 9
75 22
24 38
98 24
28 25
44 32
14 96
82 67
87 20
33 96
66 60
9 13
13 99
3 46
2 25
23 47
63 73
84 7
56 59
14 6
11 41
75 57
60 99
38 8
41 90
15 91
99 98
8 12
42 59
97 41
48 9
65 88
95 72
80 77
97 39
100 79

100 130
2 87
25 60
35 93
75 52
42 21
11 42
51 75
53 43
50 11
67 17
65 94
72 67
45 50
54 27
39 85
53 10
62 89
64 38
87 15
32 78
8 52
57 38
66 30
27 54
11 58
94 74
9 16
57 2
6 53
97 30
22 39
31 81
82 99
11 7
63 46
8 82
15 25
7 66
31 67
98 3
40 77
100 94
1 21
78 85
24 76
43 32
76 86
54 28
35 81
6 76
28 84
57 17
88 32
78 37
86 37
14 66
67 85
98 41
58 76
74 49
45 81
58 16
90 85
13 33
89 37
33 41
70 59
47 84
95 85
66 54
1 32
72 10
81 95
76 15
12 75
82 88
13 75
40 71
42 83
26 80
79 26
93 16
17 22
93 9
61 85
92 8
97 35
54 21
58 96
38 2
52 49
81 19
94 92
93 6
47 80
80 84
19 39
2 22
10 92
50 39
22 70
65 20
46 4
88 33
5 100
40 58
14 92
60 2
50 17
87 12
42 28
33 37
21 93
92 17
72 79
6 35
34 70
75 7
84 37
44 53
52 31
15 90
60 69
48 83
19 75
40 85
87 94
17 4
97 56
89 92

100 130
91 80
74 39
89 13
44 25
68 86
38 3
15 82
21 34
68 25
20 40
17 68
69 9
40 86
87 73
20 43
59 69
98 87
33 81
57 4
90 3
31 49
89 69
14 93
84 16
18 86
20 9
79 41
17 64
66 2
73 98
40 73
41 22
58 97
46 99
59 16
69 44
50 64
95 10
5 21
60 84
1 63
65 67
18 20
12 75
23 19
44 85
24 93
54 90
76 84
2 83
73 20
22 77
29 31
51 23
29 11
70 48
57 46
90 23
81 79
51 46
62 86
82 66
75 16
11 42
28 73
92 61
74 25
9 77
10 26
8 34
74 34
13 48
53 73
16 63
50 47
94 16
31 83
56 5
10 37
53 21
89 10
66 17
80 77
17 100
72 83
99 86
56 88
12 86
80 74
41 22
58 3
49 56
52 81
83 48
28 78
53 86
95 41
8 23
3 82
72 98
15 94
36 76
10 98
43 5
98 19
87 90
5 81
44 11
72 13
57 36
6 50
97 73
13 29
2 12
51 34
4 23
24 82
74 34
94 23
44 16
34 82
29 90
78 80
13 54
84 77
13 83
22 86
24 15
11 24
43 91

100 130
75 97
49 6
84 94
59 35
27 36
24 32
30 12
70 63
21 78
2 30
85 46
97 26
9 40
16 87
9 81
82 22
46 97
16 1
98 43
27 18
41 9
61 17
87 74
60 9
40 53
50 80
77 81
32 40
77 94
63 34
19 28
35 48
95 68
84 60
43 4
94 85
64 87
70 39
29 90
56 93
69 3
36 38
7 85
66 22
38 37
98 88
91 63
93 66
6 89
69 28
19 1
54 2
91 43
34 13
36 60
63 80
80 23
65 30
8 41
3 71
98 4
64 6
22 41
53 8
3 58
44 2
86 96
85 7
90 24
35 35
99 83
77 12
40 8
6 73
39 40
7 85
92 48
100 93
14 27
26 86
60 54
22 88
34 12
21 3
50 85
26 94
76 86
67 86
42 61
8 86
24 89
51 50
69 90
76 96
97 21
28 24
31 78
85 85
60 76
55 10
75 99
70 36
30 89
13 82
82 40
22 73
37 35
29 77
53 10
44 45
51 81
20 72
75 9
32 44
48 82
19 28
94 34
59 77
22 72
64 35
38 94
8 85
75 45
61 43
62 53
95 43
54 76
65 66
32 73
62 24

100 130
22 52
67 91
15 80
54 6
53 25
38 51
37 89
32 61
42 46
78 47
45 83
21 76
41 59
57 64
25 85
3 75
46 88
42 94
19 71
18 55
95 19
91 97
67 79
14 74
57 46
53 80
37 77
59 68
20 90
33 87
100 52
30 80
83 41
38 61
100 20
40 57
69 34
100 55
54 42
78 82
14 88
10 4
65 57
25 45
31 1
78 38
62 8
12 21
41 100
20 98
52 51
23 83
29 3
31 86
39 61
37 48
70 89
10 96
25 100
96 29
87 76
92 87
14 32
53 30
44 60
98 86
93 22
10 91
17 77
76 67
20 23
79 90
2 24
21 12
20 26
99 43
19 50
89 46
86 91
81 11
74 78
30 69
15 79
8 22
91 13
43 78
63 48
51 66
54 21
11 55
81 90
36 48
52 53
35 47
3 36
70 53
42 55
13 9
16 46
64 5
35 84
11 2
83 77
83 96
68 67
89 46
40 16
20 73
2 22
3 76
40 91
33 78
45 80
33 39
57 42
12 79
18 69
100 32
86 61
92 79
47 56
13 81
25 10
40 92
14 96
15 58
85 62
86 91
8 30
45 29

100 130
89 68
62 38
27 53
83 97
2 39
94 33
84 47
89 95
48 40
26 6
65 11
41 87
33 80
65 4
20 12
52 63
34 30
21 41
67 59
69 35
90 25
12 33
65 48
90 64
64 13
34 11
8 16
97 67
14 4
88 28
79 5
10 30
97 61
91 54
28 5
54 88
25 54
43 39
31 64
8 4
24 76
18 83
52 91
19 80
10 52
79 2
76 17
33 51
18 48
22 12
2 91
49 81
17 71
35 23
74 73
9 72
20 82
2 5
72 18
13 85
86 19
86 64
37 86
34 39
71 41
66 59
27 48
84 5
50 81
1 9
15 67
32 30
12 85
96 35
49 42
31 92
21 54
51 94
33 16
31 4
28 62
100 98
89 53
15 10
37 78
59 84
73 41
87 40
87 63
59 14
75 53
20 40
27 91
95 29
23 15
1 39
13 29
68 100
99 38
17 33
62 11
64 57
1 50
77 45
38 7
56 58
77 32
16 79
86 46
14 13
23 3
5 44
14 97
24 56
45 12
32 73
79 89
68 100
39 16
17 22
57 37
56 64
9 31
95 10
87 68
21 76
14 19
84 41
31 95
2 43

0