100
1000 10
293 353
964 86
652 489
161 482
767 714
310 946
356 191
64 872
466 468
754 50

1000 10
567 4
850 419
239 988
71 893
812 106
859 608
543 349
925 747
772 669
180 96

1000 10
222 49
693 414
196 764
828 514
745 277
15 925
344 543
933 680
506 903
595 545

1000 10
747 575
184 347
134 752
853 896
725 267
602 141
68 699
856 680
303 143
738 224

1000 10
122 531
323 540
802 326
974 111
391 482
592 977
743 949
569 52
908 953
111 514

1000 10
773 975
763 153
687 961
506 226
432 426
693 436
819 33
279 550
809 980
441 120

1000 10
950 382
589 996
861 784
407 525
933 322
879 561
894 158
581 924
89 867
101 771

1000 10
126 90
608 268
728 86
74 945
809 372
297 496
41 574
272 469
698 727
646 121

1000 10
517 644
777 228
73 529
68 28
32 299
989 873
471 828
827 113
66 136
180 234

1000 10
249 902
85 62
382 650
50 71
582 8
528 766
139 56
68 454
30 147
396 760

1000 10
649 132
505 579
303 530
254 114
141 778
851 959
328 203
474 662
341 660
797 710

1000 10
851 384
190 312
115 843
762 969
699 695
83 1000
104 808
305 141
813 798
594 662

1000 10
728 364
304 191
690 175
332 767
181 342
176 852
234 978
776 420
216 404
754 640

1000 10
258 76
895 624
202 370
31 397
890 314
375 39
836 170
973 203
455 454
949 883

1000 10
365 483
43 657
35 736
867 748
795 906
728 242
24 628
593 165
625 988
420 695

1000 10
659 860
567 477
97 311
506 762
592 608
701 448
653 544
802 379
499 563
740 819

1000 10
948 443
6 151
170 872
662 122
771 138
743 53
916 11
456 665
751 328
570 948

1000 10
615 208
977 810
232 225
902 527
637 579
664 512
480 838
13 405
923 924
608 273

1000 10
379 269
174 283
873 99
869 44
459 86
957 516
215 251
321 759
269 585
904 284

1000 10
948 986
206 458
357 306
806 114
718 701
712 702
528 582
602 474
204 305
925 74

1000 10
276 207
943 609
613 462
995 840
61 97
710 631
977 901
407 510
614 155
955 898

1000 10
28 147
172 225
499 266
491 929
964 237
306 862
771 285
260 881
377 419
47 169

1000 10
484 53
643 360
337 33
721 478
876 208
953 37
835 223
210 641
365 884
310 278

1000 10
385 112
617 52
478 914
89 577
424 952
992 989
439 185
902 639
722 351
522 878

1000 10
388 402
995 116
634 814
354 350
123 934
884 875
54 180
147 619
674 213
940 969

1000 10
50 135
137 114
189 922
596 39
419 2
894 403
712 127
576 364
854 189
390 47

1000 10
805 36
134 704
337 329
148 714
481 138
481 982
758 449
254 933
330 336
255 494

1000 10
310 591
451 645
770 512
758 476
647 48
590 13
903 429
465 526
606 665
721 301

1000 10
849 24
735 301
877 471
380 484
491 380
441 802
974 934
587 835
954 394
58 959

1000 10
272 57
169 262
596 950
874 754
526 519
827 415
936 492
949 6
319 645
892 63

1000 10
919 864
817 657
671 818
159 287
498 626
530 799
873 793
367 584
108 149
56 689

1000 10
609 607
282 773
181 861
306 15
496 494
110 440
7 814
108 472
921 574
240 861

1000 10
669 401
517 880
953 843
435 525
24 13
468 97
52 527
33 136
941 609
763 693

1000 10
740 588
763 559
775 31
388 524
901 636
799 206
968 770
409 480
57 281
495 973

1000 10
820 673
19 706
389 386
306 930
13 551
911 493
30 833
857 976
490 847
532 494

1000 10
334 427
38 86
545 696
471 83
901 643
208 519
235 600
678 146
585 324
960 924

1000 10
998 190
258 717
683 358
807 127
7 477
439 698
19 363
16 498
626 476
932 271

1000 10
418 219
225 778
903 719
955 771
549 199
539 779
569 64
885 864
870 288
754 784

1000 10
448 518
157 87
879 900
165 757
331 783
808 288
469 636
714 596
452 492
430 894

1000 10
959 523
490 966
21 631
468 932
643 691
544 831
416 234
374 368
731 418
323 193

1000 10
167 403
349 711
812 956
58 875
625 830
976 906
726 415
771 716
372 273
773 659

1000 10
275 665
23 822
457 128
41 221
843 629
645 965
252 524
389 920
54 459
351 952

1000 10
409 634
943 771
196 701
954 894
832 955
432 988
941 939
613 78
662 246
470 404

1000 10
926 499
883 186
131 444
434 287
742 397
961 477
361 509
820 178
670 125
724 814

1000 10
190 341
995 294
454 530
435 575
290 664
946 617
903 906
128 378
826 821
17 800

1000 10
836 460
657 589
893 771
613 390
924 54
136 802
817 684
369 164
323 182
720 884

1000 10
408 317
409 78
298 610
62 850
950 433
572 170
973 408
493 10
396 626
684 313

1000 10
583 728
127 121
30 96
778 396
836 543
823 367
921 69
883 368
235 510
683 912

1000 10
840 563
883 723
557 85
996 490
47 723
767 27
25 936
329 940
730 464
531 165

1000 10
825 12
627 614
937 564
711 770
631 424
257 635
867 761
314 251
391 258
49 554

1000 10
850 341
487 436
450 414
783 895
182 570
439 35
934 780
721 978
265 865
875 507

1000 10
369 675
819 885
898 12
271 59
19 969
987 614
466 711
127 964
270 190
84 615

1000 10
93 856
636 826
623 370
643 669
552 265
849 215
160 683
167 685
2 290
695 872

1000 10
511 601
432 732
481 179
714 602
585 761
70 920
522 641
309 819
479 154
333 669

1000 10
784 226
525 28
187 632
217 588
625 119
75 322
583 958
697 928
81 416
262 954

1000 10
687 119
678 842
622 381
383 340
46 157
739 686
632 458
813 376
477 643
81 182

1000 10
885 515
537 192
945 540
57 619
324 382
612 964
305 576
212 842
708 178
801 160

1000 10
433 653
550 161
27 388
20 195
119 9
555 155
370 859
450 665
467 280
633 278

1000 10
164 330
147 917
860 356
158 374
758 956
22 772
935 897
196 900
829 328
133 873

1000 10
316 282
968 444
819 299
825 920
915 200
259 228
648 654
104 212
385 318
735 8

1000 10
268 682
227 82
127 165
432 726
646 704
654 983
86 214
659 808
302 316
378 804

1000 10
373 957
525 181
340 705
208 536
965 638
707 807
582 67
54 937
350 847
150 747

1000 10
163 744
777 500
235 408
4 66
91 344
248 129
192 17
243 987
26 932
292 997

1000 10
908 137
356 818
818 646
168 124
483 537
203 105
290 439
999 949
29 766
556 69

1000 10
657 646
67 841
987 739
779 22
906 619
482 917
221 767
439 438
568 83
315 449

1000 10
770 931
372 515
16 82
830 405
229 518
941 1000
311 340
479 949
301 83
78 229

1000 10
721 108
91 686
811 762
335 240
667 349
378 320
138 935
232 169
577 742
821 640

1000 10
491 361
112 534
696 416
269 81
753 534
511 668
455 550
111 572
104 39
932 725

1000 10
407 529
182 830
94 558
260 359
834 777
786 323
75 251
5 5
203 329
743 692

1000 10
661 69
646 123
108 180
739 333
134 996
886 628
794 388
909 711
781 95
395 867

1000 10
55 334
344 473
559 940
995 819
603 59
81 79
950 585
673 741
437 26
932 954

1000 10
874 934
340 53
324 316
65 603
876 595
785 741
320 429
397 958
83 945
199 474

1000 10
162 403
831 949
670 247
143 969
102 313
606 579
396 10
454 846
27 14
768 633

1000 10
972 441
971 949
767 670
585 909
931 680
553 583
339 815
136 599
884 787
835 674

1000 10
727 197
978 349
774 415
749 41
405 15
238 96
565 225
21 640
4 385
377 603

1000 10
588 90
229 807
178 413
80 642
781 756
978 830
787 907
970 296
873 207
972 987

1000 10
880 44
374 642
420 650
68 985
619 136
389 740
813 446
999 161
71 444
22 529

1000 10
702 467
594 603
697 649
433 945
615 461
703 712
436 971
999 455
321 651
5 134

1000 10
188 293
724 30
595 218
330 363
190 953
811 749
89 363
29 950
771 851
335 948

1000 10
869 620
690 87
79 150
313 646
247 602
551 919
619 548
445 425
495 410
255 682

1000 10
276 353
467 333
545 598
342 985
376 63
152 178
251 505
439 119
562 450
588 558

1000 10
522 806
165 587
566 448
6 940
399 596
919 422
119 944
912 962
552 190
902 559

1000 10
194 669
268 714
893 165
270 686
453 376
898 928
842 859
368 140
331 268
599 536

1000 10
8 470
734 190
718 103
903 219
968 578
641 630
600 207
216 144
94 504
525 636

1000 10
51 870
723 786
511 253
918 830
403 93
183 165
581 282
221 177
439 756
819 523

1000 10
198 126
651 925
799 497
264 789
500 347
6 706
955 54
101 614
904 388
541 647

1000 10
18 234
285 665
602 595
72 247
711 280
594 281
202 51
689 995
721 499
24 271

1000 10
263 165
644 927
558 641
404 963
408 142
405 107
516 488
234 103
673 416
394 229

1000 10
861 204
421 841
253 880
633 643
330 550
814 816
939 634
687 668
782 598
241 541

1000 10
446 524
436 311
333 975
877 980
675 872
844 157
729 206
813 792
868 79
738 244

1000 10
823 248
803 375
13 15
762 744
533 520
723 755
121 411
902 456
219 849
731 315

1000 10
813 308
992 239
175 814
900 41
743 584
194 454
654 588
588 613
130 139
818 650

1000 10
524 774
571 843
391 469
366 169
69 66
123 284
78 129
100 479
532 715
338 172

1000 10
445 574
354 434
521 320
753 585
69 382
265 648
228 576
265 282
147 255
949 61

1000 10
929 243
953 402
206 638
189 139
700 417
319 427
929 416
782 968
967 516
602 993

1000 10
775 464
106 374
491 463
487 907
596 613
624 547
411 307
320 616
630 353
296 365

1000 10
215 470
899 437
907 992
120 977
141 696
744 203
349 110
840 851
981 692
692 528

1000 10
590 736
386 242
985 719
111 887
353 506
597 594
910 463
826 733
830 62
292 337

1000 10
851 836
623 531
823 346
854 58
562 863
389 345
290 918
368 123
708 158
639 230

1000 10
78 281
425 599
828 690
4 67
532 888
378 477
629 646
603 527
712 291
446 841

0