100
300 10
275 94
20 77
179 266
242 204
9 106
14 289
235 67
271 42
216 15
22 212

300 10
65 210
18 54
186 298
241 116
83 293
171 284
132 281
238 118
91 131
123 196

300 10
157 124
133 190
36 175
273 237
298 284
98 248
88 72
242 57
22 253
232 72

300 10
285 232
40 64
6 131
89 74
107 80
187 232
253 156
277 169
259 281
186 28

300 10
29 17
161 258
24 145
42 143
38 29
147 268
105 9
45 236
264 203
229 177

300 10
101 64
283 262
213 3
202 61
80 254
267 69
57 58
198 163
221 27
127 216

300 10
51 189
199 85
13 79
145 293
87 42
117 27
218 127
296 185
165 95
99 33

300 10
43 225
166 280
153 184
297 136
133 183
173 56
128 181
21 69
202 5
80 20

300 10
210 16
8 287
129 191
127 52
102 290
174 261
58 121
9 272
64 273
83 74

300 10
13 100
145 139
60 243
279 84
282 192
183 207
290 237
82 222
122 95
98 136

300 10
277 189
217 120
242 159
226 229
78 233
21 45
116 144
265 95
113 223
244 64

300 10
27 256
74 194
20 275
158 20
107 81
148 20
245 239
64 100
208 85
296 92

300 10
142 143
71 260
69 254
20 292
134 219
15 20
210 147
4 148
211 57
1 218

300 10
259 139
196 256
250 277
294 291
50 209
216 184
28 266
269 112
204 267
268 237

300 10
199 102
7 43
130 37
113 114
234 95
240 94
285 145
181 79
197 56
101 4

300 10
2 146
209 86
163 263
159 96
89 60
53 114
224 296
91 248
88 53
81 230

300 10
266 3
13 14
159 80
30 291
92 34
148 250
152 27
233 278
274 40
127 78

300 10
270 162
191 239
69 116
276 152
35 155
107 104
263 18
250 20
147 44
165 79

300 10
20 219
119 62
11 230
170 150
295 96
260 78
161 267
287 35
290 169
149 246

300 10
259 260
216 69
209 145
133 256
283 106
207 96
17 47
43 291
157 14
223 115

300 10
22 161
226 89
11 6
135 50
11 192
152 110
299 271
268 24
289 32
96 160

300 10
245 70
174 250
20 260
116 123
255 7
110 211
13 198
46 252
208 139
148 87

300 10
87 241
35 85
161 147
28 184
231 96
162 28
285 29
152 145
266 27
5 211

300 10
274 97
42 189
195 180
193 129
81 214
17 215
50 283
114 292
213 137
274 118

300 10
93 52
170 65
285 218
292 247
201 47
188 50
28 100
52 10
117 287
176 208

300 10
28 78
76 47
271 139
242 274
123 267
11 245
231 287
222 41
3 288
293 54

300 10
202 169
199 238
292 263
44 13
257 58
9 78
187 248
182 175
219 283
150 182

300 10
248 121
111 149
222 271
35 112
278 41
144 259
54 111
161 108
13 30
226 173

300 10
203 23
256 136
184 272
173 201
83 106
50 207
67 43
39 273
133 108
32 63

300 10
272 14
260 76
235 218
196 186
107 78
13 53
262 85
50 263
129 191
277 78

300 10
239 5
11 287
93 296
183 92
141 175
49 115
10 93
141 117
276 82
47 245

300 10
269 52
100 254
86 280
288 294
193 283
123 134
181 220
254 280
83 62
270 45

300 10
144 73
147 113
230 81
200 228
159 126
231 64
179 141
204 241
8 157
98 181

300 10
110 252
88 204
57 235
212 205
260 203
271 77
121 283
111 35
152 119
250 185

300 10
132 119
8 157
55 201
146 129
40 227
290 187
60 290
230 222
126 159
130 143

300 10
212 198
258 226
137 217
221 183
10 10
97 44
158 265
216 30
81 185
19 132

300 10
247 224
292 168
37 7
34 118
96 283
187 183
6 256
218 93
201 46
71 48

300 10
267 261
145 140
129 213
238 205
205 9
236 168
199 72
286 277
149 91
29 75

300 10
130 163
198 69
15 219
121 295
175 243
43 230
4 14
61 146
37 140
66 25

300 10
275 219
189 91
207 149
211 296
160 212
241 167
297 162
164 241
38 300
203 212

300 10
12 11
266 150
295 274
146 8
15 231
247 299
194 254
66 283
81 151
15 5

300 10
225 94
18 174
104 231
254 164
58 15
56 228
15 245
35 239
297 281
178 183

300 10
9 130
198 98
221 26
181 236
251 248
43 162
89 22
33 205
259 236
94 142

300 10
29 88
216 85
258 246
165 295
275 120
226 44
298 266
144 269
269 130
8 14

300 10
72 244
60 270
148 120
152 114
160 235
165 246
256 49
88 277
1 188
83 31

300 10
112 245
169 50
211 73
34 52
89 277
233 291
200 61
3 11
24 231
252 224

300 10
159 137
151 80
32 58
283 84
197 78
6 296
210 238
80 47
216 188
236 211

300 10
128 169
10 215
106 13
240 101
220 169
18 48
107 244
202 192
85 184
68 60

300 10
77 268
21 75
28 88
112 8
100 45
248 89
113 31
228 140
38 244
167 55

300 10
201 184
69 111
139 246
139 269
67 152
209 184
189 81
177 89
129 133
90 219

300 10
188 231
168 30
55 165
102 181
189 243
132 248
242 281
162 184
194 55
215 174

300 10
178 36
292 10
204 122
184 95
42 1
201 294
132 206
42 74
49 118
24 42

300 10
235 182
281 69
140 297
245 150
122 188
74 153
190 221
110 156
160 154
42 174

300 10
298 170
212 100
189 87
20 66
259 109
245 300
252 79
104 211
211 269
256 32

300 10
176 212
102 95
257 62
1 266
14 245
6 98
216 87
51 290
268 269
165 1

300 10
38 270
78 2
147 149
146 209
153 124
168 48
71 97
17 59
180 188
75 89

300 10
223 65
232 178
241 300
129 284
116 94
188 286
67 159
102 104
16 26
94 12

300 10
236 251
60 104
290 80
265 248
276 122
288 182
186 128
74 201
98 222
1 98

300 10
177 74
174 158
8 220
123 282
230 33
154 68
268 234
280 261
222 42
133 129

300 10
251 271
64 122
287 8
290 265
134 76
147 45
187 139
38 120
149 91
132 108

300 10
15 179
101 74
10 161
84 292
64 39
56 193
221 71
254 62
88 271
168 197

300 10
120 131
34 73
213 26
56 130
65 102
86 182
231 73
55 10
263 41
176 46

300 10
102 74
49 251
202 160
171 39
266 171
97 161
124 230
17 286
214 230
48 281

300 10
182 241
88 130
9 50
50 154
286 108
120 223
264 184
204 6
119 166
236 151

300 10
129 150
122 187
138 174
42 159
128 23
42 251
262 227
257 217
71 289
218 299

300 10
103 202
178 105
269 55
49 100
271 259
185 292
92 221
179 149
86 262
100 253

300 10
151 140
259 292
44 230
246 16
40 103
195 147
182 274
23 242
223 297
251 209

300 10
176 211
222 116
82 235
134 188
266 236
209 158
76 41
31 222
115 201
135 187

300 10
148 75
83 52
90 266
170 283
247 160
246 224
62 205
262 229
212 51
25 273

300 10
268 32
67 94
233 174
92 135
153 71
114 32
178 150
76 1
225 291
51 10

300 10
195 58
207 190
175 176
219 58
20 223
283 227
172 206
17 134
85 120
43 295

300 10
173 76
172 164
11 155
18 53
74 144
173 253
272 73
56 83
59 81
268 73

300 10
251 231
129 194
124 91
111 189
90 67
218 231
18 122
286 282
250 68
143 143

300 10
275 18
248 13
70 42
144 69
94 276
4 225
37 152
149 235
40 184
148 233

300 10
108 26
227 98
99 235
209 285
295 227
230 133
170 41
128 123
238 281
208 193

300 10
161 285
224 287
98 259
162 15
297 27
180 11
37 223
122 47
199 63
91 103

300 10
96 111
77 125
120 174
175 116
166 272
199 4
158 199
15 54
151 215
49 161

300 10
283 67
83 254
139 279
191 139
211 173
280 110
22 79
210 275
283 298
190 74

300 10
10 36
96 12
251 226
118 254
248 99
63 215
94 74
119 192
182 172
252 21

300 10
209 19
264 296
105 128
275 188
272 57
119 155
124 37
292 243
151 97
97 87

300 10
277 214
5 7
3 107
156 85
194 160
221 300
214 57
85 267
65 202
108 200

300 10
145 71
76 222
228 157
262 228
52 245
255 144
16 120
143 176
148 149
263 114

300 10
123 74
54 33
232 145
55 101
15 45
175 6
19 201
212 267
219 131
131 182

300 10
114 147
58 6
28 300
92 280
130 132
32 102
154 258
46 138
31 3
32 21

300 10
48 191
100 8
202 138
34 28
227 66
68 39
173 149
173 96
263 226
76 227

300 10
71 229
155 237
118 7
1 278
121 218
94 272
175 134
146 258
29 217
107 90

300 10
257 204
5 277
96 195
287 133
10 10
198 157
55 16
265 122
61 159
58 237

300 10
219 52
127 248
180 221
205 82
152 64
44 295
171 89
188 229
210 244
98 197

300 10
52 84
60 90
233 83
298 145
163 155
108 81
237 212
30 280
94 83
21 231

300 10
13 153
121 74
50 259
6 77
34 181
191 212
58 239
2 78
279 108
100 192

300 10
163 121
63 52
173 52
128 294
178 183
46 214
216 144
277 9
164 290
246 31

300 10
227 264
38 261
100 208
223 127
267 257
244 17
276 255
283 37
272 53
25 91

300 10
240 97
254 55
145 133
102 27
70 192
48 38
298 18
225 272
104 175
249 80

300 10
84 38
67 102
202 136
164 67
203 32
193 12
241 56
221 278
261 228
108 137

300 10
233 59
103 226
56 6
242 191
242 189
138 30
250 50
250 213
264 37
9 185

300 10
289 192
198 71
234 121
163 10
64 91
217 286
114 152
287 286
59 239
13 194

300 10
160 222
86 208
227 82
300 48
23 125
139 124
190 202
111 4
166 123
254 160

300 10
207 103
235 102
85 154
118 87
254 218
39 282
261 250
19 60
52 196
191 39

300 10
195 67
145 40
77 157
169 228
119 271
141 155
13 236
111 17
246 63
266 75

300 10
95 183
283 290
183 211
114 52
210 272
265 247
131 89
293 211
197 151
154 38

0