100
100 120
90 29
74 6
26 11
99 91
30 11
69 78
48 16
88 9
64 53
12 37
5 61
55 77
40 25
6 23
24 74
63 7
5 29
99 92
55 90
4 66
16 8
43 10
76 40
46 66
87 92
49 28
86 91
69 61
31 76
53 30
26 13
21 37
40 31
33 18
40 83
47 64
60 28
36 11
94 21
89 52
68 20
20 89
14 97
98 99
94 85
21 44
53 53
19 93
72 34
88 60
63 91
66 82
36 33
54 6
12 7
93 31
16 62
8 95
79 35
31 97
96 94
3 41
74 4
50 62
79 41
46 8
53 71
85 99
71 75
72 67
9 85
83 12
1 4
18 87
11 37
49 27
2 60
73 74
61 28
54 58
98 39
39 40
95 78
68 19
22 78
11 55
10 3
25 32
44 3
72 23
23 78
7 95
22 93
48 28
80 11
97 2
66 31
92 68
6 20
90 52
40 12
14 2
10 23
76 45
62 51
91 82
67 57
27 41
80 63
32 30
75 53
21 41
54 1
32 33
41 50
53 45
86 12
98 56
65 41
90 56

100 120
60 80
92 3
90 59
71 46
42 53
85 43
95 15
68 47
84 91
78 59
65 12
72 13
30 66
91 10
61 60
16 51
74 61
91 23
92 54
74 7
10 52
5 36
37 3
27 91
24 8
80 30
41 47
80 5
11 78
15 40
37 43
13 10
63 78
26 53
23 63
28 44
42 57
2 90
60 41
4 53
37 89
36 82
18 27
46 67
27 88
7 37
8 100
92 67
89 65
49 77
13 69
5 46
13 98
67 51
83 71
72 28
28 5
59 27
31 88
44 57
81 39
67 13
10 16
43 22
61 89
67 49
20 8
50 3
20 41
56 12
55 95
54 52
5 74
82 61
85 62
21 29
71 65
81 33
12 16
85 75
78 66
25 54
32 17
81 1
85 40
67 98
37 70
82 76
78 30
69 26
3 6
57 35
97 23
28 14
75 19
17 38
44 89
15 56
13 35
77 72
89 10
13 83
41 88
8 38
53 26
1 72
94 74
64 84
36 70
8 10
97 59
69 70
19 71
7 5
96 21
87 37
21 21
41 22
77 94
65 91

100 120
22 15
7 17
36 100
30 54
100 82
44 50
37 73
4 26
92 49
88 31
79 59
50 36
56 18
30 9
63 75
55 42
70 86
1 92
92 81
63 83
46 17
44 52
57 69
32 20
100 95
20 42
77 72
94 5
82 41
100 5
73 97
95 14
45 54
57 92
58 51
89 20
24 3
81 43
29 30
22 65
80 98
27 11
77 79
62 32
89 31
25 88
24 41
52 22
56 5
27 90
46 99
95 11
41 51
1 27
87 1
95 15
36 44
88 24
41 93
24 91
72 81
45 78
6 40
44 56
31 19
64 13
16 56
58 15
72 73
78 100
94 16
58 13
76 15
23 41
24 17
87 56
76 3
7 40
24 29
13 30
89 94
5 28
99 29
37 76
1 34
14 59
34 1
96 88
99 75
16 6
90 26
80 56
45 61
50 93
6 70
87 86
99 86
91 28
85 36
34 3
28 10
49 15
72 82
41 10
27 32
80 28
30 87
29 38
36 52
65 100
2 93
70 44
38 74
67 91
1 39
25 65
87 95
2 91
16 41
96 1

100 120
3 77
66 63
76 96
87 80
81 66
88 66
69 27
38 15
9 17
93 3
83 6
45 49
94 38
60 83
91 100
77 10
96 83
98 19
59 4
49 30
66 14
32 79
27 28
65 40
99 86
66 80
27 13
72 78
88 15
94 71
24 7
66 31
6 18
99 42
59 98
98 91
29 38
65 57
76 59
66 42
81 98
72 26
25 79
6 43
17 81
85 59
3 17
32 4
61 56
75 70
68 45
6 60
62 52
87 47
63 86
89 9
8 58
94 47
86 88
70 25
69 82
10 4
8 67
30 70
61 1
75 76
60 51
27 1
67 33
42 52
31 23
11 48
54 12
10 41
31 5
3 93
84 83
90 66
58 27
36 62
8 93
89 60
15 80
94 5
94 35
3 39
16 33
15 95
69 29
65 76
70 95
71 16
89 45
14 18
42 98
42 69
66 13
19 81
37 22
57 32
25 71
48 13
27 53
74 81
5 48
78 38
21 56
49 63
89 43
46 44
18 24
51 94
48 32
87 36
47 45
33 76
58 12
27 46
21 14
52 52

100 120
46 63
49 84
95 32
83 44
56 63
39 77
50 14
92 36
23 34
50 94
46 3
36 65
98 10
47 54
9 100
22 85
46 63
23 28
86 13
61 96
82 71
48 28
56 24
4 10
78 2
54 55
96 85
78 68
4 57
39 47
13 49
12 78
73 98
41 82
45 83
87 65
73 71
82 40
85 99
86 3
63 36
19 9
7 12
90 88
77 59
64 72
77 34
49 43
61 99
45 12
83 21
38 8
83 29
89 34
82 93
9 13
27 100
94 51
28 60
94 2
82 27
74 4
73 4
35 73
7 11
57 98
87 89
22 70
25 28
72 10
97 45
2 79
95 76
60 45
88 13
93 88
14 6
23 4
96 97
29 75
59 97
69 72
30 33
78 23
63 56
34 56
48 56
8 8
69 95
38 97
86 52
86 74
59 35
77 90
79 2
86 6
45 78
38 2
38 17
94 22
42 44
72 16
67 76
31 62
3 62
8 85
57 96
68 35
20 71
15 60
20 50
84 59
92 75
4 14
26 54
16 33
78 84
59 9
55 71
44 20

100 120
39 6
62 66
64 15
50 9
93 34
22 84
84 84
47 31
10 38
5 46
66 13
44 75
17 87
78 5
27 8
58 10
9 20
79 56
20 76
71 67
61 86
4 69
11 53
69 93
5 59
36 55
97 78
13 67
75 55
14 83
37 50
75 42
31 56
40 22
57 5
22 11
4 77
24 51
31 67
54 76
30 89
19 98
37 2
19 41
71 52
59 14
90 29
30 18
9 9
38 88
47 47
39 65
19 28
74 88
50 54
23 95
82 10
85 98
62 91
28 7
36 79
69 81
49 92
65 56
81 68
47 35
78 20
98 31
39 55
75 40
48 20
8 71
73 32
65 39
9 73
96 97
16 22
93 87
86 15
69 54
39 76
63 85
36 4
57 44
77 76
40 50
36 34
46 61
67 8
10 90
59 19
8 11
70 5
28 67
2 70
67 96
39 96
9 90
18 88
9 65
71 26
70 37
91 16
23 62
3 46
40 2
3 78
9 94
39 59
81 2
100 50
9 22
98 39
17 31
39 82
62 98
28 87
27 17
85 31
71 45

100 120
39 30
25 43
86 94
76 42
90 89
9 56
79 44
53 10
55 46
64 68
86 24
65 18
69 13
43 93
9 3
49 27
73 1
96 43
2 26
76 20
71 1
30 37
72 18
62 21
35 40
48 68
6 40
54 27
22 70
84 38
68 89
10 75
48 50
80 17
98 17
85 47
41 25
63 36
74 41
29 72
4 7
41 76
63 48
9 87
78 75
82 36
64 99
71 3
68 61
42 30
52 33
84 54
54 81
47 20
35 1
69 13
91 95
61 26
62 49
32 75
42 95
29 3
68 48
35 70
19 78
80 88
28 95
100 4
6 37
1 73
67 3
3 19
99 35
70 5
56 70
18 18
52 11
46 58
100 97
64 90
55 26
36 10
62 64
24 90
97 36
16 36
17 65
91 71
67 56
21 81
60 60
98 49
80 23
77 44
89 91
60 24
42 89
35 26
88 76
30 24
75 2
6 58
26 8
86 4
57 42
34 13
5 10
2 17
3 99
10 49
27 13
98 58
36 3
9 86
26 68
58 14
68 16
19 5
48 76
50 3

100 120
16 54
29 2
18 63
96 95
50 27
48 34
39 23
34 47
14 94
5 70
61 65
2 50
26 80
51 48
67 2
8 1
12 33
73 72
25 81
80 89
89 39
48 73
39 89
90 86
40 62
49 62
85 26
69 35
10 70
74 71
64 76
100 73
42 50
3 73
70 93
27 56
4 67
15 17
29 42
19 66
14 71
37 60
73 21
64 50
18 96
69 12
48 31
21 2
17 36
78 56
76 79
97 41
65 44
55 55
62 30
51 38
31 39
58 2
73 97
16 95
94 36
39 19
67 95
99 39
87 96
59 73
25 64
87 49
40 74
89 20
20 78
15 89
1 63
9 73
97 68
1 80
85 10
92 88
69 3
20 82
96 23
86 29
100 44
61 57
30 9
24 54
17 47
94 31
71 66
9 37
64 23
29 76
50 90
5 65
85 3
94 32
72 82
19 42
65 33
35 97
77 90
93 45
21 23
73 87
65 77
75 27
69 100
71 47
70 1
35 67
57 53
18 29
5 29
33 30
31 11
62 97
55 65
83 8
23 89
30 41

100 120
36 94
69 35
97 22
88 87
33 47
10 19
15 70
36 20
79 50
45 19
38 80
51 94
28 32
45 2
75 70
16 7
93 48
48 44
34 36
64 22
13 18
54 48
29 89
34 15
98 11
26 20
89 81
30 81
26 25
2 4
23 15
80 71
73 21
37 76
86 46
73 51
15 90
23 92
36 12
28 46
80 36
63 40
38 66
62 86
31 86
60 65
43 56
56 17
56 65
73 31
7 69
30 91
9 49
51 60
59 37
19 66
76 31
78 15
77 32
31 18
37 40
92 44
26 28
55 27
7 31
30 86
58 69
81 25
95 28
10 56
9 28
11 32
3 67
62 25
1 63
44 55
37 76
52 16
4 67
20 15
64 51
34 20
67 53
29 57
83 42
65 81
57 24
56 33
42 80
93 24
72 67
17 6
61 37
92 77
32 1
24 5
61 44
32 3
2 20
78 98
33 5
93 50
9 10
61 14
6 9
76 60
46 83
53 43
48 50
47 90
46 61
41 93
57 94
20 41
76 100
21 20
73 42
8 46
76 31
81 39

100 120
30 42
11 30
13 60
55 14
58 21
10 64
34 4
3 30
72 44
54 78
53 77
90 19
61 41
23 13
95 49
50 17
96 14
28 92
90 94
56 67
41 8
18 67
66 72
38 73
21 43
59 52
17 31
44 18
19 84
27 31
42 52
55 52
72 31
50 99
1 71
57 49
58 55
6 36
9 28
9 37
68 46
15 80
83 79
89 56
21 22
82 83
26 9
83 80
76 70
100 58
57 89
12 4
32 27
22 27
92 45
45 73
21 25
14 48
87 78
70 63
41 24
53 79
99 27
15 81
81 76
45 33
69 42
41 13
17 57
95 35
72 55
3 24
31 30
41 34
24 67
18 8
39 92
37 14
9 40
99 80
40 65
30 49
78 17
56 11
56 2
50 54
6 44
7 56
37 14
18 4
7 61
79 28
61 17
89 9
57 49
33 68
93 53
65 16
74 10
56 57
82 12
95 41
89 32
69 56
95 18
96 82
37 10
74 70
9 12
12 100
54 9
61 76
48 41
54 59
73 16
14 7
30 27
16 12
31 79
38 90

100 120
8 34
49 2
52 62
90 45
40 96
36 29
15 89
36 88
40 87
35 77
21 96
39 68
59 76
73 8
71 9
14 44
20 81
15 86
7 71
69 38
44 50
20 44
30 43
83 100
68 93
30 88
18 51
80 10
14 21
13 71
38 55
25 22
28 71
13 73
53 93
85 91
70 62
68 97
60 88
76 52
30 75
2 74
38 91
11 44
87 30
2 57
35 29
70 15
82 46
7 88
72 67
19 94
52 65
23 78
93 14
76 1
17 3
44 70
35 57
45 66
12 12
65 85
31 13
77 66
81 68
43 30
90 16
56 34
97 85
24 34
38 83
22 14
86 65
89 41
14 51
10 65
79 41
19 69
37 98
9 4
78 69
10 9
36 61
50 29
47 99
81 80
46 81
18 69
23 55
8 69
92 97
94 41
90 88
90 51
73 28
65 99
11 24
49 75
12 50
54 70
100 22
92 55
96 11
24 21
7 8
35 56
40 87
70 55
43 76
62 66
97 57
81 64
22 89
64 94
86 94
96 56
73 99
32 88
54 81
62 8

100 120
86 35
31 40
33 68
25 95
97 33
29 53
69 55
59 89
52 90
25 75
21 55
49 9
16 57
54 31
48 100
54 14
23 25
87 58
37 86
89 40
55 44
52 86
74 22
83 60
29 93
85 48
64 100
89 3
59 8
60 56
39 4
74 45
2 33
18 67
43 81
39 21
43 55
11 58
89 41
58 4
26 49
97 28
60 90
66 48
88 96
23 41
3 38
95 20
71 75
20 69
90 56
37 39
73 42
85 78
55 46
63 96
59 29
27 41
17 62
26 48
79 97
54 7
97 66
50 63
22 16
71 37
82 5
66 94
13 3
22 59
66 11
23 92
21 41
69 77
39 27
13 50
89 83
100 30
36 33
47 21
81 15
33 72
88 47
19 33
33 3
35 64
37 78
24 50
92 37
54 27
96 10
71 72
21 15
34 11
22 86
68 74
48 52
35 71
52 35
66 22
44 14
77 31
91 50
20 30
54 49
81 2
46 66
74 39
32 77
59 73
2 89
24 52
71 92
34 65
73 2
49 99
37 79
10 89
15 51
72 1

100 120
40 44
70 76
18 75
94 69
74 72
71 33
32 31
6 34
69 10
22 25
84 27
3 74
18 65
33 5
9 22
39 2
31 82
82 49
69 38
92 30
66 98
73 91
55 21
74 80
19 26
10 69
6 97
13 62
64 92
61 94
6 80
91 5
42 41
50 45
89 16
78 36
11 53
77 65
99 54
40 19
28 41
41 88
67 71
88 5
17 96
50 14
69 8
49 56
28 76
30 57
27 99
23 100
73 23
4 33
72 95
12 9
45 68
21 58
14 83
98 6
98 68
34 24
41 11
90 31
74 93
89 45
13 23
72 93
86 85
33 26
99 79
19 15
54 48
75 6
88 76
80 63
66 44
4 57
100 89
5 57
91 83
14 57
35 70
68 6
50 35
66 60
18 44
2 9
25 17
35 54
13 47
34 42
58 53
52 14
48 47
12 72
1 84
58 92
66 66
43 42
77 32
55 85
59 73
14 69
39 70
34 47
65 84
73 57
89 31
70 92
11 57
18 16
28 13
99 43
92 97
84 24
27 10
25 90
31 56
50 32

100 120
9 94
40 43
71 60
81 35
91 74
31 79
87 68
20 98
97 96
1 5
94 56
85 50
8 86
72 69
86 16
3 92
60 58
21 26
18 6
26 20
6 77
47 66
5 16
4 10
70 72
64 97
82 88
69 14
13 44
69 99
97 37
57 100
86 36
70 20
66 59
9 96
18 65
34 75
44 86
60 52
48 61
11 2
86 94
17 58
23 75
59 5
86 25
9 74
83 85
2 19
33 63
5 50
1 91
85 12
2 65
15 82
64 28
48 40
41 53
78 7
10 18
32 4
51 96
15 92
18 12
14 43
95 71
99 100
20 91
61 57
52 66
53 44
32 97
90 6
87 71
49 90
81 67
84 76
76 42
100 29
43 61
23 56
65 41
8 59
93 24
41 38
65 22
83 38
38 52
62 84
57 35
35 75
84 39
54 37
93 20
62 34
29 13
35 23
6 77
14 61
88 23
80 79
65 27
51 2
6 42
90 42
47 44
60 6
45 50
20 46
39 27
38 39
42 7
20 88
74 63
37 11
25 90
42 38
78 86
47 60

100 120
13 4
72 41
51 48
97 19
90 76
74 7
27 80
7 30
81 37
79 81
33 83
3 51
67 51
2 35
32 35
22 96
40 44
28 15
67 15
32 26
20 42
70 32
2 40
56 22
10 88
11 82
38 36
99 21
90 55
9 49
72 79
81 70
19 50
70 76
28 2
1 83
57 90
82 1
19 86
35 81
26 29
100 6
85 32
63 54
67 33
83 42
30 59
35 21
27 19
78 58
32 46
19 93
7 52
87 99
65 68
63 44
23 12
68 10
95 30
68 56
100 23
71 49
33 91
25 53
100 81
83 13
55 77
5 57
21 56
86 43
57 89
20 18
50 84
60 41
82 83
14 55
97 84
49 3
86 92
7 63
65 99
33 89
37 26
70 80
61 42
89 51
45 50
94 40
87 52
20 74
3 63
6 82
9 54
90 31
74 25
5 63
27 4
69 62
26 34
16 92
95 89
72 74
59 68
76 75
18 96
15 66
72 64
46 28
43 41
93 97
57 13
59 60
82 41
12 31
12 75
82 72
79 43
36 29
100 20
67 87

100 120
3 48
45 9
47 17
77 1
4 87
59 22
20 20
23 1
69 28
17 2
98 8
89 49
32 74
15 78
85 95
2 28
50 52
51 72
42 68
61 46
46 39
66 91
65 70
85 97
14 19
87 57
52 92
52 63
97 93
13 87
2 76
48 54
34 43
92 3
57 88
8 85
36 22
98 92
81 85
25 83
55 52
35 26
65 31
4 12
62 64
41 85
72 51
97 74
8 11
54 29
15 21
42 63
69 22
65 60
23 47
4 42
41 85
86 26
32 73
95 100
6 68
71 100
40 97
77 25
29 63
40 18
37 61
36 93
41 16
91 79
39 89
79 90
76 51
9 98
76 70
93 47
74 69
84 78
36 12
41 78
89 57
15 17
55 74
40 24
36 7
32 29
22 68
54 90
44 71
96 6
8 46
10 99
76 83
92 28
53 1
69 42
99 64
54 84
69 72
58 53
9 90
26 68
85 51
3 56
11 41
72 52
44 87
90 86
19 23
90 63
40 92
59 29
44 76
27 94
35 61
38 49
36 14
7 39
79 28
85 19

100 120
53 9
40 35
31 6
66 31
54 43
19 96
54 39
42 30
99 89
92 97
97 82
40 38
10 64
46 57
26 63
46 25
34 7
19 64
54 27
19 24
1 49
73 29
89 15
77 48
96 3
40 61
93 3
73 2
5 54
44 89
55 4
81 41
19 61
40 72
48 10
64 17
59 43
50 1
47 29
41 81
15 42
45 17
62 2
98 82
87 54
18 45
11 59
77 97
98 12
75 66
97 72
25 15
15 75
42 4
60 88
73 1
10 52
82 29
32 44
55 36
50 81
2 29
22 63
37 5
67 23
4 60
82 100
35 48
100 81
50 7
3 77
1 18
92 23
51 29
74 73
86 83
1 67
50 70
52 99
100 32
24 25
2 62
51 24
83 2
59 76
48 79
39 22
10 23
8 29
9 24
79 99
82 91
84 15
22 3
84 69
55 50
60 75
94 4
55 73
13 13
55 60
99 8
32 39
84 59
75 49
28 77
78 47
61 13
78 27
17 23
51 23
81 100
77 18
94 25
43 34
30 67
24 65
93 92
20 24
43 71

100 120
85 68
66 7
96 44
91 73
65 49
31 12
41 25
42 72
76 81
64 87
97 44
32 58
15 21
22 55
92 68
97 58
77 37
67 13
14 29
37 78
4 57
71 10
97 6
21 36
93 3
64 49
90 32
57 92
96 6
89 66
43 22
27 55
24 27
58 32
66 63
36 70
68 38
39 67
56 67
28 13
57 37
7 50
86 61
7 5
95 85
61 78
87 74
26 82
89 6
31 29
59 11
32 71
39 99
69 66
83 74
82 59
92 21
4 82
16 54
81 26
8 75
43 95
93 30
19 28
53 26
46 28
46 100
60 71
85 64
12 5
44 51
36 64
99 25
36 57
69 62
52 20
45 54
89 3
97 71
25 25
4 69
46 67
96 66
79 80
13 32
94 84
54 56
33 7
73 6
56 86
97 19
53 4
82 92
81 17
11 19
18 98
28 82
84 12
80 22
41 38
70 43
84 5
54 25
97 100
6 84
95 45
76 99
8 17
38 81
93 82
65 22
21 80
41 27
34 26
71 96
10 84
13 62
12 4
35 9
34 61

100 120
26 91
93 31
99 70
45 92
3 71
86 69
83 47
31 100
90 45
96 10
47 40
66 29
79 61
13 34
60 50
89 29
5 6
81 13
51 53
11 94
69 78
87 3
5 17
7 42
25 42
3 92
97 1
39 34
93 22
13 58
47 91
92 93
86 39
40 23
97 86
32 28
75 42
40 73
68 24
99 13
59 36
88 45
85 1
19 66
5 74
61 54
19 26
61 85
77 98
25 20
40 96
12 93
49 97
78 40
36 46
77 6
51 11
41 38
36 8
95 96
61 93
48 79
7 47
87 67
57 19
25 70
53 40
7 87
99 50
15 61
23 94
29 48
20 9
66 22
92 19
76 60
31 2
40 64
79 29
82 77
61 32
73 29
44 9
72 93
88 88
99 79
21 61
92 37
97 31
52 44
92 10
11 78
73 16
90 85
56 31
80 41
53 80
26 56
61 7
96 11
89 40
94 55
73 98
10 11
98 46
80 18
29 85
82 51
16 95
72 14
22 97
37 49
24 20
31 69
21 41
78 65
3 80
34 31
41 27
61 86

100 120
6 83
6 25
65 66
4 30
98 56
93 77
88 48
85 67
9 38
2 33
70 66
85 93
88 79
1 5
76 100
82 76
34 54
28 55
64 76
34 87
9 84
100 86
56 84
84 8
100 31
53 87
83 91
14 85
56 91
52 96
23 86
78 49
38 66
40 1
75 6
87 67
11 10
47 75
70 95
71 74
9 87
85 89
44 94
39 42
26 97
80 26
89 54
28 71
54 89
24 25
20 43
71 56
62 47
18 47
43 46
60 84
38 96
45 42
63 72
26 37
13 44
37 8
69 16
54 9
90 23
19 5
73 25
7 8
4 100
6 61
73 93
11 29
52 44
29 47
55 71
14 63
76 25
13 25
38 16
45 3
81 57
53 3
70 59
75 65
79 93
55 25
71 27
72 62
54 45
65 30
28 14
52 61
6 91
24 7
80 3
52 91
69 87
35 77
42 88
29 20
82 75
37 31
42 17
58 84
44 6
15 75
53 75
60 58
22 36
35 84
3 27
53 8
36 67
56 99
43 10
43 45
8 67
87 9
95 37
98 58

100 120
41 60
42 56
29 67
89 50
94 22
29 74
56 2
62 4
99 23
37 53
67 24
64 71
18 30
68 33
76 65
58 15
79 49
5 75
94 45
52 72
35 46
88 32
13 10
92 24
39 27
63 18
94 24
52 20
47 23
25 48
22 32
26 30
53 48
4 59
64 89
88 100
1 48
100 23
18 86
96 17
80 73
95 39
96 58
22 20
84 4
39 89
37 71
68 66
26 57
66 87
4 27
63 4
51 2
73 76
13 18
32 70
50 82
26 53
30 89
19 34
82 20
6 42
72 100
73 2
36 91
59 62
54 46
58 19
79 1
83 51
79 85
85 60
98 8
32 22
47 94
26 86
96 32
18 43
34 91
74 28
64 84
42 16
90 78
38 64
21 79
33 22
80 56
82 68
84 13
79 25
80 56
47 10
41 52
63 42
21 19
57 49
1 41
76 89
44 42
88 62
57 19
13 10
34 53
98 39
15 84
96 84
77 57
29 12
15 78
90 13
43 27
80 72
50 9
75 57
49 2
47 74
56 1
89 84
22 69
56 37

100 120
93 12
30 23
83 1
99 88
69 60
30 24
83 67
5 46
26 38
61 16
9 6
83 47
46 11
73 97
93 30
73 60
73 81
50 63
41 17
19 66
7 6
39 88
69 86
99 19
22 81
25 24
20 3
47 25
47 15
85 8
63 18
47 83
49 28
24 99
21 61
87 75
7 85
74 24
46 44
75 53
41 95
29 88
6 27
58 100
82 83
15 38
18 82
67 11
44 45
4 11
39 58
72 85
58 41
19 19
68 96
74 21
55 17
43 19
51 47
37 98
58 7
75 41
96 54
95 5
20 2
80 68
74 89
29 19
42 13
30 80
19 85
38 83
84 49
77 25
17 53
13 40
64 12
72 51
64 68
97 46
66 30
60 97
26 25
3 87
11 66
10 53
27 56
90 82
82 27
13 52
8 12
88 63
96 43
73 84
1 76
96 80
2 47
69 23
38 41
59 31
84 90
43 41
97 37
41 22
18 45
44 47
75 78
23 15
55 93
26 78
74 92
7 34
86 12
17 5
31 26
53 38
8 73
3 15
34 56
33 46

100 120
12 59
36 27
90 4
64 80
4 52
47 46
94 18
90 17
37 17
49 50
66 99
45 71
2 21
98 87
27 94
84 72
85 65
26 72
37 16
49 51
84 98
52 37
29 83
66 94
96 46
96 100
67 84
93 76
61 24
4 63
98 12
38 42
78 50
43 98
79 31
40 88
55 69
6 82
24 88
85 78
37 63
1 69
36 34
95 85
48 63
96 66
4 60
86 9
28 91
11 45
67 9
12 100
80 81
56 54
56 60
38 47
6 46
59 69
53 26
6 42
60 53
32 4
29 49
39 49
28 50
51 54
55 68
83 27
98 60
40 88
87 6
24 70
69 97
47 25
43 49
92 57
94 85
34 32
25 49
57 84
28 24
67 47
26 72
32 66
29 2
20 30
18 85
68 100
14 71
47 3
74 10
87 70
53 56
42 47
78 44
48 67
91 78
14 41
77 98
4 43
15 1
99 6
16 1
6 3
51 32
82 63
72 79
88 41
13 5
83 40
47 98
79 18
22 83
37 78
94 62
65 55
2 98
54 99
91 73
85 1

100 120
44 16
23 32
99 46
87 85
31 69
5 4
14 14
80 7
95 85
10 78
79 89
98 5
2 28
33 70
43 13
2 70
66 3
5 95
80 21
55 16
76 9
91 59
20 2
2 17
21 96
98 9
69 40
71 5
56 90
100 66
45 27
75 70
69 11
71 70
3 2
30 54
60 34
7 90
14 31
23 77
74 84
81 86
93 87
98 39
38 16
44 88
77 8
86 39
28 31
61 43
88 91
41 50
20 24
44 12
76 25
1 36
98 8
18 97
8 97
69 32
79 78
87 7
75 100
100 21
57 94
89 45
13 20
67 100
13 74
19 44
69 15
45 74
54 22
87 85
94 16
5 30
44 11
15 87
19 46
40 64
90 95
96 31
100 79
29 22
39 20
4 19
82 12
57 65
24 97
83 3
70 28
69 75
95 92
2 85
1 87
53 16
50 90
11 1
14 90
19 58
6 48
54 58
98 17
38 79
29 52
88 56
2 31
84 38
15 42
42 20
19 27
57 36
4 10
67 3
17 77
35 22
77 73
23 23
41 66
8 56

100 120
48 18
55 72
4 31
55 23
30 45
18 78
54 36
78 15
4 19
82 78
12 79
34 23
69 46
3 11
63 60
34 31
6 8
37 28
71 37
6 44
71 48
71 10
88 62
91 43
22 92
1 72
35 74
37 32
35 33
10 68
46 58
5 90
67 87
66 61
24 87
20 9
80 70
58 66
57 81
43 44
55 39
19 92
36 88
12 20
75 75
99 36
51 15
31 20
31 3
46 90
24 34
1 87
48 51
2 5
9 2
44 21
39 11
73 6
65 57
76 62
17 33
16 35
61 85
46 24
74 73
16 71
97 3
20 11
67 62
42 30
95 87
51 33
54 29
30 92
60 4
82 96
31 55
93 80
42 24
91 89
98 32
49 31
19 58
97 6
32 2
1 66
49 1
66 59
45 61
48 65
98 21
60 44
26 70
74 29
45 79
97 43
50 15
71 26
43 58
6 65
19 61
75 51
79 39
38 46
84 61
83 23
26 14
97 71
95 38
19 76
32 80
24 85
6 81
86 38
97 29
97 42
95 59
94 53
56 79
66 100

100 120
22 72
72 48
96 54
79 60
73 22
57 95
75 93
59 39
78 25
54 66
25 4
94 14
82 6
21 92
37 76
14 12
23 7
11 60
43 94
55 89
78 53
38 9
21 35
40 31
62 47
94 4
78 14
75 7
88 91
98 14
45 18
81 22
6 29
54 64
55 21
79 59
97 67
22 52
41 18
73 34
80 72
8 94
31 81
75 34
64 31
93 56
13 8
96 9
60 22
76 89
64 44
62 48
29 10
81 85
96 79
27 14
37 46
67 50
60 68
76 17
67 14
99 98
98 23
72 96
75 14
82 2
17 87
31 90
18 50
59 9
73 73
60 2
90 6
69 29
7 46
58 3
27 38
72 99
36 91
93 7
47 30
80 81
58 50
9 1
15 100
44 97
52 23
19 25
93 80
24 81
9 16
53 60
48 56
35 93
76 42
9 86
76 76
37 13
36 30
22 16
73 39
27 85
51 59
92 56
29 70
84 85
29 20
13 63
64 76
64 59
86 63
48 8
85 20
6 84
41 6
41 15
81 90
56 87
50 60
91 42

100 120
62 15
89 39
78 2
11 79
51 41
55 38
55 1
24 86
90 88
85 41
61 45
35 72
56 94
17 37
58 39
75 89
2 95
20 54
12 19
42 24
30 76
98 97
15 62
48 77
15 35
19 2
77 97
3 55
47 83
2 77
51 60
1 76
75 66
83 16
46 6
31 31
47 86
59 20
65 70
3 11
87 45
44 41
96 26
94 71
56 15
48 40
66 44
39 78
7 87
64 3
30 66
23 47
95 40
97 35
44 47
37 11
100 62
47 19
40 96
29 72
8 67
92 77
51 36
34 46
57 74
34 35
86 28
95 15
25 86
55 16
21 83
34 38
4 66
11 27
70 76
45 57
80 80
4 19
2 80
81 87
49 85
67 28
41 9
14 3
82 56
83 15
84 84
75 39
8 92
29 74
46 4
81 37
96 50
67 15
41 97
90 36
32 96
36 54
15 36
57 74
17 20
72 92
45 78
68 85
51 62
98 34
99 65
23 66
90 57
49 13
6 90
67 3
70 35
31 53
79 80
100 76
37 93
29 97
96 79
66 70

100 120
93 55
82 51
19 87
53 21
68 59
71 29
42 100
72 28
93 57
69 6
100 5
37 30
52 78
10 54
10 80
19 41
77 30
43 69
94 23
20 15
19 37
58 27
35 52
15 11
94 88
58 71
12 34
54 29
14 60
71 46
37 42
52 42
10 90
38 99
24 83
17 66
52 43
66 1
91 22
87 94
32 85
96 29
30 91
45 20
47 76
32 29
81 9
82 33
34 55
19 51
62 91
20 45
76 38
72 17
31 38
22 67
56 77
88 35
54 6
2 51
31 74
39 44
1 7
99 18
37 10
17 34
47 22
2 4
10 59
39 39
64 6
81 10
34 56
5 79
59 67
49 14
48 68
68 88
1 49
1 51
78 63
74 67
18 11
89 75
19 36
94 85
49 93
68 7
35 51
64 90
36 18
65 44
19 5
99 10
79 82
66 60
2 47
28 48
51 22
84 34
67 48
61 82
2 54
42 96
84 59
42 36
4 18
47 77
40 43
92 35
54 98
3 32
91 91
75 93
30 90
99 60
66 1
99 76
20 77
87 60

100 120
34 88
62 63
59 21
60 92
100 90
80 35
90 66
31 16
69 97
78 35
75 53
13 59
86 34
12 24
49 33
40 95
12 8
80 26
45 95
32 17
56 59
22 86
23 90
15 49
8 44
58 97
63 36
92 2
47 68
42 43
37 31
60 88
23 99
8 21
89 89
1 45
73 22
37 87
78 70
52 35
17 24
27 30
79 48
22 66
36 49
37 52
100 57
73 17
25 89
33 33
72 28
41 23
21 65
6 88
66 79
12 74
17 76
38 61
9 14
7 30
85 43
50 30
71 97
21 88
29 1
62 24
71 75
43 34
63 50
41 2
27 31
81 66
47 27
7 43
23 76
50 18
71 20
39 2
57 77
20 96
6 40
77 56
41 70
80 62
2 7
77 45
69 86
65 97
1 4
46 87
2 8
29 34
6 29
13 59
53 66
2 74
47 46
3 40
21 76
5 71
35 41
50 29
63 51
41 16
46 26
23 22
90 76
30 51
99 96
6 83
21 1
74 47
1 67
47 1
39 36
41 29
21 77
77 87
36 69
84 59

100 120
35 57
37 11
51 69
75 1
8 39
96 36
28 30
61 9
38 5
96 7
11 25
38 48
34 36
84 59
12 71
79 83
49 63
89 88
46 87
42 59
61 93
17 36
55 96
61 28
50 37
35 47
39 22
66 65
100 16
100 39
94 59
2 11
61 94
28 74
26 2
44 54
16 49
95 29
63 22
98 82
80 82
95 97
75 63
46 62
97 88
19 1
21 51
82 95
51 97
98 29
69 65
90 35
98 15
68 36
100 71
66 48
3 84
39 41
67 44
84 47
69 73
54 78
91 13
65 49
89 38
56 93
3 80
82 92
3 93
43 69
52 7
69 97
26 11
95 58
84 57
37 21
11 47
16 5
50 72
85 37
31 42
3 20
31 14
14 66
3 38
34 44
99 89
69 32
65 28
44 76
32 15
84 80
51 93
98 88
64 98
46 37
94 55
47 13
72 73
29 48
42 65
37 10
51 54
24 19
42 24
87 2
55 48
15 77
70 42
80 89
100 12
61 84
14 36
8 44
61 60
9 40
83 30
4 60
45 27
4 25

100 120
99 32
34 6
11 1
91 27
62 4
60 96
44 50
35 20
21 94
67 23
15 80
21 29
1 49
80 70
78 71
39 72
78 89
43 26
86 32
15 35
68 20
64 50
84 13
46 32
54 3
37 68
53 15
34 72
91 56
65 83
22 17
7 11
22 73
76 52
13 22
71 93
95 71
25 9
70 95
4 52
18 60
71 98
81 87
92 32
72 90
91 69
51 56
14 41
40 63
68 14
9 7
23 60
2 63
59 84
40 24
20 94
82 51
92 42
80 99
35 99
43 4
26 89
37 9
16 48
69 35
5 86
99 3
63 44
69 25
3 68
96 95
2 2
99 10
17 41
94 6
34 24
57 74
72 42
14 84
89 3
60 87
45 37
23 43
29 27
26 77
100 39
39 78
69 83
3 6
47 83
26 82
47 44
42 14
84 40
69 47
68 41
61 31
100 65
80 62
80 34
73 3
89 4
33 68
83 53
13 29
55 80
78 96
74 71
39 22
79 85
80 53
20 58
12 50
89 42
34 4
68 84
26 98
44 1
49 20
67 24

100 120
39 71
92 85
51 54
8 57
19 31
73 99
49 44
23 67
32 55
70 73
32 38
76 53
45 49
61 45
88 4
76 21
15 95
78 42
53 79
46 12
44 39
95 57
10 1
6 81
89 45
75 89
79 55
19 63
12 69
69 45
25 89
90 8
21 40
65 25
90 91
28 85
53 7
92 73
41 11
62 75
15 58
93 13
11 27
39 99
53 53
24 73
26 80
49 21
63 36
75 67
49 38
39 5
19 3
24 42
82 3
52 13
61 41
98 82
52 18
93 21
68 48
29 16
25 83
43 33
66 29
46 45
48 46
43 81
66 66
70 12
16 12
34 66
78 89
52 24
28 43
65 11
20 51
74 59
79 79
90 26
82 31
7 46
94 73
98 7
26 7
13 49
37 88
63 7
50 44
2 31
24 75
74 50
49 5
29 67
71 22
47 79
18 35
87 1
6 42
11 87
8 23
32 31
93 23
40 8
23 75
66 42
61 34
31 67
70 80
42 78
31 96
7 59
74 21
70 76
85 70
96 8
48 53
66 77
7 51
13 38

100 120
28 35
98 43
86 96
80 35
28 11
38 38
55 48
39 99
22 48
78 65
100 38
58 76
93 88
80 33
80 4
43 95
60 50
43 24
7 99
85 86
74 100
33 33
86 79
60 18
67 24
66 98
67 51
45 68
39 51
91 96
19 64
46 75
14 1
89 86
73 87
92 9
78 36
81 40
79 33
71 25
55 62
11 100
56 64
29 79
99 93
57 100
48 31
3 52
75 1
26 92
28 35
40 35
61 99
28 9
75 90
18 57
65 69
20 63
82 5
32 23
1 66
97 17
43 75
87 82
47 62
1 70
59 28
7 5
84 27
92 20
35 92
30 43
66 3
37 80
28 97
98 36
97 5
54 32
57 9
15 49
31 29
37 15
39 13
85 46
94 83
68 1
57 20
82 36
63 70
95 62
99 63
81 39
3 89
35 24
46 7
79 51
9 31
26 81
94 73
57 67
50 62
40 6
18 8
45 5
11 42
85 74
33 47
28 30
10 54
74 19
32 90
18 91
18 65
18 73
32 92
92 94
76 39
48 44
1 77
13 38

100 120
27 62
4 15
42 98
95 77
98 23
42 67
58 38
44 70
4 95
91 15
6 32
49 60
47 58
5 14
65 54
76 26
72 47
4 79
88 33
32 32
33 10
27 36
28 37
34 12
23 41
61 43
30 70
4 91
93 49
1 85
19 30
65 16
13 35
48 51
55 69
81 86
69 23
4 66
100 84
19 95
62 52
81 32
35 20
91 5
49 92
28 61
4 38
59 85
40 63
15 2
63 66
100 3
50 6
35 1
19 80
91 2
68 10
23 35
6 58
29 36
68 64
41 100
91 51
90 55
41 42
24 47
28 39
75 82
6 42
95 82
87 44
35 62
81 3
87 26
2 72
10 95
24 79
33 99
24 15
18 60
61 40
83 92
91 96
61 10
41 9
100 23
41 95
93 53
97 60
77 90
56 88
31 90
78 76
77 84
20 57
9 77
90 88
63 59
10 78
96 79
67 83
73 88
29 74
10 59
64 7
48 87
79 51
5 84
83 2
49 82
21 83
74 82
28 44
65 24
84 76
32 44
24 99
71 54
97 92
70 96

100 120
34 20
90 15
79 8
6 16
49 67
70 36
31 15
90 21
78 22
89 56
70 84
97 76
43 63
58 78
85 17
96 9
47 78
21 96
95 51
47 87
50 55
23 5
89 38
7 49
4 15
31 4
3 14
56 2
94 53
97 74
20 39
52 54
100 55
22 99
44 12
58 98
63 20
26 97
92 7
74 17
62 93
33 4
53 7
14 43
54 8
64 68
42 17
33 38
5 53
73 14
68 69
22 37
38 16
44 85
25 100
77 77
80 20
15 2
59 92
42 32
51 86
7 62
54 87
40 62
95 51
95 24
39 50
23 62
83 30
100 63
54 15
17 28
65 57
98 32
97 63
57 91
84 83
40 18
56 4
25 4
38 51
87 82
47 100
12 8
84 39
18 81
18 1
78 85
21 72
78 88
94 96
55 65
49 76
39 39
30 24
80 6
40 88
34 59
77 93
91 89
71 54
59 30
33 31
83 72
4 92
5 51
81 15
83 65
36 63
78 14
61 79
73 51
93 81
77 82
85 67
71 28
76 81
9 73
32 98
47 64

100 120
50 71
92 2
80 23
5 46
36 99
69 52
60 69
95 87
53 3
2 86
21 6
53 91
47 85
55 12
76 77
19 12
67 66
22 8
1 83
70 93
17 19
1 34
32 40
4 98
14 78
100 77
48 98
86 32
3 46
80 47
42 18
11 50
37 67
92 60
70 93
78 20
74 77
88 3
50 51
39 16
85 11
13 54
81 61
34 50
67 91
95 74
15 66
16 64
53 4
39 80
39 2
45 80
45 28
36 28
72 6
62 90
21 92
94 88
60 33
66 15
87 28
44 80
84 87
87 40
11 15
8 34
60 79
74 75
58 25
16 83
83 24
80 85
29 66
49 8
38 53
22 19
80 66
3 75
40 80
7 44
88 99
52 25
96 28
27 83
78 63
94 97
40 95
45 2
2 48
14 90
39 52
88 68
97 24
86 60
62 54
59 96
84 89
39 37
42 32
21 63
85 51
22 79
84 14
35 90
4 100
48 96
8 76
23 15
22 95
84 60
10 47
94 6
84 54
40 73
32 50
36 61
46 6
77 87
7 69
36 60

100 120
88 40
30 68
57 29
8 82
49 98
92 7
2 14
7 33
61 91
74 47
60 39
27 27
96 63
66 94
64 56
72 86
1 8
27 98
28 84
60 93
94 65
79 4
94 76
22 14
86 33
4 76
65 18
5 77
58 82
40 42
16 47
83 74
46 52
47 57
93 1
46 81
6 84
50 26
82 85
66 30
61 23
31 57
35 26
55 72
92 37
53 28
59 59
82 23
81 18
40 14
73 9
92 5
48 73
26 70
46 64
74 7
18 41
42 79
40 64
33 44
28 15
18 40
76 8
80 18
18 27
29 1
49 93
48 15
50 100
25 45
28 63
24 4
93 65
35 92
8 53
98 91
26 30
44 59
16 27
37 3
63 34
2 28
64 10
47 8
47 52
14 41
75 54
19 43
33 87
54 22
71 17
48 43
50 61
68 99
16 43
28 5
21 80
49 40
8 96
56 2
31 38
61 74
15 85
5 3
15 69
16 8
92 42
90 67
58 46
30 76
57 22
59 14
95 53
54 99
57 73
94 51
60 29
3 51
70 71
74 87

100 120
27 51
63 3
44 19
64 95
54 67
14 19
7 60
63 83
67 32
65 13
99 65
30 89
44 50
12 29
29 19
94 80
51 28
16 62
69 34
46 58
79 64
4 47
31 7
80 69
17 61
61 30
2 40
78 48
88 83
40 59
88 98
70 23
67 62
33 16
2 91
71 22
30 54
64 17
51 94
83 62
20 32
99 47
46 53
98 92
77 24
1 28
78 5
25 37
1 3
44 20
18 85
70 98
85 76
76 100
76 100
6 99
91 43
17 85
88 55
46 29
22 50
11 34
18 8
90 14
10 95
51 94
74 66
5 89
82 2
33 33
48 31
51 59
90 83
59 98
89 9
65 58
38 36
52 68
49 85
93 79
76 80
21 64
72 36
44 74
18 7
61 48
79 32
71 48
13 29
38 32
8 46
35 85
28 58
31 21
62 76
9 76
43 17
47 82
99 95
16 61
81 5
88 20
93 60
32 8
54 38
98 4
50 23
34 86
17 22
93 53
79 91
51 81
3 33
95 67
96 42
84 74
66 14
7 87
42 50
57 88

100 120
14 39
26 41
58 12
89 71
16 9
46 53
97 100
69 41
48 36
64 75
91 70
86 62
2 8
4 89
5 68
67 61
89 7
79 45
84 99
59 23
91 42
94 22
47 85
96 85
69 19
98 71
33 96
62 13
13 70
30 60
86 13
56 21
68 21
20 74
51 87
58 89
40 27
29 52
55 5
60 65
18 27
30 77
53 5
34 75
82 14
94 80
49 44
34 14
74 40
4 65
75 41
89 64
52 53
89 74
69 77
24 55
55 55
57 81
42 41
93 19
20 88
43 69
77 57
10 83
1 79
11 53
22 29
56 48
94 72
49 13
50 64
61 83
9 36
97 1
67 63
49 32
55 56
87 80
73 13
14 35
54 56
76 85
27 78
75 62
7 69
15 37
3 92
40 100
78 99
12 48
41 61
7 47
55 42
25 74
12 68
67 37
40 27
63 65
60 44
22 49
76 70
82 36
41 93
7 18
73 39
31 42
51 32
22 10
89 2
18 43
35 88
15 67
92 91
87 88
50 21
65 32
16 94
83 38
6 81
1 81

100 120
77 24
61 41
76 65
18 20
49 80
13 62
58 13
22 42
41 10
91 97
93 6
36 97
50 5
32 25
97 66
82 24
74 100
90 29
32 57
43 5
91 7
16 33
73 29
24 57
25 88
99 16
71 46
52 84
13 90
86 32
3 87
39 2
5 46
91 49
72 94
2 51
96 1
72 37
50 77
80 94
18 12
69 74
84 47
83 20
50 66
27 21
60 4
83 7
68 95
29 27
78 18
41 9
74 13
7 88
75 13
87 19
2 62
77 26
26 8
1 91
93 24
49 95
20 25
79 55
72 18
37 35
27 72
41 47
39 19
54 95
30 90
98 98
18 72
99 17
40 19
60 23
29 23
23 72
17 2
49 29
62 70
17 14
64 94
9 83
94 71
20 7
38 52
99 31
56 50
26 79
30 58
38 35
47 76
64 22
76 81
48 92
41 58
58 11
46 79
10 50
67 54
35 83
22 50
28 62
55 9
96 81
3 73
62 30
55 93
58 97
98 40
46 12
100 10
5 84
50 55
80 19
62 21
71 25
18 10
10 84

100 120
10 75
14 22
30 24
23 50
10 97
85 84
20 29
74 48
93 92
2 76
21 30
14 76
6 90
86 25
4 67
5 56
77 61
32 48
85 6
9 56
82 56
10 49
7 13
6 4
45 72
33 26
6 68
50 16
18 5
25 76
91 80
24 94
69 12
48 95
29 76
69 93
9 15
32 66
19 2
100 49
9 81
57 41
13 46
99 97
74 66
72 78
10 4
70 74
62 71
11 73
7 88
79 73
17 74
43 95
21 98
50 69
65 48
59 70
30 4
73 21
40 72
10 37
97 90
17 76
72 17
43 5
3 27
76 85
11 48
39 91
11 44
96 88
96 17
2 5
56 60
99 44
59 25
96 62
90 20
29 50
64 47
11 75
45 9
66 92
50 46
24 83
1 1
11 42
50 85
15 53
40 78
6 83
23 88
23 3
1 35
15 92
50 52
24 9
79 62
2 70
23 34
15 49
1 46
97 24
55 45
24 25
87 6
30 57
20 29
20 40
93 74
31 18
38 15
80 47
10 91
71 35
90 49
49 18
1 90
24 56

100 120
71 59
26 9
95 9
45 98
76 12
98 3
7 62
51 95
43 43
9 45
45 79
44 56
71 99
56 92
86 2
32 95
32 58
20 76
47 61
70 1
31 49
6 97
64 85
95 61
67 44
63 99
59 52
37 19
13 94
89 69
2 16
36 43
100 14
31 99
10 73
89 35
2 57
6 50
10 14
78 79
78 36
92 38
100 51
30 97
58 71
51 1
16 41
94 80
84 44
23 91
92 12
9 73
80 34
42 85
15 64
92 68
69 20
88 48
50 25
43 25
90 46
100 61
75 27
43 52
85 29
85 2
35 71
91 76
16 4
2 23
87 31
52 69
3 10
7 53
13 45
6 39
97 49
3 14
59 98
7 38
26 27
21 97
94 67
53 89
39 6
78 91
62 42
26 77
82 2
3 23
76 44
33 96
9 71
99 60
54 8
28 28
87 41
52 24
37 7
23 51
73 58
89 32
67 32
78 72
38 86
65 56
8 7
9 1
28 13
27 68
97 90
75 6
49 2
9 16
97 81
1 46
52 18
48 24
27 6
4 10

100 120
100 4
15 81
81 76
41 35
40 59
21 99
60 22
2 91
68 76
62 94
78 25
36 58
62 67
42 79
47 50
62 98
52 49
84 88
68 34
77 75
90 9
1 20
19 66
64 95
46 2
9 35
18 74
81 73
26 86
12 10
17 43
55 44
90 82
29 58
24 80
74 56
13 49
43 38
55 44
68 75
53 8
96 39
70 16
75 17
4 59
96 63
90 45
55 31
62 36
6 39
14 90
61 62
40 8
7 4
96 63
56 33
22 99
20 89
87 92
88 49
65 79
93 58
6 65
23 84
54 97
84 99
71 49
56 90
61 56
87 60
64 79
11 39
52 34
32 47
19 75
65 90
81 75
85 52
90 50
5 35
56 33
51 27
50 47
56 100
90 73
43 30
42 20
92 49
13 42
71 85
93 37
77 40
28 29
94 60
8 45
15 62
71 33
17 67
80 39
83 88
1 77
73 13
27 30
48 25
88 58
85 76
67 15
82 75
47 86
10 51
3 10
33 28
89 18
58 28
72 23
67 96
24 6
69 42
18 62
71 2

100 120
98 35
65 38
75 20
70 86
82 41
33 90
3 59
40 74
23 83
51 6
63 33
11 27
77 10
81 80
20 67
67 81
56 93
18 64
56 52
32 74
71 41
37 23
68 25
75 27
37 15
20 61
82 80
73 95
93 85
77 19
49 13
44 13
49 63
82 24
60 14
68 3
36 3
31 24
26 91
96 57
53 26
29 96
93 86
26 64
6 22
74 14
63 71
19 34
33 5
82 93
8 10
55 43
79 77
86 38
73 44
11 67
71 89
20 91
12 87
91 53
33 16
80 23
13 31
4 61
71 91
29 43
76 27
97 56
81 3
46 18
88 68
9 27
40 40
47 98
22 10
56 66
66 50
1 35
63 34
38 10
52 99
62 40
8 86
59 85
99 6
73 40
79 68
88 70
82 12
35 79
82 81
19 87
67 74
3 38
27 7
32 98
38 86
47 75
27 64
30 1
85 26
3 95
40 31
43 27
59 75
27 10
90 87
90 9
81 93
73 83
22 22
81 74
50 26
62 79
56 32
15 46
19 78
80 69
31 25
34 58

100 120
18 16
62 100
2 98
76 77
88 97
94 23
21 87
90 93
18 90
59 30
64 90
86 79
29 63
97 75
78 21
75 1
99 96
35 35
42 41
44 13
11 83
18 48
80 42
13 68
98 64
57 81
80 66
88 57
74 21
62 99
71 49
14 33
5 6
91 40
37 80
31 38
69 83
55 85
64 44
26 25
93 25
48 73
35 50
36 5
18 6
91 21
96 84
51 72
72 38
38 65
16 81
43 59
30 20
3 53
14 90
45 82
45 63
77 64
6 10
89 73
56 30
36 80
4 100
19 40
8 7
97 63
37 24
74 35
90 92
89 64
56 34
55 99
45 48
61 82
72 8
52 69
25 73
69 37
68 76
92 76
75 18
31 58
50 60
68 98
81 46
97 56
36 98
71 57
52 10
26 31
17 30
46 85
100 57
46 13
60 4
21 8
35 35
70 49
99 23
67 92
41 23
6 69
38 52
26 53
39 82
65 38
84 50
76 2
58 41
45 36
92 96
84 18
36 60
47 12
12 80
40 70
62 8
45 61
78 6
57 77

100 120
72 16
23 70
52 76
7 16
30 5
90 78
3 88
41 95
79 17
77 5
28 49
70 58
67 14
98 26
24 9
92 99
72 58
25 16
18 39
67 99
67 67
47 63
93 48
30 27
41 100
5 89
47 70
7 60
93 53
38 80
64 52
4 66
50 73
40 55
83 44
29 58
87 92
32 73
78 39
28 81
59 36
69 7
5 56
87 63
12 90
95 78
92 30
92 34
17 88
60 76
63 62
37 9
86 62
90 4
82 81
32 26
85 18
100 66
29 50
20 35
3 92
24 74
18 2
33 62
97 5
20 73
54 41
34 14
95 52
39 22
30 91
80 32
90 4
100 70
12 77
8 88
60 60
4 82
26 54
25 89
19 89
77 18
78 31
79 3
12 99
50 75
26 94
27 73
65 99
43 55
93 76
25 13
11 100
68 41
39 94
90 68
52 88
59 76
42 4
54 88
61 88
55 29
29 99
81 21
82 17
92 74
73 7
7 65
48 2
97 78
16 31
84 71
28 9
13 85
55 44
15 46
57 88
59 24
11 3
73 38

100 120
9 21
1 100
99 8
85 29
35 39
95 61
36 63
21 78
99 59
51 38
50 15
62 30
57 72
55 59
41 72
41 92
13 64
69 38
90 99
83 47
60 14
14 60
73 62
62 94
31 97
3 46
17 39
83 37
46 52
11 100
26 93
61 35
34 12
24 25
90 40
65 91
13 26
8 38
80 66
6 91
71 68
53 10
78 62
8 42
25 59
71 94
81 78
22 98
19 19
54 89
55 90
77 27
70 92
51 5
52 57
89 17
68 66
45 6
2 51
90 22
25 39
53 76
43 55
91 87
77 43
44 11
51 100
42 60
53 14
20 56
51 55
89 56
3 30
13 37
26 55
7 8
72 96
64 77
73 11
76 93
44 73
53 78
23 98
37 76
11 79
17 55
63 17
45 16
42 2
59 32
94 79
19 68
4 54
20 62
84 5
7 45
100 54
63 30
82 100
53 91
23 47
37 61
98 17
3 38
66 84
9 20
69 48
61 59
77 55
19 79
84 76
12 43
92 97
2 70
17 58
65 45
46 52
36 4
76 22
14 96

100 120
3 70
79 28
47 1
40 56
38 38
78 66
91 7
51 78
91 76
54 80
38 7
76 90
23 94
26 93
81 17
53 85
62 11
35 28
86 51
86 40
41 27
4 57
8 9
67 9
32 54
78 85
84 49
41 84
4 69
1 1
19 28
80 94
18 37
85 61
79 31
76 50
8 45
75 79
94 98
30 59
69 56
97 41
29 38
47 74
51 72
38 32
80 32
44 1
50 75
37 85
16 8
11 77
33 59
41 21
75 62
5 88
35 91
96 38
46 99
38 6
58 97
55 45
72 13
83 89
1 20
65 30
3 66
51 10
23 67
98 58
86 55
30 15
72 55
64 53
22 13
33 58
59 20
71 23
86 84
49 80
42 2
15 75
90 70
17 60
16 24
93 48
80 61
95 42
60 92
11 9
3 49
36 80
68 95
3 51
22 58
11 78
85 22
37 13
65 22
66 18
7 45
47 69
23 88
25 19
7 88
31 6
99 99
56 22
86 59
99 24
51 53
68 34
64 21
33 17
15 44
45 79
20 64
55 24
39 17
63 13

100 120
64 57
68 88
75 84
43 56
65 50
13 56
11 88
13 59
41 21
25 21
3 67
87 66
5 59
32 96
20 90
20 53
3 54
61 53
26 86
67 61
12 42
45 45
78 17
77 7
94 88
33 18
14 43
57 39
80 73
51 11
74 29
3 81
65 41
82 40
19 65
31 17
90 31
84 18
78 54
56 38
82 23
91 91
48 19
55 8
16 15
49 28
26 94
78 54
37 69
95 81
87 17
61 15
98 1
51 74
40 62
18 38
34 40
31 69
16 83
56 86
63 60
86 78
5 15
90 32
85 4
49 39
73 9
93 26
66 42
43 11
53 35
53 91
100 56
89 11
31 92
49 52
60 65
79 33
97 68
79 9
24 44
70 24
51 83
12 1
85 83
90 77
19 45
44 43
26 65
87 27
70 4
80 1
39 81
92 99
93 79
46 89
17 31
47 90
7 48
14 79
87 3
49 81
98 30
44 76
75 10
86 54
86 50
89 18
56 61
3 62
82 38
60 21
10 39
75 43
64 81
70 55
6 16
49 36
94 13
80 47

100 120
74 62
79 73
11 62
49 34
73 63
66 8
62 93
90 94
91 77
96 10
96 54
27 28
17 5
45 14
8 5
42 20
93 11
42 33
57 67
92 71
47 93
13 49
6 37
42 99
85 88
100 49
56 44
1 52
13 40
59 54
23 58
62 57
88 70
62 74
2 19
7 33
14 23
48 85
32 34
68 37
14 37
71 82
31 43
26 57
41 67
6 64
31 32
77 3
86 14
50 42
23 66
28 2
7 91
35 4
100 18
72 28
98 4
55 2
78 84
11 11
65 10
56 85
36 48
88 55
84 32
92 50
28 18
64 60
23 65
20 53
40 31
65 7
95 88
46 46
95 3
86 79
32 91
19 14
17 95
93 60
1 65
84 84
36 92
83 14
93 81
53 30
98 15
49 42
49 59
26 18
15 85
14 23
38 29
13 100
69 87
84 8
26 36
84 63
51 67
14 36
9 69
75 4
35 3
70 55
31 58
81 54
56 35
16 74
23 15
28 35
96 84
18 36
87 74
8 93
80 75
13 59
77 90
27 41
40 38
98 82

100 120
78 1
92 28
33 75
73 42
19 100
43 86
64 22
80 43
57 34
40 55
3 40
78 56
55 13
33 12
66 39
3 78
50 74
20 15
56 78
36 70
88 81
22 76
14 44
94 73
23 99
65 1
44 52
14 4
79 2
15 33
49 42
77 45
33 82
13 19
27 12
94 58
51 73
67 18
33 26
32 43
52 68
1 40
54 88
75 24
27 15
48 71
49 52
6 20
48 19
44 26
63 70
92 5
95 18
6 16
100 11
19 47
69 90
11 58
90 96
74 89
13 5
33 57
70 82
49 57
21 3
25 23
60 88
36 100
9 12
80 13
36 67
90 100
40 36
77 48
75 41
45 91
58 68
55 70
48 16
14 51
14 16
46 2
19 77
92 68
55 31
64 50
61 81
38 65
19 78
11 74
45 3
35 86
40 35
46 11
77 58
20 26
98 43
90 20
40 14
45 96
52 64
71 55
82 72
14 79
57 3
36 58
45 58
27 73
70 69
12 12
16 36
58 37
59 76
77 82
32 20
15 11
35 15
52 46
40 76
56 42

100 120
100 15
74 19
80 84
55 4
86 30
58 37
48 34
24 24
14 90
9 6
35 72
41 65
44 23
57 30
42 37
69 23
81 44
33 42
19 70
40 84
86 64
36 37
12 33
47 54
59 62
39 83
40 19
1 29
86 70
74 73
21 41
48 7
14 24
25 29
39 88
3 10
43 34
25 77
49 21
69 15
13 78
97 14
30 66
53 98
71 5
71 69
27 80
77 14
1 95
58 30
16 59
18 59
37 98
79 5
41 21
32 97
80 20
56 41
54 98
96 14
100 54
70 59
22 33
33 1
82 99
27 75
65 14
65 76
43 43
47 45
90 94
57 74
4 70
58 82
28 62
23 10
87 6
56 64
48 77
29 28
70 8
67 53
68 40
33 55
83 13
42 59
45 66
47 96
10 31
7 38
93 44
34 96
85 2
27 24
71 95
63 14
94 62
34 15
51 33
44 2
13 52
43 5
40 45
34 94
90 97
80 43
83 12
27 99
50 34
11 84
25 14
100 82
24 70
56 15
54 2
95 44
49 39
55 43
71 75
55 17

100 120
92 90
20 33
93 11
13 6
25 47
65 28
81 23
44 55
95 4
25 39
56 65
100 100
47 2
11 69
29 53
59 84
92 52
73 87
85 74
25 28
59 92
66 73
49 52
43 49
17 84
32 1
14 97
63 26
21 20
31 94
49 89
27 90
64 44
68 30
83 13
43 11
6 73
10 57
65 13
43 28
5 45
13 12
12 70
52 55
97 98
98 17
8 34
64 67
79 66
80 43
73 17
94 71
94 49
28 88
4 47
23 76
68 33
39 25
72 2
6 92
10 12
42 59
51 10
7 62
85 65
38 87
23 41
71 16
49 20
57 69
16 43
29 76
66 42
73 61
36 46
98 29
13 40
9 20
69 49
33 81
78 52
38 82
91 28
44 83
19 5
59 74
98 78
42 32
25 89
86 27
52 91
35 90
35 32
16 76
12 92
43 46
40 55
31 66
71 79
93 6
70 42
71 65
81 38
89 10
85 73
37 25
10 82
22 64
95 69
48 67
66 34
72 8
14 28
50 42
6 69
84 39
50 6
10 75
31 82
47 70

100 120
13 23
12 48
74 50
85 94
93 71
7 41
32 87
16 88
28 97
93 27
15 54
55 33
3 70
69 55
10 79
15 73
15 53
91 84
11 13
43 10
44 48
83 36
54 99
76 7
22 29
85 69
65 43
74 41
85 94
13 58
25 74
2 12
7 37
98 63
31 78
30 55
47 52
4 40
91 43
17 39
17 2
35 96
13 55
98 88
9 9
62 92
95 72
62 88
89 25
79 32
44 10
43 23
25 77
75 19
11 2
44 44
21 7
82 35
50 17
75 82
82 39
56 60
82 36
35 9
85 50
90 39
95 21
44 13
80 29
58 58
67 30
44 72
23 63
9 64
46 87
79 11
8 9
24 72
6 98
91 8
97 76
39 22
16 3
60 4
32 9
93 70
87 74
83 25
33 81
38 43
33 57
3 87
61 80
49 14
96 35
24 6
59 32
74 46
11 5
61 24
68 74
94 32
69 47
2 41
6 37
58 66
69 7
15 38
80 13
56 98
32 99
51 19
73 47
25 36
74 97
24 41
68 38
6 14
10 93
81 95

100 120
72 31
94 30
53 55
63 12
41 89
74 22
5 64
26 98
84 64
27 15
6 9
60 60
54 15
48 29
86 77
35 1
74 2
37 59
74 6
78 40
2 67
14 81
35 97
66 15
84 82
72 63
55 79
34 34
55 5
63 48
88 84
86 48
95 70
57 72
4 44
3 72
100 16
12 68
92 82
2 61
66 53
92 13
87 34
16 98
76 58
58 61
29 6
82 12
58 63
93 52
91 53
21 1
87 47
89 49
73 9
16 11
87 91
14 83
14 84
35 62
58 73
14 69
66 23
29 40
98 4
57 26
41 30
30 8
80 59
60 82
28 18
44 81
35 76
35 19
57 85
94 27
6 3
83 42
92 43
5 87
5 54
9 37
47 28
54 90
44 37
35 54
83 55
85 2
24 82
12 18
4 64
86 7
71 92
70 32
12 29
17 55
36 98
78 70
55 96
35 68
4 10
22 41
15 73
88 5
83 17
95 47
63 88
95 99
1 26
46 73
9 50
85 63
14 48
73 41
17 49
85 64
34 27
23 69
98 61
36 29

100 120
10 70
31 66
21 49
73 49
7 19
8 97
74 72
81 97
74 72
88 97
82 43
50 25
51 18
4 83
60 93
31 46
59 9
63 19
59 77
26 39
94 58
74 14
80 100
69 48
75 39
15 84
64 12
37 54
43 69
76 92
94 85
47 12
58 71
29 97
69 55
46 37
14 99
89 32
32 33
72 97
74 95
45 53
54 42
22 6
37 18
16 37
86 59
68 92
44 92
7 84
19 15
8 77
12 45
89 77
39 95
85 24
37 95
79 60
38 80
62 3
89 37
72 84
30 84
59 19
46 3
34 52
15 73
48 40
35 15
53 40
3 56
31 79
81 80
46 84
36 62
94 78
12 55
19 44
50 21
18 63
71 38
6 67
4 23
15 52
75 99
98 84
89 39
63 66
68 51
37 97
96 68
34 71
79 18
28 64
41 100
50 88
81 71
58 9
65 25
64 68
35 37
43 30
66 71
76 74
94 42
57 98
1 46
73 49
88 75
28 22
50 63
91 44
74 20
1 78
36 17
60 84
63 22
50 20
97 74
73 98

100 120
82 69
59 3
18 47
35 29
77 68
95 11
39 69
78 15
46 31
22 65
6 47
63 9
65 58
92 68
54 88
97 51
73 53
67 28
83 52
26 65
87 57
16 11
7 96
30 71
24 53
68 58
8 50
33 79
64 37
18 17
72 37
1 83
29 30
25 65
15 94
90 48
7 14
60 74
40 40
30 17
7 16
41 72
92 22
65 83
55 69
32 70
65 92
93 40
90 16
53 39
9 20
11 82
41 39
31 98
33 24
51 69
84 87
37 36
42 97
89 95
70 76
31 73
48 84
79 91
15 71
19 80
13 22
10 96
28 4
47 42
51 42
39 83
6 17
48 3
38 35
37 38
33 14
28 52
8 5
41 31
57 87
67 57
98 99
62 2
32 9
71 27
33 85
19 92
46 25
19 46
1 17
89 1
13 39
77 63
89 26
42 9
71 65
47 69
74 24
89 26
41 53
95 12
27 29
75 69
59 61
88 14
69 52
81 75
25 88
94 93
28 38
43 6
51 22
65 71
50 92
68 42
23 78
93 73
59 15
45 81

100 120
45 69
51 55
30 84
100 69
88 63
71 17
4 83
17 36
77 7
92 13
50 17
26 5
33 2
60 78
81 24
25 54
89 91
29 83
38 45
85 84
60 56
89 44
84 42
21 80
74 16
33 62
59 61
100 38
85 70
98 4
70 14
42 52
58 38
98 34
19 27
63 92
38 55
21 77
59 33
57 1
5 74
30 59
62 31
48 100
13 35
71 5
86 7
5 6
99 54
54 50
40 71
94 19
44 55
43 50
54 66
7 61
77 64
39 18
93 44
96 35
90 64
72 60
53 31
31 96
55 67
83 98
76 56
59 11
36 32
65 64
62 16
49 28
61 80
78 7
3 41
62 58
94 8
51 41
74 55
83 76
88 82
49 17
34 57
39 74
88 29
77 79
99 67
64 100
38 79
92 20
2 48
80 31
24 61
94 11
80 52
56 1
72 71
45 69
67 83
61 31
10 13
52 88
68 87
22 79
1 64
90 50
99 53
8 45
6 1
95 50
88 11
39 85
65 14
75 14
52 15
24 94
24 67
75 68
51 41
71 55

100 120
50 1
8 9
60 68
59 20
85 14
72 51
74 79
23 69
60 29
56 89
82 11
99 2
80 17
12 69
54 16
46 24
47 13
24 60
49 53
4 72
55 26
48 40
16 98
94 2
25 76
83 72
17 80
10 98
95 55
6 83
88 40
10 2
29 66
39 26
10 20
79 75
55 27
35 12
22 68
32 81
69 70
53 44
20 88
29 17
98 66
90 54
55 66
53 48
51 15
72 32
53 39
32 34
25 81
49 67
64 79
7 32
42 61
76 45
29 71
67 42
73 81
29 65
78 31
47 7
45 86
49 68
50 32
47 89
67 55
27 94
23 42
2 14
53 90
93 13
34 50
35 68
19 78
37 31
76 65
11 57
46 96
40 75
4 34
46 53
48 22
26 49
20 13
88 28
81 26
4 82
23 54
45 64
54 100
65 90
14 29
84 39
61 98
91 25
40 95
61 48
73 36
35 80
23 7
57 29
39 74
71 59
88 98
48 59
66 8
91 98
78 57
5 45
40 29
14 32
23 63
53 79
11 82
56 86
77 92
88 28

100 120
30 56
5 95
92 61
13 5
11 96
20 14
40 48
4 41
19 70
47 26
83 12
73 81
33 72
43 85
44 2
21 74
61 39
20 56
78 18
26 9
4 25
86 47
74 45
21 49
50 42
71 38
19 21
97 23
58 64
38 10
10 70
3 29
70 86
4 85
3 95
46 50
29 32
36 31
86 67
77 46
11 91
7 6
34 85
27 9
58 21
3 42
18 98
28 51
30 96
74 73
71 22
88 48
58 82
93 39
35 38
85 3
40 12
31 18
22 74
53 51
90 73
26 64
26 60
10 47
50 62
89 65
85 70
86 8
60 43
11 78
33 47
1 85
29 96
28 21
88 19
80 48
15 99
34 25
3 75
18 18
22 38
97 32
98 63
85 79
75 3
84 67
37 84
62 87
72 73
78 32
76 20
78 7
67 80
6 34
47 36
40 70
69 81
70 62
61 32
96 28
22 73
27 77
84 67
84 66
58 26
63 38
82 53
70 70
20 28
21 22
33 90
64 61
51 70
24 33
63 4
72 59
9 5
4 68
46 12
77 13

100 120
95 82
96 60
60 10
33 81
52 71
58 68
65 99
26 48
41 53
49 92
59 43
43 38
69 37
22 59
72 17
16 79
19 91
87 27
24 73
99 38
3 22
74 11
41 79
98 53
96 27
69 98
40 58
77 3
1 8
55 1
94 13
12 41
8 16
58 36
49 9
63 78
42 48
32 53
26 96
61 64
15 64
78 16
93 73
50 72
12 63
75 76
44 36
96 4
15 31
96 13
41 3
50 53
37 12
71 67
93 27
49 95
14 68
10 94
57 89
95 38
30 85
23 71
15 26
52 56
74 92
59 13
1 47
96 43
14 49
18 85
70 34
78 13
77 93
25 27
50 16
28 94
69 12
96 32
27 19
99 84
83 70
63 77
43 33
76 30
22 90
49 35
38 67
30 35
70 48
79 99
1 15
52 33
46 2
73 36
40 58
71 99
12 25
87 60
54 93
74 15
90 8
10 83
20 90
42 1
91 35
23 85
62 90
78 20
14 35
87 4
29 48
39 85
3 47
1 6
46 15
81 57
24 21
73 83
28 47
54 97

100 120
91 35
13 54
36 60
22 48
20 18
76 66
97 24
10 46
68 78
29 44
100 85
52 28
29 96
92 77
65 17
65 12
68 84
63 72
75 57
71 36
87 59
55 82
10 1
3 3
71 83
17 10
25 92
29 1
6 76
38 9
81 27
48 8
45 52
73 78
67 57
30 79
75 87
10 93
65 49
22 34
82 62
26 28
14 25
89 73
28 44
16 77
42 60
66 28
25 18
55 93
83 26
74 64
18 93
5 99
30 11
44 82
94 87
37 80
53 69
2 100
31 8
92 78
40 96
65 10
42 59
48 81
23 84
99 87
16 20
69 66
59 59
43 65
84 11
73 1
60 95
7 3
46 35
75 42
64 82
79 86
65 76
87 92
44 15
69 45
11 33
38 95
4 15
66 11
23 23
39 67
96 97
94 13
86 9
16 70
48 32
15 33
38 98
6 59
40 65
86 33
62 39
61 22
34 77
59 87
41 43
81 8
36 25
15 44
35 85
10 37
90 26
51 73
8 60
68 37
11 35
92 81
10 66
30 86
82 77
4 46

100 120
34 72
13 58
9 27
96 23
14 79
84 42
12 74
33 30
75 28
11 74
99 22
35 3
23 98
20 88
40 69
63 63
3 28
39 54
52 62
56 17
23 60
38 97
46 42
33 21
32 72
52 37
41 8
32 45
29 16
25 56
93 71
97 26
59 58
59 18
31 94
7 67
21 30
29 40
51 75
60 89
9 2
79 2
91 99
88 75
34 11
44 44
56 57
8 3
18 91
14 23
87 98
92 93
12 80
79 47
70 74
39 95
67 12
25 20
17 86
81 44
3 19
98 57
40 74
32 34
9 76
54 93
45 78
69 81
36 94
46 9
39 84
92 77
44 3
31 61
11 22
25 62
40 95
7 60
100 37
13 75
89 18
94 77
38 16
56 82
65 63
32 31
89 10
48 80
19 12
65 69
38 96
30 36
96 27
94 61
45 73
49 78
66 2
91 85
62 3
10 47
20 4
88 76
33 60
43 60
8 24
93 48
97 3
4 42
18 75
41 11
31 98
51 27
19 31
74 11
98 32
42 57
68 20
38 49
1 100
99 45

100 120
77 21
65 16
50 71
49 63
40 55
46 24
89 39
28 13
93 20
28 95
9 59
14 13
53 85
63 57
85 37
43 11
15 5
11 80
49 42
81 46
76 94
49 85
26 4
81 76
37 72
93 45
77 98
16 83
50 40
35 62
55 100
66 6
92 69
14 45
55 83
92 79
53 35
6 16
18 31
95 51
34 70
21 100
71 41
88 9
81 7
74 36
10 66
17 87
79 4
25 59
73 95
96 45
14 89
45 75
66 54
57 24
74 36
100 85
62 53
84 59
47 18
23 45
46 86
15 24
61 50
5 69
85 5
87 76
52 81
51 40
85 59
75 85
95 51
98 33
33 8
63 99
81 8
5 65
7 82
28 97
11 34
32 26
83 30
79 54
69 12
74 97
76 12
26 97
78 80
71 96
36 93
53 59
10 86
55 2
37 50
69 46
17 33
96 59
23 45
53 69
26 45
27 16
45 24
30 51
69 26
16 85
100 71
89 60
98 57
97 77
11 6
38 69
87 26
31 26
37 33
55 67
28 21
17 35
32 70
52 25

100 120
90 83
76 83
21 58
89 50
40 10
45 15
98 98
73 54
15 91
24 46
83 8
66 83
36 69
20 6
7 88
4 19
35 95
89 30
39 2
45 16
68 5
9 24
61 35
34 7
74 95
47 68
57 86
89 35
61 39
100 49
33 45
26 92
24 69
100 16
57 75
94 17
23 51
64 5
8 60
16 19
58 39
43 54
39 18
14 6
66 9
57 1
7 35
38 20
38 40
74 64
3 19
57 11
21 49
78 38
45 81
49 85
20 98
95 85
83 80
55 78
65 42
3 1
43 32
93 38
87 4
92 2
84 23
76 6
30 52
30 87
46 3
24 48
34 40
76 20
69 39
41 61
3 56
70 84
53 56
48 95
60 35
27 54
31 45
99 19
45 97
30 95
36 22
85 28
66 36
4 14
53 35
10 60
63 56
2 41
61 85
85 12
44 50
42 1
89 36
98 25
31 20
52 66
51 36
95 78
28 52
100 93
72 38
14 8
70 41
36 84
31 44
96 34
56 23
41 31
87 96
36 49
38 90
50 58
96 98
16 62

100 120
90 74
75 9
53 70
34 69
25 74
72 37
59 82
80 53
40 53
17 20
35 56
86 27
5 47
92 95
47 8
31 61
3 92
72 38
91 30
74 81
58 88
2 89
41 83
42 8
87 82
40 12
33 59
39 73
12 45
43 66
90 73
75 65
73 53
35 89
94 68
58 81
14 46
42 30
23 29
83 69
28 96
7 100
77 2
38 62
48 60
16 82
100 93
1 23
63 64
49 77
73 99
94 14
26 69
29 38
38 76
68 77
32 3
59 58
59 31
33 19
9 35
22 22
72 21
19 37
25 81
42 80
37 9
54 30
98 38
65 86
28 59
100 70
56 53
79 62
55 100
25 70
81 36
34 96
89 52
40 14
88 69
69 5
30 30
92 71
92 72
47 42
34 64
32 34
62 58
54 38
56 60
1 96
49 37
98 99
25 82
11 70
51 60
88 60
36 48
21 13
58 57
1 32
34 29
78 45
47 65
52 25
66 86
100 32
46 15
71 93
58 48
97 95
98 26
85 77
18 76
94 55
65 20
1 30
4 81
69 1

100 120
76 42
84 23
93 19
58 71
98 98
3 80
47 51
76 9
25 66
1 97
14 68
96 3
30 90
73 86
58 41
1 65
57 92
32 89
6 87
63 25
27 22
32 21
51 71
70 31
15 83
82 53
8 39
17 36
31 12
46 53
60 95
73 11
88 76
49 8
1 76
37 12
49 65
41 48
33 14
23 41
34 9
29 30
70 1
13 23
82 69
97 93
2 45
88 26
46 89
74 30
49 22
54 40
48 10
26 52
45 100
61 2
68 93
10 82
63 80
59 6
52 71
82 3
88 93
23 5
14 74
46 25
73 67
24 53
17 18
62 32
78 65
29 86
4 76
8 50
2 58
58 99
65 91
39 79
62 59
86 38
75 12
1 85
84 66
27 82
69 86
29 4
4 3
35 88
81 73
14 77
34 25
78 19
6 38
44 81
41 69
88 71
36 68
25 70
77 94
44 99
30 89
44 22
82 68
23 29
92 47
20 42
63 34
8 69
72 83
53 7
30 31
58 56
63 23
24 51
46 96
29 62
45 45
44 29
49 91
96 65

100 120
65 36
67 97
69 54
6 34
47 52
98 59
87 32
79 97
83 66
36 99
72 80
72 27
22 37
88 91
40 57
44 61
18 96
40 10
83 46
25 67
76 64
47 71
70 2
47 44
47 4
51 74
20 27
60 86
30 5
18 19
98 60
83 1
94 36
36 78
38 6
35 57
18 97
100 36
8 91
20 37
14 98
61 21
60 72
99 57
12 9
41 12
82 48
96 51
38 33
92 19
16 72
48 66
64 86
84 49
34 1
52 75
15 89
83 19
38 86
65 90
92 43
68 78
89 98
88 34
77 24
86 66
53 3
31 91
21 26
49 36
73 8
33 46
28 45
84 81
33 85
57 60
53 80
66 1
100 14
6 12
59 93
85 48
15 88
52 62
83 30
31 98
63 95
20 56
64 14
65 8
8 67
14 6
59 50
74 48
28 94
60 51
73 30
68 53
6 41
25 81
82 69
8 77
14 94
94 30
82 49
94 83
32 65
8 21
68 15
20 39
75 48
61 65
20 35
36 17
56 65
12 49
29 3
66 32
57 21
90 70

100 120
16 72
94 9
81 35
77 84
44 65
79 65
98 81
29 61
1 65
86 43
20 33
98 38
34 78
75 5
95 68
53 8
80 94
64 33
24 72
81 41
17 24
52 74
30 1
6 15
28 20
83 100
31 43
65 44
73 33
85 48
78 78
28 78
71 39
62 11
20 7
87 87
68 31
1 8
71 50
21 97
56 97
48 40
40 92
98 49
61 13
48 62
79 70
59 42
44 80
87 95
75 93
77 47
34 32
51 14
45 52
54 44
71 72
48 84
31 27
31 89
17 40
13 16
66 11
2 65
25 78
83 68
28 73
22 81
70 39
12 45
65 1
17 7
14 29
64 76
30 76
61 99
65 98
66 33
39 38
51 97
59 55
31 59
24 10
32 31
94 4
80 8
63 40
77 21
60 19
29 33
32 13
22 30
36 24
73 89
4 36
88 57
19 62
41 90
64 12
33 46
15 33
24 98
96 50
30 84
14 2
49 46
46 66
57 9
36 89
73 44
50 79
96 72
2 33
46 73
69 13
20 24
47 7
2 89
17 63
57 94

100 120
25 31
26 28
16 12
84 48
83 36
23 92
44 72
3 76
12 12
72 90
89 85
77 50
72 14
85 27
54 78
90 10
62 31
17 98
98 84
80 54
7 56
96 62
82 60
93 88
55 36
70 64
93 60
19 72
94 69
4 34
74 32
1 82
87 20
59 68
100 58
14 1
46 56
59 69
70 35
35 42
67 17
62 48
83 33
85 66
33 43
72 83
47 83
2 67
19 8
11 13
51 77
70 39
99 71
95 9
94 61
3 36
3 70
8 21
72 82
90 65
45 22
40 54
29 62
36 28
68 87
41 91
92 20
59 9
3 67
48 23
56 71
99 67
52 59
70 75
2 56
20 30
71 96
65 51
53 42
62 78
85 58
82 3
57 43
32 57
28 46
32 34
87 21
3 9
93 98
23 16
76 24
100 5
79 72
35 45
22 68
93 91
78 1
29 95
93 44
89 9
32 81
93 68
56 68
83 33
6 11
18 87
84 45
45 87
91 74
69 48
75 4
26 70
76 6
40 95
44 31
83 43
28 66
72 79
41 59
51 36

100 120
71 98
53 20
98 3
72 4
35 70
39 31
5 80
60 94
82 77
60 23
33 95
28 8
13 28
15 41
25 83
12 56
20 79
49 23
49 65
43 50
18 7
82 31
92 81
66 40
41 26
4 9
19 74
87 89
24 84
40 17
61 100
79 16
41 85
76 91
85 42
54 76
56 66
80 14
12 24
9 59
84 51
82 98
74 20
91 49
64 42
80 23
83 10
64 95
30 39
41 38
12 25
25 20
51 96
62 29
15 66
37 91
70 36
61 97
49 39
47 87
81 66
23 19
77 82
89 62
74 60
17 34
21 78
13 89
58 27
62 53
32 3
14 47
98 47
36 82
63 17
13 71
27 24
37 24
58 4
67 92
93 56
32 10
23 67
16 5
6 12
10 21
83 75
91 14
62 50
69 19
19 75
67 68
24 66
11 97
46 41
16 24
36 5
45 92
86 84
32 29
46 21
49 12
53 70
100 46
15 76
29 3
65 91
85 67
37 23
92 50
66 13
87 93
31 40
4 12
67 24
3 5
67 8
32 76
11 91
27 35

100 120
52 82
79 24
8 41
80 58
9 41
81 11
81 45
4 10
36 48
96 59
53 35
82 37
83 98
29 80
46 19
25 58
24 98
39 88
91 4
48 46
12 67
8 85
98 55
53 85
48 99
69 2
5 61
58 93
16 44
49 43
4 28
26 43
43 39
42 88
47 17
99 18
48 97
63 89
60 39
6 18
45 84
6 85
64 55
71 86
41 83
81 100
46 90
51 75
38 90
86 2
95 64
14 18
69 61
72 96
9 13
50 21
36 20
66 83
27 72
12 63
88 63
79 34
27 13
3 24
95 32
33 2
17 3
67 18
44 67
94 46
31 95
21 63
17 34
24 33
51 8
11 69
6 80
93 18
21 81
100 91
29 31
74 41
30 29
4 15
32 34
48 28
26 8
65 82
84 12
86 93
6 47
78 90
43 80
12 43
34 31
77 61
50 65
55 52
69 68
60 60
58 88
37 78
24 43
96 30
80 75
36 58
95 62
2 100
77 37
45 50
20 61
92 42
74 22
85 47
1 62
87 6
53 69
58 74
56 1
5 91

100 120
46 29
4 100
83 66
75 18
88 4
2 21
49 2
42 47
32 8
46 9
47 71
94 95
30 12
97 52
38 97
66 13
77 29
22 92
99 65
99 47
51 10
30 48
90 57
16 23
82 47
28 65
50 71
5 18
100 20
68 41
64 3
96 38
75 70
15 92
55 38
6 58
71 72
32 71
20 37
32 86
19 21
81 35
39 34
21 54
36 55
8 62
86 51
6 60
65 91
83 44
61 89
15 94
58 9
23 37
11 38
54 45
82 69
83 78
74 79
60 52
73 61
62 33
4 41
14 6
78 63
53 84
21 63
33 97
76 3
36 88
11 78
23 37
58 44
13 90
55 95
65 97
62 29
77 63
47 37
15 8
30 62
3 73
36 34
18 72
40 48
21 74
92 17
54 11
28 16
50 5
74 25
58 52
89 72
96 58
37 7
17 27
30 31
9 71
90 88
87 94
18 100
21 43
17 65
14 19
7 88
98 51
63 27
90 73
60 24
27 87
85 86
18 40
26 18
26 20
9 65
3 2
20 99
58 23
37 16
11 63

100 120
97 3
86 39
74 99
74 44
93 70
16 14
61 62
26 54
67 53
96 17
17 86
53 29
66 86
9 79
83 46
85 86
51 22
56 69
49 16
37 11
68 53
76 25
52 24
31 3
53 15
49 84
40 18
90 45
75 90
20 43
2 50
2 76
94 37
63 95
96 72
63 43
8 2
47 85
52 6
85 18
7 53
97 82
97 97
72 35
71 69
58 35
51 74
86 98
33 55
76 40
79 70
17 79
27 79
76 69
8 82
29 90
77 70
30 56
94 79
32 88
73 77
87 95
39 27
38 18
6 25
62 45
69 88
68 58
69 7
61 2
59 21
15 18
42 86
93 100
7 40
5 97
5 68
71 89
11 42
47 59
75 59
5 98
87 84
6 28
30 10
41 78
89 80
27 81
21 85
65 4
40 78
52 74
23 80
1 83
19 52
83 93
68 93
67 82
83 7
67 90
31 98
55 57
59 56
14 14
61 8
27 27
11 56
95 91
60 31
59 100
41 60
52 29
33 89
25 19
50 83
68 48
15 64
17 49
92 2
23 7

100 120
36 45
99 91
37 50
40 33
86 60
48 80
29 49
74 12
47 84
99 52
26 88
30 31
7 94
95 80
67 66
88 40
25 39
72 45
46 28
44 11
36 2
93 16
67 1
82 6
71 59
73 12
95 24
66 44
14 8
55 66
66 81
28 48
41 13
88 95
18 37
65 92
68 22
95 12
94 87
22 74
57 20
93 40
45 43
76 34
95 44
9 10
80 53
12 28
52 88
60 95
74 38
9 16
31 4
32 56
91 63
83 7
4 15
54 40
48 80
11 66
6 84
82 34
22 59
44 21
70 75
77 73
89 36
98 39
29 99
41 13
7 53
58 18
47 78
41 51
22 42
69 1
65 100
77 96
15 51
65 69
34 27
12 39
60 95
5 60
78 94
71 23
95 2
29 42
4 14
64 32
14 58
47 63
25 57
19 64
8 62
16 68
64 31
70 49
92 84
27 77
47 58
5 27
100 54
83 41
26 71
18 92
87 100
84 31
1 70
31 65
13 59
55 34
23 52
44 22
70 40
35 76
32 70
81 86
21 76
34 100

100 120
39 15
77 46
59 4
15 2
44 12
35 100
54 85
98 35
16 96
71 78
40 21
87 72
56 25
67 15
98 44
42 80
45 86
9 60
69 53
73 7
96 9
88 21
34 75
21 14
94 91
21 82
27 85
42 3
71 38
33 80
59 67
38 92
3 100
43 84
1 67
85 64
16 91
48 18
46 54
9 87
36 25
36 92
32 42
9 83
67 4
80 88
70 35
59 11
19 23
32 94
26 25
13 95
25 44
58 37
17 20
1 47
45 86
92 53
57 6
4 84
72 85
81 49
35 23
14 19
50 62
15 35
76 81
68 71
39 83
76 61
36 63
87 42
77 39
12 18
4 79
58 31
67 4
81 34
38 72
65 36
4 46
70 36
78 32
36 38
61 88
85 76
43 4
6 14
51 96
94 12
88 43
34 86
4 37
70 80
48 2
8 57
34 74
16 56
75 61
8 71
76 97
8 41
8 72
55 30
79 69
12 83
5 94
4 17
54 46
90 87
24 99
15 3
67 97
40 72
89 84
33 82
24 46
81 84
88 44
20 42

100 120
66 14
24 61
53 71
84 73
64 12
65 17
53 47
86 7
83 96
76 86
70 39
59 76
90 87
73 4
92 23
15 26
28 68
28 72
81 41
12 37
93 52
100 36
83 91
52 85
25 38
43 61
99 91
28 66
42 18
37 69
57 48
99 90
2 3
30 17
42 13
4 50
92 29
89 62
31 68
9 75
75 77
63 89
59 66
11 7
80 86
8 29
6 53
11 6
38 42
49 84
43 71
60 39
14 59
21 88
67 1
57 70
68 32
56 28
12 98
69 40
18 20
1 64
6 58
60 52
31 1
96 58
39 34
65 83
80 4
54 96
56 57
35 16
83 94
81 36
100 35
62 79
58 99
4 85
88 16
23 97
20 15
54 39
61 51
90 3
16 92
16 54
97 35
90 5
69 26
56 70
16 30
42 44
32 60
10 9
37 14
97 91
6 46
24 60
19 89
39 54
43 96
39 35
30 28
55 18
43 30
19 41
100 82
39 69
19 45
89 93
20 70
71 98
76 96
11 93
66 17
72 6
90 27
71 60
38 77
46 88

100 120
25 3
4 48
17 23
56 2
100 34
41 43
42 95
29 16
15 41
22 18
19 87
11 89
18 56
52 63
62 19
89 84
26 16
83 85
93 61
97 98
3 84
22 62
93 73
92 6
7 12
46 55
93 63
79 32
80 71
71 44
91 20
42 20
64 67
83 85
10 27
75 58
53 56
61 88
9 82
51 57
15 60
27 56
45 38
99 49
22 79
97 33
29 73
66 24
39 33
99 99
48 84
29 91
99 67
59 79
23 35
63 71
85 99
26 35
26 86
60 18
31 43
39 60
1 34
27 81
84 12
44 40
36 36
42 32
99 46
77 38
42 55
68 85
97 32
63 35
66 19
40 44
98 36
30 8
18 69
32 84
25 26
34 36
77 59
77 12
3 18
94 22
69 70
37 97
61 49
25 36
5 54
28 16
25 47
3 72
68 53
15 89
86 77
70 75
79 84
90 66
49 35
52 58
28 44
7 61
43 64
84 42
13 56
77 89
91 27
78 23
37 4
38 83
56 55
73 61
68 82
94 70
32 25
36 70
55 53
92 81

100 120
95 35
59 1
30 1
64 90
90 85
21 62
47 20
100 59
29 12
44 47
64 19
32 42
89 46
34 8
94 83
37 42
77 11
44 41
30 57
1 3
15 65
13 33
11 19
38 9
39 72
20 27
30 75
77 10
51 4
21 10
1 15
54 2
61 8
9 72
8 37
63 29
86 1
2 89
23 15
26 63
55 31
18 31
48 16
78 6
35 83
74 42
61 29
34 63
41 50
35 61
9 7
80 12
52 64
20 32
59 83
34 40
96 66
32 25
81 36
51 77
56 69
7 14
20 70
75 12
70 3
75 94
100 76
17 97
25 43
36 35
74 94
74 5
51 82
32 20
50 56
28 57
34 52
65 49
59 71
2 21
32 48
65 91
24 45
45 43
15 45
61 26
2 82
91 2
91 2
57 9
86 70
71 26
17 19
44 46
31 38
24 57
72 27
79 98
1 7
50 47
62 19
26 46
80 87
26 5
57 46
65 59
63 75
61 54
31 19
34 98
59 9
11 50
53 97
35 94
37 33
22 26
98 26
7 11
50 4
17 36

100 120
20 10
40 54
30 2
44 4
77 91
80 1
77 71
42 73
97 53
91 62
78 91
21 98
84 61
21 30
38 2
38 32
39 86
56 60
61 88
64 63
24 82
61 88
63 52
95 62
21 97
97 15
56 68
94 51
82 100
15 62
26 58
67 43
31 19
48 34
29 68
99 64
38 52
1 11
98 93
24 36
67 28
90 39
7 13
31 58
83 26
16 57
67 40
93 70
47 38
34 97
41 12
48 86
95 17
71 18
21 75
16 92
85 23
70 22
67 40
91 36
81 77
62 26
32 11
94 33
28 28
88 80
91 24
50 77
57 19
19 14
24 9
98 22
43 44
27 90
18 6
56 60
7 63
23 4
89 46
53 24
64 45
61 41
2 56
49 60
57 19
86 75
30 25
64 59
32 47
37 47
98 94
62 32
39 89
52 15
81 10
11 1
65 57
22 60
2 45
99 12
9 99
34 46
36 1
53 56
16 25
50 23
99 85
64 86
87 44
38 35
70 70
95 82
99 26
6 28
96 68
66 36
75 37
75 12
87 8
7 99

100 120
17 91
71 55
5 37
81 4
37 65
7 35
16 46
8 98
34 17
23 63
17 82
87 45
42 59
70 52
28 30
46 51
69 13
4 78
83 10
78 77
96 72
92 86
28 98
32 39
84 99
5 55
41 20
60 71
61 51
44 18
21 52
42 98
33 11
64 43
1 64
84 25
37 74
100 7
88 74
25 85
55 8
28 74
55 21
77 29
24 17
25 40
52 82
48 88
96 72
86 85
99 74
93 17
12 99
31 14
41 58
73 17
90 25
15 16
98 86
50 9
29 88
25 68
94 66
30 51
9 19
61 88
35 30
60 89
92 10
77 22
48 6
90 88
85 38
4 43
13 59
17 91
18 89
99 72
75 23
12 89
50 29
69 87
41 53
66 51
60 32
54 68
40 47
58 6
97 57
15 48
87 39
13 55
99 2
64 66
19 11
6 72
75 42
90 2
81 38
96 86
4 28
8 1
57 30
38 84
68 60
61 44
72 30
40 49
81 60
51 83
20 10
41 77
32 93
59 40
32 86
29 88
43 96
56 63
40 61
60 77

100 120
96 45
49 81
15 30
64 45
24 58
74 82
71 24
10 87
86 7
69 4
37 79
69 43
17 69
93 86
54 3
44 43
5 67
59 54
64 98
76 84
36 20
23 31
49 60
36 97
2 55
35 32
99 7
88 16
64 17
56 3
59 96
25 99
1 66
52 36
80 30
84 89
81 45
43 87
59 27
4 83
32 42
30 93
62 45
77 65
82 80
12 2
26 61
75 35
40 23
12 100
76 15
88 91
52 81
43 52
37 31
68 23
46 38
44 18
54 88
86 8
67 56
61 64
80 50
41 50
100 29
36 2
66 89
38 40
24 35
10 14
50 12
67 75
25 39
54 10
16 50
59 38
69 62
64 32
22 71
74 75
77 50
62 67
96 88
19 94
13 40
81 18
34 55
78 83
32 6
2 34
19 17
67 100
69 42
83 15
83 66
43 34
50 60
24 69
46 36
25 61
25 100
8 5
19 19
90 32
88 41
9 92
77 51
54 65
29 93
93 65
60 96
68 49
49 50
16 79
35 15
58 41
33 6
68 35
32 73
89 58

100 120
31 51
62 13
26 63
90 20
16 52
2 82
92 64
48 45
72 13
69 40
8 34
37 73
8 13
4 92
12 89
31 61
3 76
84 97
39 11
51 45
50 50
43 62
46 100
39 33
97 17
80 72
50 21
7 43
12 54
26 9
36 85
27 94
5 84
75 99
79 95
7 33
90 93
59 54
16 100
88 13
26 45
79 22
51 71
42 91
85 27
65 88
10 62
23 48
92 49
34 76
92 26
58 4
11 51
89 56
35 24
20 22
7 8
74 94
17 8
46 24
5 80
95 30
9 90
1 52
81 17
81 48
48 4
50 62
51 49
66 37
34 47
9 41
74 99
84 28
97 93
21 42
25 50
1 85
63 38
38 56
77 69
24 81
16 90
68 15
37 5
70 5
87 32
64 55
89 26
12 94
26 27
96 14
12 37
13 5
48 63
26 23
96 49
30 31
84 23
27 22
23 82
12 2
49 98
69 60
5 27
48 38
94 84
47 75
61 71
6 9
90 34
24 77
95 12
96 91
99 56
41 46
1 77
29 32
66 92
98 61

100 120
60 91
27 31
10 88
14 55
52 54
23 11
79 81
15 52
3 49
98 27
21 42
69 38
47 22
49 85
9 29
40 63
20 31
66 50
66 52
12 30
56 100
76 50
5 77
85 93
85 56
51 2
11 67
72 34
4 14
81 64
7 25
55 18
36 52
56 32
91 63
34 77
90 40
85 27
29 52
20 11
34 98
12 29
24 25
93 98
91 89
56 30
7 8
76 7
82 9
18 49
81 82
94 88
9 84
90 26
8 4
74 14
76 46
64 87
44 49
82 22
73 31
59 92
89 62
43 89
6 82
89 87
70 78
69 22
48 58
47 34
85 66
87 66
45 32
30 22
52 3
40 75
33 37
77 69
45 67
72 15
42 37
12 21
14 67
62 4
62 95
2 37
4 7
13 75
85 45
23 19
23 15
19 52
77 46
51 53
87 25
83 3
66 88
97 99
69 5
59 84
33 34
4 90
82 91
91 85
2 93
39 83
5 71
47 74
71 26
38 40
43 61
10 56
77 43
75 3
1 32
80 38
71 27
77 37
48 84
38 32

100 120
86 60
90 94
1 5
67 77
11 90
59 61
6 6
40 21
71 33
93 8
89 26
31 34
100 35
59 18
64 30
9 10
37 21
43 32
52 83
86 44
41 8
48 72
14 51
14 17
88 71
9 100
92 37
56 1
64 47
76 9
92 75
46 25
80 16
76 28
9 99
62 74
32 6
99 28
6 55
10 12
80 9
34 25
5 72
81 83
85 7
81 34
39 58
68 57
80 46
12 82
87 85
84 98
21 100
71 39
11 17
24 91
29 12
85 95
51 29
15 41
67 100
16 84
90 26
92 12
42 61
61 5
63 54
38 26
7 80
17 2
26 53
31 52
48 28
40 50
34 6
55 29
4 98
97 29
45 63
79 56
68 78
16 64
49 91
94 21
52 43
53 61
58 18
11 33
12 2
6 11
26 94
69 99
17 53
67 45
55 68
70 28
61 58
34 29
50 86
49 39
86 29
67 76
60 28
29 46
4 61
1 93
79 31
27 18
56 61
94 38
51 86
35 40
93 13
10 20
28 97
31 100
30 65
9 26
55 36
13 38

100 120
99 36
65 26
5 91
29 79
56 78
77 71
44 1
95 91
72 38
10 15
50 62
42 78
54 41
26 36
43 57
12 97
57 27
97 84
10 50
40 99
90 35
65 25
13 57
64 1
89 58
49 87
18 13
43 28
43 10
93 45
7 49
48 90
23 36
31 57
54 28
71 38
94 13
60 2
56 27
89 5
26 3
34 51
100 80
84 14
84 79
77 14
10 53
89 5
40 99
72 10
29 25
11 89
14 77
5 88
40 92
21 84
15 11
47 58
65 1
17 42
91 6
85 59
98 27
84 83
67 51
17 68
34 39
48 42
47 56
54 6
23 66
18 14
86 52
38 27
20 4
76 40
68 10
47 87
93 32
76 13
13 13
54 24
33 47
95 88
37 1
65 39
3 72
82 97
75 75
19 44
98 22
36 70
18 89
53 46
75 28
67 39
70 42
45 95
97 83
36 58
88 40
45 91
32 96
75 50
93 87
62 32
65 40
50 16
75 82
25 85
95 31
62 55
57 40
41 39
78 36
88 88
5 73
67 16
73 79
92 67

100 120
21 74
20 71
71 26
53 36
98 41
83 70
95 67
30 13
43 1
14 89
72 78
25 23
66 19
72 57
98 81
4 80
15 51
60 56
60 65
58 55
47 22
81 45
37 4
76 16
90 36
27 39
10 66
31 49
98 10
52 86
28 17
96 50
92 16
67 66
90 61
99 23
27 31
94 64
5 22
11 93
73 19
53 11
88 25
35 96
22 1
13 89
2 67
79 84
35 79
50 69
100 94
96 72
71 4
80 16
40 64
53 27
95 76
9 10
64 67
97 39
37 64
41 81
78 75
45 2
80 27
99 71
78 34
10 79
64 40
40 35
19 27
57 21
44 93
50 42
69 62
83 38
53 34
14 79
28 44
48 39
82 70
19 31
43 55
66 47
15 86
78 43
1 2
89 25
63 14
87 88
79 49
8 91
64 94
8 72
90 44
38 16
52 20
55 39
48 82
57 25
73 15
48 55
48 25
23 75
82 91
53 67
87 97
67 27
88 11
91 23
42 17
15 92
49 6
39 98
49 28
27 49
49 14
51 58
56 71
15 91

100 120
39 2
90 72
94 85
95 12
13 57
90 10
3 99
70 81
16 68
92 13
28 38
62 28
51 72
30 2
52 52
37 100
77 24
73 14
28 24
1 27
29 79
19 52
37 61
61 80
97 58
37 65
3 3
26 45
10 47
97 19
97 49
39 82
69 47
34 5
23 66
81 95
1 25
92 75
37 12
2 72
58 3
59 6
97 39
6 34
23 47
40 36
39 84
13 80
7 28
63 45
31 49
5 50
65 45
55 99
71 45
15 90
31 63
60 43
72 84
47 34
9 48
46 15
2 20
21 20
72 75
5 55
21 83
88 72
38 73
29 64
100 65
39 32
25 86
95 22
40 67
66 64
7 31
47 76
74 31
29 20
6 75
70 68
57 92
6 20
74 39
6 65
87 3
6 3
14 51
1 31
81 65
80 91
36 76
64 92
40 83
26 81
8 21
50 32
42 15
83 82
17 95
69 11
69 94
12 98
28 93
41 73
62 68
65 76
7 48
29 94
34 55
84 82
32 86
3 16
52 8
16 6
34 39
97 82
18 22
57 71

100 120
53 28
82 17
2 70
20 1
17 14
78 43
48 74
17 3
33 5
100 94
62 2
82 14
5 53
1 48
8 55
34 10
54 44
62 27
31 1
94 72
53 15
90 22
37 47
19 56
38 4
27 39
31 54
18 7
74 24
86 79
52 58
67 87
18 7
39 39
9 36
52 16
4 55
56 52
78 54
13 17
23 75
35 65
13 91
92 39
20 64
6 46
6 72
81 18
11 33
75 6
31 96
46 70
87 76
58 27
17 63
3 51
92 55
82 23
77 70
60 92
15 76
53 37
87 40
30 43
93 25
5 31
73 23
88 59
43 40
51 14
52 66
99 17
45 16
59 58
68 26
56 34
1 64
44 52
26 10
11 90
72 68
41 43
58 31
28 100
52 46
92 3
52 93
32 82
49 88
59 2
59 14
67 76
19 32
94 29
41 57
31 58
98 12
55 37
24 15
63 76
54 3
83 84
22 71
95 31
58 93
97 18
49 7
17 24
19 16
11 57
41 72
23 22
94 25
82 55
36 76
24 94
34 65
79 49
67 71
50 63

100 120
30 72
29 93
15 91
43 13
60 92
88 53
9 81
27 34
56 92
73 93
40 75
77 34
38 5
12 35
14 6
83 15
27 33
18 35
85 8
34 90
63 24
59 11
72 54
89 55
29 6
17 12
7 21
54 34
10 49
34 70
49 100
50 24
51 10
41 23
7 11
46 84
80 69
3 86
84 65
96 68
23 68
59 3
70 81
94 15
8 29
100 68
18 3
12 18
80 82
83 59
25 59
6 90
100 52
36 1
60 17
54 1
10 89
11 93
64 81
70 61
70 94
19 37
43 41
83 97
81 55
33 66
100 59
47 1
64 99
39 59
4 82
37 42
17 39
99 10
96 88
96 36
41 43
100 19
77 52
59 40
25 4
87 51
42 95
19 28
70 21
69 27
53 14
62 54
34 30
74 35
78 92
44 15
34 86
51 77
5 43
32 37
99 60
46 44
45 86
88 82
10 57
24 46
35 18
67 1
56 29
6 54
62 36
82 61
41 22
86 24
5 18
43 79
48 59
53 79
10 50
17 70
19 67
58 39
18 62
66 21

100 120
47 88
97 10
49 46
100 20
76 19
82 16
18 76
89 80
41 47
56 20
87 77
67 52
59 48
48 55
25 40
65 34
66 55
91 29
48 91
58 17
7 21
77 13
4 23
52 22
15 36
4 29
25 19
5 79
39 51
62 30
56 62
8 33
4 7
66 89
82 82
79 84
27 76
9 8
84 79
84 31
7 51
1 25
2 94
52 100
20 11
89 28
17 44
52 2
58 39
1 45
98 82
32 98
41 19
54 5
16 6
85 77
78 66
73 86
14 38
19 79
89 56
4 32
52 15
42 25
30 44
96 56
93 38
92 83
30 62
77 69
37 28
76 5
54 95
51 20
2 76
51 40
30 71
34 75
10 67
98 31
89 96
74 72
9 40
11 44
3 97
16 32
59 86
85 92
56 87
85 54
50 15
98 9
10 54
79 84
70 88
33 12
27 35
52 1
56 28
74 62
7 53
61 23
97 86
85 10
61 26
70 14
3 26
51 4
36 40
18 24
43 85
19 89
63 87
43 53
69 12
89 68
13 71
2 46
68 50
55 7

100 120
60 74
89 9
99 94
41 72
21 33
3 43
83 12
41 60
74 55
76 80
25 56
13 69
11 9
22 37
100 89
55 38
64 92
11 6
3 18
36 35
17 33
54 35
89 59
80 98
40 89
89 29
12 26
30 66
19 19
75 77
67 70
93 68
13 25
100 72
96 2
78 46
28 15
81 14
60 32
60 87
14 73
2 72
38 33
44 16
77 54
96 66
64 24
50 93
51 97
72 11
53 87
97 25
84 91
71 99
51 66
13 81
19 75
40 17
82 18
74 60
31 13
86 83
75 45
98 67
60 76
48 56
81 89
36 65
71 57
68 1
6 96
50 64
4 62
74 8
17 5
20 72
56 64
50 88
39 10
72 60
29 95
44 49
85 64
2 93
10 60
89 60
16 67
69 41
88 55
91 31
71 55
23 4
58 4
90 53
94 52
22 45
41 97
26 66
92 24
78 29
33 6
9 46
73 64
20 75
9 18
100 51
60 1
41 23
28 92
94 17
9 60
93 70
84 6
56 41
85 30
44 56
85 87
30 46
17 56
14 17

100 120
58 1
4 21
64 100
90 64
12 43
12 63
85 16
11 14
98 88
54 26
21 33
31 34
28 66
35 97
85 90
46 26
17 34
39 27
66 33
95 68
57 89
79 59
3 92
36 72
98 76
34 56
88 30
55 32
96 28
66 59
17 90
28 45
35 65
40 11
89 11
75 71
82 60
87 86
35 39
54 100
32 34
63 12
34 26
40 22
78 13
93 1
59 50
10 50
25 70
81 82
91 59
100 65
85 23
87 57
68 32
11 72
34 66
20 80
9 12
4 49
10 8
36 68
82 9
39 99
7 65
82 62
45 20
76 55
76 77
33 4
34 59
52 54
38 43
23 27
4 42
57 80
71 7
37 70
5 98
3 3
59 52
64 42
93 45
94 96
89 22
19 53
31 85
16 73
37 83
38 91
28 77
20 51
5 15
96 13
15 83
93 5
17 52
63 55
92 68
17 21
99 98
82 23
50 13
21 21
29 67
55 61
22 91
96 82
94 70
99 89
83 84
69 91
76 98
74 32
9 4
80 22
47 82
2 98
63 1
67 38

100 120
92 25
65 7
87 73
33 4
13 48
54 45
100 10
74 24
44 62
77 19
69 3
1 86
66 19
32 63
100 7
57 16
15 74
3 89
94 77
82 96
3 19
12 35
61 22
53 100
22 6
10 50
82 56
95 38
17 43
65 62
72 83
4 19
40 22
40 37
68 47
28 51
29 34
10 89
75 31
37 6
81 73
28 9
2 98
41 57
59 58
32 98
55 98
11 93
19 54
22 63
68 57
38 96
2 11
11 75
92 87
65 79
67 51
57 86
46 26
31 46
45 54
81 83
45 92
14 21
89 81
96 93
92 13
51 72
27 82
11 97
35 100
88 35
98 96
34 13
89 81
42 12
85 41
91 86
89 47
99 51
40 12
57 84
93 19
91 65
4 64
86 77
89 22
79 65
16 25
14 61
37 75
81 81
35 71
16 4
38 84
38 80
75 16
77 65
77 63
1 40
76 28
66 34
15 68
35 58
85 95
29 86
20 25
40 62
54 36
25 90
85 46
23 81
13 28
45 65
86 43
15 63
68 2
98 80
10 96
39 14

100 120
42 51
25 25
14 19
22 73
94 82
13 63
14 5
99 77
14 97
75 84
65 23
73 60
67 94
33 12
38 9
70 27
14 41
44 28
91 5
22 68
28 54
89 94
22 81
17 25
73 21
12 19
5 2
63 69
23 57
52 90
79 71
99 12
3 78
43 38
32 86
66 55
35 68
54 89
91 42
73 72
91 62
33 62
77 23
68 52
97 65
2 17
81 71
62 63
48 60
33 3
42 16
6 13
46 2
99 35
46 11
84 53
55 16
86 50
100 33
100 21
53 44
77 62
87 31
87 65
100 31
68 76
21 11
46 57
33 80
71 17
51 24
89 27
92 28
10 12
63 94
75 29
98 80
17 31
77 50
21 21
1 98
72 39
23 57
17 34
42 42
43 34
69 75
51 12
94 63
49 24
16 100
9 58
2 48
56 25
7 93
37 79
60 57
85 56
100 55
37 38
89 1
33 50
19 29
36 85
10 45
47 81
57 39
68 76
21 32
98 56
49 56
85 90
95 42
32 32
50 4
99 76
30 10
31 47
98 38
58 95

100 120
81 56
23 3
87 71
41 59
28 85
26 19
70 7
32 51
7 74
99 78
31 21
69 1
2 40
94 14
23 94
1 89
36 3
72 48
71 79
15 85
12 44
6 58
2 28
76 47
61 60
68 96
44 2
70 7
60 25
47 61
35 36
19 51
17 55
37 27
98 51
31 66
83 97
95 32
67 83
64 29
34 38
50 42
73 92
75 99
17 52
9 16
86 20
45 40
67 48
51 35
34 58
91 93
42 64
50 60
9 62
82 90
39 62
37 41
20 38
49 69
76 41
25 75
59 24
65 47
68 48
22 95
84 25
20 83
93 39
74 75
94 34
10 81
77 53
44 25
33 68
47 80
54 13
54 17
42 19
85 73
61 68
32 36
49 98
8 50
95 11
12 40
15 42
92 47
35 39
11 42
76 5
38 23
75 14
84 91
70 72
68 90
39 36
82 78
69 78
93 52
63 99
72 68
19 66
25 78
100 100
98 45
98 17
72 29
62 99
71 28
17 74
31 73
86 27
6 61
77 20
80 50
23 85
32 78
31 33
51 94

100 120
99 12
64 11
87 62
26 83
4 8
23 4
93 32
76 1
2 88
46 63
60 68
82 67
10 89
67 74
53 10
45 10
19 2
89 70
66 30
53 91
63 66
50 52
16 6
31 50
70 60
59 25
100 32
91 97
13 51
33 48
38 58
4 22
75 16
99 75
1 28
40 39
17 45
79 43
4 53
29 62
63 64
88 50
83 79
28 55
41 33
8 85
75 36
22 100
45 62
65 86
79 74
65 73
14 92
9 6
19 58
25 8
59 12
8 38
92 48
4 35
14 5
80 31
14 49
90 23
30 20
60 16
60 62
81 40
54 91
75 44
1 35
59 94
78 68
7 34
96 69
56 91
67 99
48 19
92 94
30 29
17 98
88 50
23 70
16 98
65 61
14 71
44 79
7 33
88 58
28 53
45 63
53 4
66 75
13 1
93 68
74 51
37 70
40 87
93 6
8 63
69 3
60 19
23 72
47 75
15 53
10 14
64 97
38 84
8 92
39 72
18 67
28 11
20 94
73 49
49 77
88 80
26 10
42 56
9 50
18 73

100 120
61 57
79 76
65 58
23 38
48 6
30 6
45 41
42 49
59 49
72 75
79 56
35 56
55 55
34 30
27 65
90 92
18 36
44 29
92 11
94 51
42 62
80 5
71 11
58 64
71 47
33 1
36 37
1 88
82 94
62 3
9 61
7 77
44 77
41 53
26 80
32 65
57 90
18 3
19 33
18 46
1 51
37 90
61 89
42 93
64 97
66 46
26 21
61 58
33 97
14 82
63 34
79 50
9 49
44 62
45 49
53 76
31 47
66 46
76 83
24 36
34 84
98 96
89 78
39 74
27 96
79 3
19 99
66 54
15 3
40 39
100 3
33 93
35 8
17 44
61 53
75 95
82 92
51 44
88 12
55 51
14 12
42 83
91 15
13 64
53 82
95 89
55 66
23 70
26 79
13 9
45 82
83 4
39 50
97 81
76 68
20 57
87 4
35 55
61 53
3 55
60 67
16 71
70 39
73 5
8 59
38 50
26 34
17 92
42 6
98 27
35 20
93 57
34 27
76 90
66 48
80 98
39 83
14 98
76 78
81 64

100 120
90 34
59 62
3 64
41 65
79 30
18 34
34 81
98 74
68 1
31 41
8 10
7 67
12 58
47 36
68 44
43 76
45 24
94 75
84 82
42 55
50 45
82 96
86 23
34 80
62 27
47 25
77 12
16 15
13 56
32 26
82 9
34 64
62 97
84 35
4 78
86 86
67 31
22 32
29 73
19 4
76 94
71 51
66 2
19 9
57 65
51 81
17 25
90 11
9 82
29 26
80 89
19 88
45 84
65 91
71 88
51 8
56 63
64 97
82 79
66 100
71 16
56 67
73 74
94 3
8 82
26 63
70 30
19 54
36 14
51 75
88 50
82 40
8 6
40 70
35 75
82 27
17 89
48 80
82 37
28 31
94 76
45 62
2 88
61 10
37 67
11 20
31 9
56 62
7 91
33 1
97 73
69 36
31 67
91 98
34 63
12 41
23 100
97 10
47 33
17 33
6 100
43 17
80 64
99 83
34 75
99 10
52 70
64 22
43 19
36 56
50 3
40 22
70 38
15 44
16 66
22 22
17 45
20 98
9 18
78 3

100 120
73 89
100 74
40 87
92 48
84 60
33 13
3 55
27 84
38 75
70 83
54 33
77 15
31 95
36 98
92 10
68 85
83 82
47 29
98 50
31 71
64 59
71 20
32 1
20 50
18 39
77 76
71 8
95 72
65 21
77 91
54 74
22 66
71 77
32 14
18 50
77 85
73 59
72 49
22 31
6 9
43 63
65 83
54 74
4 35
19 89
44 76
43 66
6 19
49 45
6 40
1 1
49 83
80 7
71 48
95 51
2 44
29 37
5 60
87 11
95 20
68 11
73 47
10 54
30 62
39 86
43 59
92 7
37 11
14 28
19 51
89 95
23 61
79 4
42 92
86 72
2 16
26 78
12 81
78 32
26 14
24 100
96 86
30 68
48 23
13 61
74 33
1 21
62 13
95 31
15 31
91 63
3 77
87 10
35 77
14 49
98 7
36 90
52 76
47 43
28 32
37 50
78 27
16 13
29 45
98 64
25 64
13 31
35 43
55 38
49 68
16 95
75 65
11 29
68 19
70 22
20 67
55 100
33 87
99 71
80 41

0