100
200 10
186 39
10 87
86 32
146 100
104 136
99 135
76 166
163 61
126 162
53 107

200 10
94 142
5 139
179 27
73 162
30 8
57 94
7 92
70 173
30 56
109 177

200 10
15 57
156 13
99 147
169 109
159 99
87 47
169 34
140 188
177 82
192 20

200 10
56 199
64 127
40 61
122 164
147 42
38 123
60 199
101 42
30 61
47 116

200 10
79 91
180 142
72 40
120 193
47 62
21 10
128 26
152 62
173 163
164 121

200 10
190 63
199 17
33 180
79 174
95 117
8 189
195 187
71 35
132 141
17 14

200 10
114 138
159 121
73 156
113 156
81 172
155 64
170 31
102 127
58 70
144 19

200 10
93 167
173 172
182 186
197 90
96 147
118 167
157 188
123 93
133 190
51 100

200 10
179 148
174 121
136 176
63 122
123 11
136 79
106 24
134 127
182 188
96 109

200 10
151 56
48 189
145 77
67 148
189 146
134 28
17 196
127 190
173 56
50 188

200 10
90 50
77 82
96 141
33 103
69 82
87 94
98 49
61 88
37 15
154 27

200 10
58 125
95 195
80 175
66 51
53 107
183 90
64 74
78 149
146 15
9 88

200 10
170 55
139 177
152 72
31 7
112 154
20 155
155 149
72 177
25 22
49 18

200 10
155 166
164 78
172 5
112 115
30 192
85 134
160 100
196 82
104 195
114 131

200 10
196 50
100 81
94 163
174 200
57 145
190 153
172 89
83 142
198 168
105 181

200 10
19 128
172 53
48 147
18 190
182 90
125 61
114 69
107 40
164 75
18 198

200 10
193 15
191 76
37 77
92 178
167 147
190 133
50 161
91 89
179 181
88 29

200 10
190 90
97 186
86 71
105 193
192 76
110 29
26 80
180 16
185 21
108 28

200 10
182 62
66 163
113 79
172 179
14 189
1 11
95 135
2 129
84 191
83 98

200 10
123 125
84 11
83 99
143 75
7 180
78 50
63 110
42 114
165 144
60 38

200 10
29 112
83 197
187 33
33 53
31 107
190 99
165 81
64 131
6 11
200 138

200 10
165 56
82 42
32 180
184 50
115 69
169 181
1 19
194 124
44 103
161 101

200 10
168 98
17 152
103 121
70 2
16 60
24 185
127 108
132 17
10 176
2 67

200 10
64 53
120 108
186 17
175 89
134 100
160 58
172 163
95 86
123 52
2 177

200 10
177 172
101 83
144 177
183 165
108 144
156 15
85 62
111 153
170 11
77 88

200 10
134 14
94 62
91 39
188 125
153 131
13 189
39 86
129 133
72 127
74 82

200 10
16 182
132 181
49 63
147 47
19 186
4 156
153 125
18 32
35 59
152 86

200 10
43 9
197 137
18 41
14 123
185 118
48 139
156 120
60 126
179 158
134 70

200 10
41 159
158 112
41 54
196 95
141 152
188 105
112 67
112 144
144 199
27 102

200 10
64 57
119 145
150 200
121 3
136 119
33 80
58 167
81 23
6 21
172 160

200 10
49 82
193 167
109 193
14 188
98 161
113 70
125 165
42 112
74 49
175 68

200 10
123 167
16 155
58 11
101 11
86 63
51 1
21 3
133 161
187 75
52 64

200 10
82 172
90 136
24 119
141 46
13 29
176 148
33 18
68 164
178 16
16 118

200 10
86 182
48 119
2 156
96 103
145 79
41 126
124 71
13 6
14 191
161 116

200 10
70 93
38 131
78 91
188 57
34 39
94 139
73 147
144 189
97 128
51 22

200 10
172 130
93 118
103 141
163 82
85 198
144 150
58 71
3 51
60 192
134 93

200 10
190 177
6 142
18 146
131 141
145 125
106 29
56 52
128 95
111 37
117 138

200 10
143 66
27 78
176 74
92 135
56 36
112 44
44 40
115 38
168 69
13 47

200 10
89 155
149 89
173 9
79 4
49 124
158 145
145 108
70 133
156 187
115 159

200 10
133 92
195 80
164 73
25 28
97 163
104 64
35 83
16 134
120 111
99 178

200 10
118 115
62 190
21 37
139 126
165 182
200 152
164 99
64 177
117 72
54 195

200 10
114 38
79 98
182 195
154 25
158 146
153 20
162 189
176 129
125 180
133 96

200 10
64 93
116 47
56 159
17 154
160 123
63 190
29 124
111 165
25 3
113 129

200 10
98 54
66 100
195 186
195 147
121 1
60 188
96 109
27 198
34 163
156 177

200 10
79 149
55 84
169 38
4 19
94 200
139 163
130 101
163 32
98 47
42 125

200 10
138 86
152 42
80 95
151 85
31 18
123 64
5 150
19 27
141 35
10 70

200 10
111 16
71 133
166 175
113 87
184 157
186 133
9 178
163 32
13 180
47 50

200 10
136 197
200 160
156 120
170 171
143 13
86 58
125 69
142 59
10 183
81 58

200 10
1 44
24 70
180 73
5 37
37 96
105 150
169 5
79 179
114 152
138 112

200 10
65 20
34 200
124 173
151 89
136 124
4 60
121 195
22 195
74 176
82 55

200 10
88 175
80 34
13 47
181 199
63 71
68 81
184 163
194 53
94 43
165 121

200 10
189 20
147 167
98 69
21 108
172 108
11 31
190 103
77 173
3 73
161 173

200 10
164 88
25 45
104 131
142 140
80 179
75 115
121 62
103 9
86 84
86 82

200 10
180 52
99 143
56 131
187 69
125 152
86 93
49 108
38 198
139 75
6 33

200 10
113 101
158 184
133 127
142 192
155 169
35 50
91 151
97 29
42 161
58 107

200 10
197 47
43 104
185 129
38 82
30 200
142 150
22 86
121 115
65 200
56 195

200 10
20 59
91 81
81 149
188 75
11 77
89 177
50 114
13 35
100 121
187 149

200 10
93 65
18 119
72 10
182 125
154 168
75 3
40 181
97 69
69 75
146 94

200 10
95 95
187 29
177 14
83 198
102 138
139 193
6 120
116 46
151 41
82 99

200 10
29 40
39 83
47 187
74 103
186 50
30 29
142 136
163 148
188 181
59 102

200 10
70 183
85 3
146 60
136 102
100 193
148 10
187 159
180 72
32 164
13 76

200 10
98 170
76 9
100 122
195 121
169 138
152 127
36 73
164 90
121 107
147 113

200 10
17 123
156 107
152 20
3 180
124 158
155 137
104 176
24 20
45 39
180 187

200 10
8 137
168 76
111 115
54 111
108 34
50 58
35 55
75 151
123 138
146 15

200 10
125 169
101 132
187 190
143 6
171 13
15 143
162 55
21 22
96 6
93 9

200 10
97 189
169 68
62 27
127 138
149 24
180 114
14 106
50 164
136 60
166 105

200 10
20 100
126 20
99 186
82 146
29 41
84 156
129 51
92 20
157 24
188 26

200 10
177 30
35 9
116 132
45 68
19 18
177 195
188 43
147 6
101 25
183 152

200 10
144 110
51 137
121 57
33 60
187 36
138 90
111 8
3 179
111 161
195 83

200 10
157 136
105 85
110 42
64 97
195 126
21 138
150 184
97 63
112 133
18 91

200 10
12 52
37 154
99 113
39 4
143 1
152 89
133 83
188 68
191 121
132 174

200 10
100 157
95 78
15 140
140 18
18 96
76 184
132 113
173 135
172 71
32 67

200 10
21 49
74 116
176 33
48 68
178 126
193 161
20 115
95 101
48 165
108 186

200 10
60 29
13 53
111 84
85 66
5 163
46 72
127 72
11 48
2 146
160 85

200 10
60 34
38 53
33 33
157 9
185 131
56 19
125 199
26 76
98 68
123 79

200 10
68 23
115 126
17 61
63 117
65 11
113 104
45 2
85 83
100 192
175 67

200 10
181 184
87 60
30 19
168 136
188 22
79 152
151 143
108 98
126 157
84 37

200 10
52 109
156 115
86 87
94 72
37 33
28 123
40 147
67 61
189 59
28 194

200 10
79 99
108 174
139 43
25 15
153 113
16 118
189 66
181 51
131 26
8 69

200 10
78 90
179 123
163 67
41 20
47 119
17 186
77 8
88 65
59 137
53 66

200 10
54 81
82 163
163 22
46 81
190 73
92 53
44 67
135 108
127 188
177 39

200 10
98 43
40 1
78 5
153 165
168 99
166 148
95 132
10 53
54 17
174 148

200 10
70 138
90 185
55 154
80 97
196 89
200 50
127 197
138 154
76 75
60 111

200 10
47 112
120 104
20 172
59 24
79 121
148 200
171 74
116 29
45 105
107 143

200 10
75 36
111 57
71 107
185 105
52 115
167 37
27 15
23 71
61 58
8 179

200 10
34 109
154 98
119 33
34 78
139 15
174 54
199 95
140 57
28 73
65 77

200 10
171 73
43 60
123 167
163 110
70 18
29 166
152 32
71 83
83 10
64 171

200 10
102 81
70 139
150 2
99 151
187 99
39 101
160 68
52 161
61 157
4 115

200 10
3 100
139 40
122 43
5 77
199 160
59 93
126 169
190 184
22 55
78 156

200 10
200 27
129 43
147 187
171 147
82 125
94 141
171 23
2 22
85 87
116 106

200 10
31 22
20 150
3 198
177 93
146 165
63 141
84 68
90 136
132 184
38 88

200 10
5 10
169 33
24 74
184 106
197 86
173 20
108 12
19 77
29 130
165 118

200 10
171 60
107 42
86 154
75 104
172 191
73 75
147 131
176 122
166 125
169 162

200 10
159 142
116 122
182 97
60 123
11 123
95 66
25 73
193 198
61 112
154 7

200 10
37 100
151 197
56 72
81 192
82 76
196 81
81 188
39 98
171 162
137 48

200 10
189 100
188 18
96 195
52 131
112 119
54 50
87 191
75 172
186 130
177 73

200 10
30 4
36 30
49 140
71 111
3 112
14 72
39 193
96 93
26 196
105 22

200 10
25 19
120 67
128 122
34 122
153 9
59 199
102 130
64 132
144 41
100 131

200 10
96 90
49 142
79 130
91 3
59 43
108 142
123 58
162 89
157 40
22 86

200 10
143 137
64 81
126 41
89 28
125 96
87 111
90 145
133 41
43 129
178 109

0