50
1000 10
912 880
233 894
316 86
716 905
782 334
484 427
211 797
157 871
222 296
655 296

1000 10
246 548
244 492
885 738
780 714
483 236
243 271
300 419
785 406
724 22
267 526

1000 10
272 776
618 523
754 314
837 786
605 853
657 349
700 980
893 319
279 944
280 593

1000 10
109 947
68 146
682 286
170 941
663 38
57 649
267 661
559 946
497 306
871 110

1000 10
9 744
375 785
777 695
439 536
745 209
4 115
861 112
423 462
613 865
512 68

1000 10
685 292
956 594
778 462
520 403
307 153
720 715
838 288
518 142
852 43
356 171

1000 10
92 943
881 402
560 627
399 702
845 974
379 282
617 524
879 727
533 648
695 677

1000 10
200 561
526 308
589 987
831 549
335 79
531 838
792 842
409 189
575 8
541 242

1000 10
781 746
767 599
550 484
603 703
951 75
632 261
359 507
971 792
926 499
894 957

1000 10
430 19
567 636
185 515
182 520
236 471
303 131
414 624
69 250
704 203
584 145

1000 10
256 570
656 254
625 634
746 843
882 348
299 455
728 743
865 844
73 468
263 73

1000 10
125 664
933 975
303 196
594 233
685 300
298 819
500 102
202 396
132 257
193 402

1000 10
782 420
235 141
616 364
62 873
566 704
841 982
494 188
728 483
743 783
235 955

1000 10
380 57
427 700
565 961
2 574
227 848
946 829
686 710
31 936
969 216
302 346

1000 10
910 949
599 285
370 661
979 31
514 592
219 604
55 483
889 177
197 227
639 885

1000 10
695 730
337 489
848 261
411 519
712 717
844 546
646 49
679 642
235 460
912 206

1000 10
367 903
186 700
875 470
669 995
605 964
513 119
894 962
262 587
866 46
349 598

1000 10
260 497
553 382
721 340
897 112
81 710
680 768
934 971
443 273
246 10
404 644

1000 10
805 195
730 568
306 112
996 902
514 296
130 741
838 431
304 900
575 702
309 479

1000 10
639 30
436 650
26 941
47 374
164 131
456 466
788 368
116 385
80 217
236 378

1000 10
279 787
735 801
916 152
653 855
684 579
78 789
651 910
549 344
790 444
767 59

1000 10
115 235
253 643
668 242
150 912
873 514
304 837
306 72
846 345
83 611
791 615

1000 10
101 913
166 566
709 986
428 257
13 93
880 109
938 702
356 610
751 498
228 633

1000 10
934 108
647 576
324 150
937 265
705 307
620 386
70 929
291 307
90 623
73 74

1000 10
807 757
323 738
409 278
463 12
413 1000
143 792
358 562
617 100
772 360
865 139

1000 10
850 15
239 253
14 266
779 241
267 731
975 369
472 780
894 942
914 658
630 8

1000 10
695 714
570 867
323 924
381 400
553 87
594 614
543 299
359 209
787 727
689 306

1000 10
595 471
987 598
381 881
739 364
644 468
385 445
27 164
175 117
426 926
245 293

1000 10
408 135
457 673
804 649
853 770
196 698
995 134
739 447
835 538
662 123
480 763

1000 10
288 191
208 174
369 197
970 150
983 865
802 186
718 626
204 984
414 313
490 519

1000 10
198 431
988 258
947 227
484 48
88 822
553 309
131 128
477 255
490 391
459 521

1000 10
829 802
575 557
253 372
694 182
316 168
376 589
713 785
972 768
640 121
989 310

1000 10
789 999
576 304
732 530
919 195
322 82
465 422
650 167
639 856
527 414
177 537

1000 10
584 238
670 658
923 958
506 629
543 789
668 583
594 229
173 558
817 987
34 23

1000 10
991 437
761 767
631 334
923 442
420 746
185 617
339 169
928 37
937 78
449 331

1000 10
536 58
561 181
652 816
811 154
634 963
744 467
324 752
582 50
531 581
183 208

1000 10
847 479
565 808
659 968
276 299
294 666
536 171
346 671
486 508
255 887
360 377

1000 10
785 681
134 933
328 964
690 712
716 316
121 196
65 162
803 546
624 766
245 42

1000 10
838 79
192 700
4 505
383 406
24 92
715 343
793 854
255 208
108 997
452 389

1000 10
671 734
439 554
834 153
763 500
2 23
191 26
269 338
757 602
49 90
924 50

1000 10
673 304
247 165
17 3
276 828
243 50
614 114
741 62
242 803
80 53
826 671

1000 10
134 71
570 878
469 176
187 775
44 885
835 552
845 995
69 443
246 864
570 528

1000 10
207 472
958 949
304 339
698 130
98 658
291 407
468 687
753 965
472 602
548 124

1000 10
255 705
461 693
200 288
884 570
128 646
534 545
941 239
665 542
477 627
896 288

1000 10
360 992
979 920
35 780
793 385
501 402
841 893
651 62
676 842
46 350
799 376

1000 10
421 749
785 319
773 404
899 663
561 924
225 471
555 771
148 931
997 418
259 460

1000 10
777 880
644 383
347 962
768 175
511 442
252 62
779 31
894 631
90 671
651 102

1000 10
907 783
847 361
792 918
554 657
962 141
233 305
469 893
58 2
651 348
512 834

1000 10
650 134
983 587
724 144
216 430
114 67
900 635
944 845
401 42
834 582
280 848

1000 10
717 395
993 131
870 923
217 427
246 285
554 198
738 484
425 107
492 70
695 245

0