50
1100 10
1021 817
884 1046
299 220
288 453
376 430
42 130
464 1069
633 795
997 413
778 137

1100 10
997 657
68 451
581 272
1078 461
267 393
375 679
170 26
325 772
426 1079
478 1075

1100 10
559 873
676 985
733 813
864 796
724 751
1074 191
69 230
797 790
580 757
774 74

1100 10
8 555
357 72
726 730
273 1095
636 877
1007 155
96 110
528 151
425 857
999 901

1100 10
588 664
989 630
602 447
543 671
456 411
929 925
24 555
162 301
996 761
887 608

1100 10
448 731
597 267
444 602
41 221
152 201
747 965
547 444
305 1090
552 555
28 282

1100 10
237 291
303 608
233 776
702 696
825 788
525 378
37 901
23 590
160 417
1010 24

1100 10
842 219
134 493
474 215
853 723
113 791
841 479
618 12
718 486
367 51
281 632

1100 10
1072 1072
652 632
521 349
93 422
643 191
145 301
153 95
779 750
361 218
26 989

1100 10
932 848
381 777
177 69
1073 753
1027 715
642 777
999 461
218 197
99 779
809 303

1100 10
467 1038
701 54
75 237
925 977
429 150
35 227
448 880
987 138
883 795
969 1022

1100 10
559 329
3 507
408 228
741 160
110 709
177 725
525 573
612 133
420 140
1048 301

1100 10
316 558
211 1034
382 395
1082 441
1011 111
265 569
75 693
712 194
1003 9
126 770

1100 10
756 14
214 785
950 696
941 77
804 85
799 899
821 975
701 8
454 141
176 177

1100 10
1094 202
737 92
740 328
178 775
1 109
141 787
290 413
586 145
508 684
587 210

1100 10
1028 667
683 419
430 122
1037 724
761 907
1018 606
995 807
349 824
165 759
153 729

1100 10
910 228
41 823
308 59
673 1022
409 132
910 335
1096 783
178 39
428 472
984 1057

1100 10
743 659
356 298
36 786
1084 806
505 1018
486 214
1056 830
592 693
998 1083
1058 143

1100 10
471 379
434 679
1075 432
467 213
951 743
66 648
656 942
245 1035
1086 281
1088 4

1100 10
512 1025
487 382
1093 865
693 546
205 883
896 506
576 409
962 687
890 909
1047 982

1100 10
389 187
492 924
39 841
762 417
1018 259
600 738
267 682
602 757
215 526
956 869

1100 10
352 530
515 73
232 1027
359 641
853 900
733 969
623 262
937 64
801 159
767 501

1100 10
217 631
575 403
748 475
1041 331
1030 29
272 248
538 522
537 843
892 957
620 376

1100 10
1081 873
413 752
824 384
878 1035
662 729
498 829
131 751
342 362
252 321
70 778

1100 10
635 896
317 769
393 25
590 859
102 441
236 1
921 196
889 1029
558 815
73 557

1100 10
288 1070
508 87
1058 245
606 55
584 1047
822 769
484 1017
361 239
403 184
1040 600

1100 10
987 660
909 464
183 377
1081 216
1003 555
724 603
3 627
423 42
948 454
443 75

1100 10
45 873
968 132
1074 596
199 535
827 530
364 417
846 170
765 415
848 560
998 1033

1100 10
61 18
445 525
966 338
1056 707
299 669
26 191
87 508
144 973
327 948
730 1038

1100 10
934 799
55 533
570 372
882 485
576 1028
827 129
1024 618
485 640
888 28
895 111

1100 10
829 890
416 969
232 759
878 652
63 1005
811 787
633 389
570 726
236 211
160 748

1100 10
352 226
263 301
884 766
1018 454
400 260
941 73
227 633
903 256
944 85
715 25

1100 10
306 1010
169 513
892 820
1098 534
757 1093
981 190
1024 920
783 330
691 1042
412 429

1100 10
1080 821
134 817
103 132
729 914
178 723
746 60
600 508
739 1070
889 945
1094 407

1100 10
635 340
384 817
912 253
264 765
892 567
148 892
908 146
1061 1095
27 498
447 279

1100 10
685 231
959 993
323 207
134 101
712 1053
164 820
177 971
579 832
503 902
972 266

1100 10
239 372
356 827
733 938
299 145
982 229
756 712
53 631
620 553
843 733
9 1068

1100 10
807 405
1005 852
86 465
193 45
889 357
613 558
369 876
1042 38
462 304
418 171

1100 10
599 829
667 838
383 617
40 224
93 390
347 892
798 580
40 982
1077 395
493 381

1100 10
592 241
89 195
798 430
23 891
979 849
109 251
528 334
906 296
139 605
837 648

1100 10
290 715
757 756
410 166
519 198
465 961
35 779
589 756
867 585
831 990
832 54

1100 10
51 400
792 838
1038 394
270 406
423 60
514 692
475 1045
1100 18
575 516
750 680

1100 10
422 1077
580 396
702 483
1071 73
807 974
781 131
464 1070
1081 1099
1043 17
955 947

1100 10
421 1037
399 126
994 674
184 950
458 497
1093 1034
579 936
1044 1025
64 373
378 1086

1100 10
70 77
419 231
399 509
519 212
955 827
505 232
849 876
25 323
228 1082
976 54

1100 10
275 520
1061 680
877 913
1034 311
474 627
919 443
992 313
588 67
801 619
30 660

1100 10
680 269
979 439
817 52
62 746
175 178
606 816
1069 841
106 899
303 321
1003 72

1100 10
224 450
527 478
729 746
193 223
359 1019
593 1098
198 860
799 63
964 773
708 1017

1100 10
893 513
713 1023
621 1071
331 8
84 917
1008 744
410 244
779 371
892 1021
10 473

1100 10
369 465
328 301
586 184
173 1022
633 932
443 266
27 497
459 73
27 491
893 904

0