50
1400 10
891 955
253 211
927 522
1007 431
1312 144
223 1061
26 1052
643 202
514 871
163 61

1400 10
1369 398
994 844
13 564
218 429
857 336
577 1341
353 106
247 564
954 29
1055 915

1400 10
525 932
182 672
1255 875
19 454
1384 659
1098 688
685 824
603 1123
680 168
237 777

1400 10
1096 49
146 938
888 593
536 1289
923 187
433 1165
263 31
967 1361
1157 394
1039 454

1400 10
1212 348
1011 50
322 1395
700 1350
1238 96
729 947
11 695
434 556
584 778
113 651

1400 10
226 1287
749 494
1089 805
49 274
1094 1019
1250 115
610 1326
243 962
159 209
1285 1161

1400 10
906 1096
343 581
332 6
402 595
675 404
1002 1307
986 946
297 740
87 643
167 421

1400 10
1030 773
1043 387
1168 731
950 1045
1389 730
133 1223
187 559
493 901
883 193
970 1058

1400 10
555 1173
103 768
609 644
1353 888
97 519
1089 343
1316 1081
982 1225
1082 1338
889 48

1400 10
835 46
1222 353
122 139
818 1231
647 266
473 915
1274 1354
592 85
1210 982
65 94

1400 10
144 1043
1091 312
1345 648
433 506
764 78
2 179
1300 433
564 129
255 340
41 1354

1400 10
374 1235
171 998
969 783
508 133
1336 1129
875 175
907 1177
1307 819
97 508
1073 131

1400 10
24 783
453 1387
609 1109
180 1333
1256 384
634 230
297 130
734 698
285 509
109 68

1400 10
34 365
250 725
1108 269
441 1086
152 1115
770 194
610 173
201 854
1102 1035
719 96

1400 10
816 758
410 1215
795 339
128 573
442 629
159 1061
759 1019
1022 1087
311 325
126 654

1400 10
1121 264
765 1148
340 1240
880 292
596 1213
281 1157
911 304
480 1012
1044 830
296 483

1400 10
382 861
161 188
29 506
81 1292
648 427
143 875
97 341
570 359
477 405
1379 1063

1400 10
211 238
781 681
1311 952
8 66
1316 120
289 239
857 88
117 163
509 643
729 890

1400 10
271 952
1204 1203
469 1154
720 431
657 1168
1173 624
844 609
111 136
129 1269
1202 489

1400 10
860 596
188 76
14 939
1143 467
94 556
971 972
635 144
120 746
676 75
789 123

1400 10
750 850
361 1320
920 719
455 706
117 878
560 245
865 551
312 514
1174 1383
678 106

1400 10
1152 330
937 334
687 975
160 774
541 247
803 512
1229 828
1227 1072
416 443
744 884

1400 10
1097 1297
933 954
1247 476
1297 217
797 759
607 995
604 1184
1076 647
1145 176
1310 441

1400 10
579 470
1072 357
939 322
854 622
1360 1370
1194 755
1351 283
861 336
777 624
511 825

1400 10
924 745
1013 490
270 801
771 874
917 33
1035 83
861 1274
1221 1353
1097 698
364 909

1400 10
1377 1034
843 660
228 497
505 980
426 1385
1193 2
28 1044
617 969
588 996
1125 683

1400 10
655 99
528 229
1323 127
1077 832
848 463
672 1133
913 576
838 1191
452 1130
907 317

1400 10
833 225
426 2
615 1055
658 434
995 328
711 1218
766 693
1207 155
1042 401
504 1010

1400 10
1178 1043
1025 288
710 15
1231 1139
1007 833
109 320
1095 773
1133 521
18 462
1380 1154

1400 10
564 1092
134 1305
1286 750
1331 336
1363 9
1010 196
229 449
621 401
887 280
1382 199

1400 10
980 672
285 1055
535 65
68 368
567 284
200 328
1390 918
1195 912
444 1275
783 1079

1400 10
464 994
1126 395
721 159
816 622
1216 474
1268 509
644 161
1150 560
121 832
19 324

1400 10
1245 769
960 1364
543 525
1278 1389
170 907
517 145
222 127
314 56
1328 255
1081 445

1400 10
1119 703
577 1221
1143 224
301 1123
1186 234
477 884
693 1222
462 1225
374 1262
1026 559

1400 10
371 215
1358 856
958 421
1217 961
846 569
72 451
891 1357
434 193
1110 615
1226 944

1400 10
853 1366
1205 141
353 182
360 1053
1291 23
1251 823
1319 450
426 774
392 1078
648 963

1400 10
632 1239
430 1387
131 45
515 580
339 610
293 542
1282 704
519 1129
644 509
594 377

1400 10
888 1328
1335 860
513 1044
160 1065
761 1174
124 25
196 946
804 21
240 1224
945 1256

1400 10
956 96
731 748
564 681
549 567
897 1033
538 831
1271 1148
99 866
46 325
889 576

1400 10
1290 1257
1122 745
106 545
484 769
636 1398
1170 34
1114 241
595 39
554 857
165 1060

1400 10
264 305
846 174
805 1109
1053 989
1359 1045
467 338
334 1074
880 468
1347 407
1323 833

1400 10
86 292
804 672
127 894
51 649
992 1360
90 1197
1154 1180
589 394
103 602
1306 187

1400 10
423 439
218 394
1397 364
576 321
1222 1271
142 321
485 938
640 191
1062 506
1135 1381

1400 10
1129 1148
534 498
64 1199
920 204
417 343
241 589
574 883
829 778
1104 1024
681 1032

1400 10
659 549
929 1323
891 263
583 1098
1123 911
1035 68
1048 507
524 1226
97 752
229 424

1400 10
1291 143
823 1178
296 67
187 1287
1038 500
921 71
235 881
781 677
1267 120
399 154

1400 10
1215 211
478 133
876 460
636 162
150 1110
305 843
382 257
401 1220
281 359
1331 848

1400 10
881 263
347 340
441 182
556 694
331 1239
1181 1117
503 711
1135 70
465 1259
19 1002

1400 10
671 947
333 988
998 367
1199 291
229 1400
1274 757
280 470
26 489
315 671
862 245

1400 10
1148 138
465 920
494 366
1033 443
1269 436
222 660
1338 327
557 1086
450 919
20 358

0