50
1500 10
1022 25
1162 755
1324 1011
854 751
920 1047
877 1197
896 1478
665 66
985 456
532 1239

1500 10
1133 1057
1256 999
990 420
1377 902
1353 724
1073 1059
1439 306
501 1322
477 1380
1312 1134

1500 10
1334 1199
972 539
606 1358
1500 1260
84 932
1297 1428
772 168
181 1188
407 379
1294 169

1500 10
387 919
1125 892
820 271
1425 1461
207 803
1401 599
1241 228
1104 487
1167 845
1388 537

1500 10
38 370
911 185
671 1472
1010 92
1052 506
608 579
1211 1249
350 144
664 220
795 1159

1500 10
1427 1302
20 970
1342 1290
1458 251
1299 717
775 48
334 848
678 311
1014 1419
509 1275

1500 10
694 1493
417 249
910 944
1178 333
598 829
469 784
733 363
1399 373
914 1234
647 1430

1500 10
529 180
685 478
176 1427
152 330
1493 114
588 378
647 1133
553 358
90 1008
999 1063

1500 10
1311 1148
188 268
1038 1094
645 952
1297 1220
1315 1342
696 202
509 951
884 1210
857 1122

1500 10
873 966
420 1033
541 245
1347 869
637 170
1053 1211
410 921
317 905
208 731
713 175

1500 10
914 275
899 170
1233 879
1083 622
14 875
1122 1451
359 731
1487 525
779 544
297 1434

1500 10
824 1097
1338 312
1447 1396
1054 993
1448 1036
1192 46
219 539
432 376
825 1160
435 1410

1500 10
193 480
360 1366
376 1417
462 562
474 245
79 185
529 1495
1195 24
569 649
1396 1267

1500 10
852 189
413 347
355 592
815 859
1149 809
229 772
1341 252
501 330
1401 621
1312 510

1500 10
1317 184
1005 1437
1221 1148
416 1077
683 404
664 670
1026 495
572 366
165 1483
369 1109

1500 10
469 230
1011 197
71 914
889 132
1248 1144
319 876
602 1036
452 82
985 190
1023 1069

1500 10
931 410
481 1491
223 952
613 294
146 746
1238 1214
1099 517
9 650
1105 1133
416 144

1500 10
456 1113
1393 886
373 863
1013 1373
825 1029
139 349
1413 1350
1143 669
923 500
66 1325

1500 10
1007 197
342 596
1012 1237
1441 668
1051 556
811 585
98 70
1125 1479
675 295
480 1329

1500 10
508 181
605 759
268 659
1462 181
142 609
1194 1436
1120 365
988 1019
488 257
815 1417

1500 10
1332 512
29 1210
1119 1269
996 1177
744 1471
470 1399
159 418
229 901
1182 1188
1315 111

1500 10
886 596
1458 749
727 304
1057 1127
1288 23
731 1213
1237 1297
980 1475
262 1016
1327 609

1500 10
504 822
276 447
141 407
1046 408
739 663
176 1428
90 1047
1150 539
453 112
173 510

1500 10
1369 599
465 429
1126 880
712 738
1259 619
970 132
1256 1445
844 885
1074 1468
175 288

1500 10
1215 1499
1047 789
1141 1230
727 519
116 1134
1267 335
488 451
1477 521
323 1487
262 1478

1500 10
211 260
1448 297
1438 267
802 327
472 1075
540 97
51 256
1150 15
145 1306
904 647

1500 10
242 350
907 1475
339 349
471 885
689 525
719 1424
1158 1429
555 1290
1335 1427
341 810

1500 10
12 402
1066 801
441 609
1184 286
1147 1194
257 853
398 949
1464 1121
1190 1193
755 558

1500 10
942 810
467 60
1337 502
858 975
656 817
1002 1440
1014 1474
1373 1402
131 1087
1002 830

1500 10
680 228
159 1474
1219 828
292 377
848 271
1197 683
622 672
660 881
424 311
59 537

1500 10
42 1369
231 658
1469 1332
981 1422
1337 912
289 128
587 1075
614 602
1086 1135
1348 193

1500 10
245 1227
643 175
1270 255
338 482
384 670
1454 152
605 1270
172 163
509 1099
1151 1421

1500 10
1419 284
122 298
980 1054
863 104
1264 527
1134 980
1069 622
22 657
447 232
205 62

1500 10
746 400
1234 1106
1277 1117
848 265
1232 508
1245 536
447 1006
72 840
29 470
447 246

1500 10
972 499
274 70
361 83
352 1112
1462 499
675 616
880 755
622 20
285 303
1129 1344

1500 10
1376 490
17 539
206 1079
1358 228
501 716
1413 1306
1482 395
466 404
596 796
505 1139

1500 10
1022 748
1299 1077
1298 362
603 735
107 869
733 245
97 1500
1229 534
1275 1222
365 729

1500 10
1281 208
1428 977
1093 1100
544 1489
1316 1379
399 870
460 1149
263 1318
142 1351
1263 1237

1500 10
950 1432
76 1130
609 141
1339 877
38 438
720 612
750 397
488 162
453 1011
425 353

1500 10
1462 844
1357 599
759 244
31 547
90 1243
803 1396
404 317
438 531
883 1162
1202 1101

1500 10
445 1237
955 706
121 672
1339 242
887 1018
927 716
808 279
641 864
785 294
585 920

1500 10
1171 783
1362 1500
1058 1369
806 928
1179 341
1329 1366
243 299
1489 485
930 1088
1198 784

1500 10
33 1236
32 1388
1460 697
874 1184
1454 528
180 13
622 279
1201 719
5 346
339 620

1500 10
561 1222
278 1076
41 1219
1354 1179
278 1239
1492 101
1145 393
845 646
793 241
1018 922

1500 10
157 1014
942 903
1372 1092
724 601
903 579
1138 772
972 582
99 232
546 1347
143 725

1500 10
719 36
618 136
1383 901
1174 1424
414 1366
1494 988
1493 1455
1469 1497
1497 1497
627 1299

1500 10
1061 539
359 1029
827 620
896 249
336 750
554 482
981 1275
185 37
852 967
131 853

1500 10
192 507
1162 1409
936 1388
1216 407
1029 22
647 122
524 324
847 28
427 1299
1155 1051

1500 10
1345 1020
523 540
760 263
409 624
879 1023
968 999
260 121
694 945
999 1115
1151 877

1500 10
1296 658
300 1444
878 1366
1476 395
1247 1148
1038 852
1369 197
713 27
461 444
93 1491

0