50
1300 10
70 326
607 768
693 925
793 687
147 464
482 293
496 357
866 1116
504 252
650 1261

1300 10
547 965
497 1219
398 1260
710 204
930 488
674 646
945 321
28 554
632 469
733 181

1300 10
499 255
751 857
937 873
745 1010
523 431
172 233
120 17
365 1300
447 1059
817 1125

1300 10
339 301
865 318
602 408
737 1295
227 235
502 967
22 707
665 839
270 1166
1164 189

1300 10
673 403
435 552
162 760
577 733
688 1220
209 141
378 977
897 460
160 714
759 1290

1300 10
1 509
870 1064
761 681
331 424
681 43
607 789
448 510
903 920
597 142
843 32

1300 10
965 1083
353 44
582 579
1235 737
671 1105
1158 464
309 825
164 1172
610 1259
513 230

1300 10
1182 430
524 720
40 1074
258 1208
499 1282
1220 758
38 471
818 109
1017 435
222 1291

1300 10
574 985
381 711
1036 128
646 731
759 1288
1231 107
750 584
532 156
1286 130
519 605

1300 10
837 1153
24 383
141 704
1009 1080
756 412
25 281
1226 33
130 1050
884 127
1300 48

1300 10
784 600
890 886
955 865
896 431
1011 191
429 617
24 37
309 107
880 959
174 108

1300 10
1199 113
657 241
1199 723
625 601
655 122
163 236
118 319
299 1182
77 700
1289 772

1300 10
417 34
13 606
1166 987
353 650
946 1261
1173 997
271 790
971 492
1199 1141
985 627

1300 10
458 734
1271 1174
562 908
808 1219
1300 204
1231 85
155 232
1217 846
1128 1021
120 459

1300 10
1031 139
773 61
1292 932
1053 203
988 1234
170 410
424 511
659 517
499 1053
712 458

1300 10
1111 96
518 302
928 1169
1103 1179
112 181
586 542
1097 472
1063 478
1204 23
5 923

1300 10
198 1112
1171 852
86 541
465 781
68 720
807 879
590 379
454 838
786 597
334 1122

1300 10
273 670
812 267
887 406
620 1264
1013 276
1092 218
584 459
1158 492
359 185
665 452

1300 10
351 70
898 1216
877 915
1121 568
883 647
641 1202
1191 274
256 1026
328 1000
930 578

1300 10
373 192
1184 835
567 764
714 705
152 453
456 247
1138 1222
282 1242
919 1037
473 383

1300 10
1099 55
665 1077
9 1155
1070 527
416 933
1030 1114
1202 1262
213 465
815 72
850 990

1300 10
181 404
180 208
396 629
383 672
451 1073
1013 721
639 1191
131 383
1009 1136
70 216

1300 10
547 272
491 619
907 305
175 1202
104 1134
303 979
1213 79
195 39
55 391
1088 763

1300 10
133 965
1294 253
632 141
257 499
992 990
332 14
263 794
1239 831
342 816
330 620

1300 10
1248 780
12 192
477 208
804 582
840 614
607 881
57 1167
628 281
332 1151
478 221

1300 10
383 523
671 127
852 787
1285 1044
608 794
503 145
1010 195
718 459
823 1152
1216 402

1300 10
995 852
214 67
1116 249
239 794
1096 146
961 639
1213 597
62 1277
349 464
1199 631

1300 10
745 959
682 1207
206 937
1036 860
1210 592
260 1170
1212 327
797 495
1272 866
1106 639

1300 10
1226 530
969 38
1266 910
1177 973
396 241
381 477
401 470
452 770
1195 168
490 1066

1300 10
202 352
947 57
1095 867
781 954
678 13
64 439
122 1154
1266 400
63 888
507 557

1300 10
854 394
14 848
586 805
1049 902
346 269
661 644
454 958
25 743
53 646
608 959

1300 10
589 365
1243 903
908 620
1145 506
857 199
552 820
623 321
456 229
1066 1013
369 915

1300 10
1147 1149
645 705
1106 792
1060 1188
1035 1195
864 833
912 342
674 376
663 778
851 67

1300 10
69 1181
463 540
1231 52
1028 1229
807 1053
908 1251
1208 84
184 69
365 1261
1171 153

1300 10
418 493
485 139
1024 1085
756 1037
140 1165
657 559
1279 893
203 72
911 13
351 873

1300 10
525 470
1008 879
1090 1186
135 362
1277 580
782 1285
868 278
627 641
766 1167
721 1111

1300 10
643 487
452 365
734 136
888 600
1206 886
1008 909
781 580
71 88
1224 686
1263 270

1300 10
830 1178
1155 262
1108 1210
518 559
593 550
1121 183
972 152
473 644
1118 507
550 700

1300 10
616 1040
415 1094
808 438
1196 1087
91 788
831 669
1104 421
932 31
591 1277
323 646

1300 10
775 788
151 1098
736 1101
731 701
883 31
29 569
479 926
446 146
241 148
931 419

1300 10
777 866
900 316
262 640
912 305
1004 740
758 636
894 1174
312 156
325 1043
143 934

1300 10
496 160
218 383
22 470
197 358
751 1205
693 1011
524 137
177 303
837 1200
129 79

1300 10
568 740
457 384
645 1159
1203 547
277 1004
324 278
7 670
1096 50
1222 282
1104 821

1300 10
667 863
196 998
991 95
398 1120
620 1076
101 33
147 358
292 386
725 1251
1151 922

1300 10
652 331
243 449
616 1029
1136 531
631 1052
974 525
1142 1143
273 1003
1278 748
332 19

1300 10
140 1072
161 629
672 248
965 861
959 558
139 1165
1292 536
300 586
691 547
580 917

1300 10
83 1184
476 828
1260 1115
899 436
653 63
1287 896
73 1269
781 85
915 965
262 1239

1300 10
1223 340
943 546
675 1264
262 1159
743 103
595 617
592 319
631 1172
921 1060
288 885

1300 10
1206 881
571 934
976 549
1255 982
749 745
814 1027
532 744
701 711
330 687
1178 1199

1300 10
576 398
1103 776
673 735
376 476
535 622
949 487
215 34
321 765
605 971
5 722

0