50
1200 10
702 335
1047 101
222 245
956 369
1119 691
1183 95
994 457
1148 1158
666 316
164 969

1200 10
94 229
1140 1107
868 427
97 376
240 818
411 503
229 1186
100 712
189 252
832 891

1200 10
743 1194
678 859
450 126
411 820
1189 507
294 694
1102 754
1117 941
199 1011
556 895

1200 10
807 525
636 719
1164 1077
880 99
988 864
288 560
768 765
84 139
772 78
457 151

1200 10
1050 896
304 610
1013 1190
877 240
899 955
66 917
1050 1194
1108 413
427 824
61 206

1200 10
1095 966
1079 719
601 303
243 192
1000 161
492 1061
645 401
732 1110
689 149
1049 669

1200 10
147 608
2 358
790 333
826 350
985 1086
779 9
449 433
223 274
51 451
693 831

1200 10
772 505
699 1066
1124 210
28 669
855 178
225 644
899 58
921 630
895 1035
859 1066

1200 10
455 1190
534 1051
704 869
534 256
205 557
139 328
1119 670
1013 146
93 166
220 692

1200 10
697 1036
38 923
1113 495
822 728
748 719
1016 198
794 1193
869 898
6 1167
806 872

1200 10
768 951
1188 244
255 500
486 815
224 1068
145 110
54 415
867 893
490 373
745 1011

1200 10
1095 210
6 215
293 657
48 544
1199 744
918 159
848 725
388 863
607 584
705 559

1200 10
690 685
1173 455
453 227
20 239
247 663
461 661
478 11
1108 502
835 1064
803 355

1200 10
846 543
188 338
1081 265
163 750
931 846
205 909
1134 1194
680 170
676 1187
1121 61

1200 10
390 835
277 116
690 798
1091 550
967 129
934 921
357 1045
1040 442
869 1092
1185 724

1200 10
676 456
1020 947
670 547
312 22
734 1007
648 47
786 1114
334 705
316 1095
331 862

1200 10
728 22
702 923
864 1039
263 969
791 386
698 636
1163 284
755 212
380 860
1093 515

1200 10
457 827
639 216
680 619
946 1051
394 494
23 749
669 635
86 1063
623 191
126 702

1200 10
545 195
1004 1013
345 527
886 833
605 269
213 732
862 25
152 72
1136 631
1060 932

1200 10
304 1023
825 256
792 258
214 223
369 994
204 941
492 1119
1085 881
989 33
525 918

1200 10
173 401
1125 1079
918 70
806 538
925 833
559 72
602 576
1156 1065
470 1114
492 523

1200 10
1164 61
921 984
823 22
659 866
661 278
313 381
227 87
873 1078
1188 384
92 1142

1200 10
28 158
169 1025
235 661
514 428
971 314
32 28
463 774
398 647
1079 786
99 325

1200 10
372 320
631 566
1184 913
514 4
698 770
62 103
514 331
808 101
1059 860
723 684

1200 10
1010 439
405 1171
774 1043
549 722
444 215
47 608
345 911
626 87
841 237
942 445

1200 10
17 854
57 263
1001 687
1058 532
413 358
685 214
248 909
737 861
504 171
892 523

1200 10
333 144
311 1123
165 544
998 1080
898 586
2 778
28 446
1039 1063
1044 313
1011 629

1200 10
60 899
992 988
288 334
908 164
1136 457
1003 641
425 91
590 604
266 592
1087 1045

1200 10
947 529
817 1194
822 93
638 109
944 379
588 522
255 427
923 301
166 755
369 471

1200 10
384 272
276 1048
451 301
666 453
597 514
9 196
408 1076
219 510
669 1100
378 1195

1200 10
807 1045
982 395
1026 7
509 517
862 215
359 219
292 414
590 58
1006 1014
969 674

1200 10
1095 530
1029 1173
805 623
69 1161
1080 312
797 992
710 32
485 530
313 143
612 217

1200 10
52 450
382 1047
1003 396
117 528
179 779
126 247
1066 968
860 372
597 490
523 377

1200 10
187 141
587 360
740 685
1075 337
314 421
505 43
325 1195
23 903
379 990
838 174

1200 10
9 1184
1025 558
1038 492
31 978
578 596
923 117
726 271
367 717
217 871
617 1193

1200 10
1109 97
1120 542
823 576
487 349
977 372
1108 152
1183 1187
72 85
835 137
1181 1052

1200 10
1016 1111
380 637
54 528
643 463
322 137
597 771
652 210
764 985
76 680
770 689

1200 10
340 344
22 325
611 567
1088 934
209 218
334 965
629 343
952 737
535 186
124 1050

1200 10
74 341
528 555
1197 441
918 306
618 1037
983 1042
578 777
181 851
1156 662
665 1035

1200 10
245 5
315 315
38 580
820 415
1177 87
149 476
616 1166
1182 150
138 653
43 66

1200 10
40 848
1072 621
121 1180
983 809
134 719
623 488
320 1179
1186 392
16 61
695 825

1200 10
356 303
881 641
167 111
768 346
1002 496
717 956
170 134
536 1163
319 455
1059 599

1200 10
264 296
222 1019
29 66
91 355
496 198
230 66
600 650
72 1090
652 1058
633 322

1200 10
797 21
336 443
127 460
796 864
194 915
837 1028
826 692
1119 983
602 211
878 604

1200 10
581 150
109 1152
379 242
484 668
1061 509
1068 553
732 833
256 56
106 837
160 298

1200 10
220 677
1162 933
1111 624
45 997
694 49
804 647
1145 1111
1145 83
436 478
554 747

1200 10
213 1164
1000 145
14 753
692 965
420 361
913 306
19 185
641 144
1177 1058
531 1050

1200 10
846 174
1128 438
97 1016
16 197
166 157
61 267
392 1124
884 808
361 575
276 62

1200 10
873 347
59 154
980 187
1137 136
318 1004
562 1061
261 220
279 830
194 566
344 108

1200 10
490 1197
19 505
741 239
396 715
254 635
1138 1041
748 866
924 745
410 331
645 1083

0