4 1 3
4 2 95
4 3 3
3 1 21
3 2 55
2 4 67
4 4 3
1 3 99
2 4 63
4 1 69
4 3 20
4 6 3
1 2 2
2 4 50
1 3 41
2 3 95
3 4 41
1 4 2
6 3 3
4 3 11
3 5 65
1 3 70
6 7 3
1 4 19
4 3 24
4 2 94
5 2 73
6 5 10
4 5 77
3 1 12
6 11 3
4 2 79
6 1 92
1 5 97
2 1 21
6 3 15
5 6 92
4 3 55
1 3 46
1 4 25
4 6 92
3 5 47
6 15 3
3 6 45
3 4 2
4 2 52
3 5 28
1 3 82
3 2 31
6 1 33
6 2 40
4 1 12
5 4 15
1 2 15
5 1 75
6 4 29
6 5 0
5 2 28
8 7 3
4 2 31
5 6 99
4 6 57
4 5 1
1 7 69
8 4 55
2 3 7
8 14 3
7 2 72
5 8 52
4 5 2
1 5 39
1 3 96
5 6 49
4 6 31
2 6 98
8 6 61
6 1 9
6 3 23
1 8 62
3 4 34
8 4 91
8 21 3
8 6 65
3 4 40
8 4 23
8 3 85
3 7 18
3 2 52
1 7 40
1 8 37
8 7 57
1 5 28
6 3 15
5 3 3
7 4 45
3 1 82
2 4 54
6 5 82
8 5 27
5 4 43
8 2 73
6 1 36
6 2 82
8 28 3
5 2 88
2 7 91
3 8 17
3 1 23
4 6 56
3 7 6
5 6 87
6 3 14
7 6 72
8 5 45
4 1 0
1 2 51
7 8 63
3 2 64
4 7 89
2 6 57
1 8 19
1 6 19
7 5 55
3 4 8
3 5 18
7 1 46
5 4 77
2 8 26
6 8 2
1 5 71
2 4 33
8 4 41
10 11 3
6 1 72
3 10 91
1 7 58
10 6 16
1 8 68
3 7 47
10 2 33
7 10 70
10 9 71
9 8 47
2 5 90
10 22 3
1 10 49
4 6 8
5 3 76
6 8 23
3 4 12
7 9 58
8 3 42
6 1 67
10 6 57
9 6 6
9 10 76
6 2 57
8 4 58
10 8 71
7 5 77
8 9 97
6 3 5
5 2 50
5 9 46
1 4 15
10 5 65
5 6 49
10 33 3
2 4 62
7 9 20
3 10 77
6 10 80
9 6 15
2 9 22
2 7 1
10 2 50
1 6 64
1 2 98
2 8 53
10 4 37
7 5 80
8 1 35
6 7 10
5 4 89
10 1 25
2 3 27
4 7 99
1 7 83
4 9 40
9 10 78
2 5 59
1 9 82
10 5 82
8 9 44
3 8 19
3 6 83
8 6 11
8 10 80
10 7 99
2 6 80
1 4 21
10 45 3
5 4 97
9 6 18
7 10 66
4 9 63
3 4 3
8 2 54
7 8 7
5 7 41
4 6 99
4 1 61
3 8 71
8 4 93
7 6 88
6 3 40
6 10 11
4 7 71
9 3 53
2 9 4
4 10 65
5 8 28
9 8 65
4 2 90
8 6 13
2 5 81
9 1 3
8 10 27
3 2 5
6 1 27
8 1 0
5 3 38
5 9 8
2 1 39
5 6 17
2 7 14
1 5 50
3 10 13
5 10 43
7 9 77
2 10 65
6 2 30
1 7 40
9 10 96
3 7 59
1 10 64
1 3 20
12 16 3
10 5 44
6 11 66
9 1 29
1 11 40
5 12 32
5 7 26
7 1 58
11 10 65
10 12 85
9 4 81
2 6 30
11 7 11
12 7 52
4 6 36
12 8 59
9 3 11
12 33 3
12 2 50
1 12 67
11 12 52
9 5 33
12 5 95
8 5 68
9 12 28
11 8 64
10 3 23
9 8 86
10 12 58
1 10 21
9 2 17
2 4 33
6 2 34
4 9 30
10 2 59
5 7 99
9 7 92
11 2 70
11 9 51
3 6 13
5 3 28
10 8 29
10 5 54
10 6 57
2 5 22
11 3 38
1 4 48
3 12 16
4 10 17
4 8 15
4 5 94
12 50 3
4 1 38
4 6 13
3 12 51
6 11 50
7 8 1
1 7 60
11 10 44
4 7 59
9 2 6
2 5 95
7 12 8
12 5 42
12 1 98
6 8 31
6 5 48
7 6 28
2 3 62
4 9 41
12 4 3
3 7 82
6 12 36
1 3 9
6 2 62
5 10 17
3 9 40
5 8 6
7 2 10
7 10 71
9 6 61
5 9 33
12 2 61
4 5 78
7 11 72
6 10 12
1 8 57
9 11 57
7 9 18
8 12 58
10 8 87
5 7 54
5 11 19
1 5 50
5 3 98
4 10 33
2 8 47
4 3 11
12 9 40
6 1 3
1 9 90
11 3 89
12 66 3
8 4 73
4 10 95
11 12 7
12 7 15
6 2 5
8 10 63
9 5 48
2 1 90
1 4 16
6 7 57
1 12 9
10 5 37
5 7 23
3 2 77
12 3 32
1 8 39
7 2 52
11 10 47
7 11 33
8 11 94
5 4 16
4 11 28
9 1 35
6 11 43
1 10 3
11 1 32
6 10 81
10 12 26
3 5 23
12 4 72
10 9 33
7 3 54
9 2 78
1 5 65
3 8 34
7 10 90
12 9 86
12 6 59
2 11 0
4 7 93
2 8 22
3 9 59
4 9 60
9 7 71
4 2 71
3 6 87
1 6 66
1 7 89
11 5 47
3 10 70
6 4 44
4 3 56
7 8 69
3 11 6
2 5 90
5 12 32
6 5 93
6 8 90
10 2 40
6 9 63
3 1 38
5 8 13
12 2 81
9 11 93
12 8 88
8 9 93
14 23 3
2 11 34
5 11 48
8 13 59
6 7 26
1 9 6
12 2 13
5 9 51
1 10 41
11 6 34
13 2 20
11 12 79
2 9 87
3 8 65
11 13 97
7 10 89
5 12 40
14 7 81
2 7 12
5 3 97
2 4 34
9 13 29
3 6 62
3 10 99
14 45 3
10 12 89
8 9 81
7 9 15
1 14 34
8 7 74
4 1 68
4 12 54
5 11 84
8 6 72
10 2 47
7 3 67
9 5 14
3 2 82
2 11 43
1 11 27
2 4 18
4 13 23
5 14 91
5 7 14
6 10 82
7 14 20
9 6 88
5 1 53
9 13 71
9 2 50
4 7 99
4 6 86
3 12 1
1 7 83
9 14 32
4 9 81
5 10 97
12 6 17
8 5 68
1 6 73
4 11 74
13 3 10
7 10 94
3 8 53
14 12 16
5 4 90
3 6 19
14 2 61
11 7 59
11 14 66
14 68 3
11 14 15
12 4 32
9 8 16
1 4 58
11 9 81
5 2 50
4 3 20
4 9 82
1 9 48
4 6 3
4 2 74
3 6 94
3 2 31
13 5 76
7 6 23
3 7 24
14 1 58
2 13 6
3 14 73
4 13 92
1 8 61
7 13 12
3 5 13
7 9 78
6 5 27
7 5 49
2 12 65
1 11 91
14 8 94
2 9 37
6 8 46
8 11 88
8 10 34
3 1 4
12 1 84
13 10 75
3 11 23
5 10 49
13 14 18
14 7 11
4 11 0
4 7 35
1 10 46
13 9 57
8 12 16
6 9 30
4 5 12
8 7 51
5 9 48
13 3 15
12 10 35
1 5 66
6 13 83
10 14 26
12 11 22
8 4 76
5 8 39
7 10 48
1 7 14
7 12 19
3 9 66
2 11 83
6 11 88
2 7 63
8 2 19
8 13 76
8 3 94
5 11 64
14 91 3
11 12 40
6 4 30
9 4 71
5 10 45
1 6 26
11 7 46
7 12 11
13 10 63
2 1 31
14 11 34
10 3 62
4 8 53
4 14 48
4 2 98
13 4 37
12 4 49
13 1 99
12 9 82
3 12 17
13 9 28
8 5 17
14 7 67
13 3 5
2 8 6
1 10 8
2 7 77
1 5 5
12 6 52
2 10 82
8 10 72
8 7 32
10 14 44
10 11 47
5 4 39
6 14 40
11 9 64
3 6 28
7 6 93
9 6 1
5 11 38
8 13 15
9 10 55
10 7 76
3 2 56
5 6 41
2 5 22
1 11 15
11 13 79
1 4 71
12 14 18
9 1 51
5 12 51
3 11 76
1 3 12
9 3 71
8 14 87
14 13 15
10 12 60
3 14 14
13 7 75
12 13 71
3 4 23
12 8 19
1 8 2
7 9 18
2 6 17
7 4 52
4 11 50
8 9 30
8 3 61
5 14 54
6 13 0
2 14 9
14 1 54
14 9 23
7 5 47
12 1 3
2 11 74
1 7 5
13 5 48
3 5 60
13 2 45
12 2 71
8 11 93
6 8 50
6 11 63
4 10 58
6 10 24
3 7 12
9 5 55
2 9 50
16 30 3
7 10 13
3 6 45
5 6 72
11 13 56
15 4 99
7 12 73
9 3 58
1 4 41
2 6 98
3 11 42
4 9 62
5 12 43
13 1 76
3 7 26
13 16 84
15 8 46
15 14 17
10 12 15
13 6 9
1 15 24
14 11 67
1 3 43
9 14 53
7 6 53
4 14 90
2 13 36
8 14 83
11 7 98
12 4 38
5 13 80
16 60 3
8 10 42
9 12 83
16 12 6
15 3 56
10 7 20
4 9 21
1 9 21
3 11 73
8 6 28
2 6 60
10 16 3
11 2 38
10 15 45
8 1 1
9 16 73
14 16 94
15 8 16
9 2 41
8 16 44
4 6 99
6 13 15
6 1 77
15 6 21
14 8 34
4 11 56
4 5 70
6 5 74
14 15 10
8 7 66
12 3 11
9 14 47
1 4 52
16 1 50
8 3 86
14 4 66
12 15 71
10 13 37
13 12 33
16 7 11
11 6 33
1 7 54
3 16 33
4 13 39
1 2 95
13 5 29
12 4 25
11 7 62
11 1 49
8 13 44
4 8 65
12 7 35
2 14 48
7 3 55
3 10 23
12 1 45
5 16 9
10 1 53
1 13 74
6 16 29
9 7 54
16 90 3
2 6 6
14 16 90
11 13 4
3 7 68
12 16 73
4 8 74
3 16 53
8 14 72
16 6 6
6 12 40
14 9 40
4 16 15
7 2 3
12 5 14
15 14 55
5 13 55
9 10 79
9 7 38
6 7 54
6 13 67
2 8 70
1 13 11
16 8 94
11 3 87
7 14 28
16 1 41
6 15 17
16 2 77
14 2 99
15 2 82
10 3 83
7 10 55
4 1 35
1 10 66
8 11 59
14 10 77
13 3 58
4 9 79
7 1 75
14 1 35
15 12 74
16 5 51
10 16 95
12 13 72
10 2 22
15 13 32
2 5 11
16 15 9
10 5 23
14 12 97
2 4 92
1 12 13
10 11 84
10 4 58
8 12 87
4 12 84
3 2 45
5 1 51
2 12 6
5 15 88
7 11 53
14 13 39
1 6 85
14 3 67
16 11 44
16 13 5
11 12 49
11 15 75
14 6 82
16 7 74
9 11 31
11 2 45
12 7 45
4 13 94
8 9 38
7 15 72
6 10 68
15 4 29
11 6 80
15 1 76
14 11 42
10 8 21
10 13 28
12 10 86
2 13 69
9 13 7
4 5 78
2 9 46
14 4 17
8 7 33
16 120 3
1 9 61
13 6 77
4 10 98
14 7 5
9 13 86
4 6 78
13 10 22
5 12 99
12 7 89
4 15 8
8 7 13
13 3 86
16 7 26
2 12 12
16 4 76
1 8 88
5 13 98
6 1 27
6 11 6
11 13 23
9 16 53
12 15 61
11 14 42
5 2 68
6 2 39
16 6 22
3 8 80
15 13 3
15 16 53
1 11 78
2 16 20
10 12 72
15 9 4
12 3 95
4 3 95
11 9 18
14 9 98
3 5 54
2 8 15
4 9 37
8 9 30
5 14 56
5 8 51
9 12 17
9 2 85
3 11 34
13 8 64
6 7 42
5 16 77
5 6 95
15 5 96
9 7 3
8 15 79
11 4 48
9 6 17
9 10 7
5 11 63
16 11 1
12 6 61
10 7 82
12 16 73
2 7 76
14 4 19
7 1 66
13 4 47
8 4 50
1 5 80
6 10 38
5 9 56
7 4 75
5 7 36
2 11 58
3 2 19
8 6 30
9 3 88
16 14 99
12 14 78
10 8 2
2 14 84
2 13 36
5 10 67
3 15 84
5 4 61
15 7 24
14 8 6
8 16 62
11 7 80
13 7 46
14 6 92
4 1 94
3 10 30
7 3 58
14 15 43
12 13 49
1 14 65
11 15 96
2 1 99
11 12 79
2 15 10
10 16 8
6 15 80
12 4 5
4 2 31
2 10 40
3 14 48
12 8 39
1 13 71
13 14 31
14 10 22
16 3 5
3 1 9
6 3 68
10 1 50
8 11 96
16 13 7
12 1 37
16 1 5
11 10 86
1 15 70
10 15 56
18 38 3
4 5 35
8 3 84
1 14 76
7 3 80
11 12 96
5 10 22
4 18 5
11 4 86
14 7 15
6 5 23
7 11 59
13 11 95
14 3 59
14 11 49
4 17 59
14 9 97
13 3 4
15 1 58
3 1 95
5 14 68
7 13 40
7 1 43
18 13 39
1 6 16
8 7 10
12 5 20
15 14 71
5 17 99
2 3 8
8 2 0
14 6 0
1 11 33
1 17 1
6 15 3
7 17 19
7 6 51
17 15 62
17 14 65
18 76 3
4 15 11
7 12 4
5 14 65
3 17 47
3 5 93
12 1 12
9 1 32
5 1 96
18 15 31
14 2 59
7 6 59
4 8 47
18 9 2
7 13 88
2 16 69
12 16 0
13 3 34
9 10 41
14 10 52
18 17 32
16 6 93
18 14 88
11 5 76
11 16 28
1 10 96
11 13 38
11 2 31
3 12 83
18 7 68
13 9 92
7 3 7
7 11 97
7 10 57
4 16 21
16 1 93
4 9 55
11 9 11
9 14 37
16 15 42
1 18 2
8 7 99
16 14 6
12 8 27
10 3 46
2 7 15
12 15 49
12 10 31
7 16 42
7 14 40
16 17 38
12 5 62
15 1 1
14 8 69
7 17 2
16 10 19
6 14 24
6 12 97
10 2 98
9 17 2
5 7 95
2 3 97
16 9 72
7 15 22
11 6 99
10 6 42
18 6 17
1 17 1
9 2 86
9 3 58
15 14 49
8 17 65
5 10 21
17 2 1
2 4 39
5 8 88
11 15 89
18 115 3
9 6 63
8 15 44
11 2 27
3 12 2
2 4 0
3 11 1
14 13 88
15 14 9
4 11 18
17 13 46
1 17 34
16 15 33
15 5 65
5 4 46
17 8 46
17 18 69
13 9 34
10 2 43
11 13 14
9 4 60
7 3 46
1 15 79
16 17 97
3 10 9
8 14 54
7 10 0
18 16 34
6 18 78
17 10 44
5 11 56
12 14 2
14 7 34
8 6 31
8 9 53
16 5 68
14 16 83
10 16 91
1 5 36
13 15 87
7 6 64
16 13 3
3 6 2
14 5 98
10 13 29
4 15 62
1 16 48
3 18 75
17 11 14
15 18 11
2 12 68
13 3 88
9 18 56
16 3 0
16 4 82
16 2 91
7 2 1
16 8 32
9 17 28
12 17 78
1 14 10
8 12 63
13 5 23
3 8 61
9 15 79
11 15 31
3 5 64
12 5 68
12 4 55
5 9 98
11 1 36
8 13 44
7 1 87
10 6 3
3 4 31
8 4 74
3 15 5
10 14 98
12 10 50
9 10 54
2 14 14
3 9 61
6 12 44
1 9 36
4 6 8
11 9 99
4 17 75
9 14 51
12 1 12
16 9 14
4 10 34
9 7 2
7 16 70
2 9 21
11 7 85
8 18 46
6 5 79
15 7 39
15 17 25
5 18 61
17 3 79
4 13 0
11 10 59
8 10 82
13 2 94
18 13 50
10 18 60
7 17 28
4 18 9
1 2 96
1 10 3
10 5 67
13 1 33
12 9 0
17 2 5
6 17 81
18 153 3
5 16 16
10 13 36
6 11 24
18 12 10
11 12 4
10 12 7
15 9 79
1 5 48
1 17 19
18 15 0
4 9 68
14 1 57
18 11 40
5 9 82
14 2 48
4 17 77
14 4 58
16 18 57
16 13 77
15 7 29
17 16 50
9 17 59
5 7 92
9 7 11
2 6 11
6 5 88
17 14 74
8 15 85
2 3 14
1 8 4
15 13 41
4 11 69
10 18 80
12 2 43
7 8 32
13 7 42
15 12 23
17 15 89
14 13 58
2 7 85
14 8 57
7 18 69
5 12 21
4 10 44
12 17 38
5 13 50
17 11 63
9 2 21
11 3 24
14 7 57
3 9 16
16 14 28
11 5 24
1 7 86
13 9 90
16 6 36
3 6 80
15 1 40
7 3 78
14 18 7
16 7 52
16 2 73
7 12 89
7 6 42
1 6 15
5 10 85
1 18 58
12 14 65
10 15 69
18 8 83
15 6 97
9 11 60
7 17 9
5 15 84
5 4 15
13 12 15
7 10 13
12 8 64
4 12 50
9 6 19
4 18 84
8 6 17
9 10 32
10 14 1
6 4 5
11 15 20
6 18 20
18 13 75
5 2 7
12 16 8
18 2 13
11 7 14
5 18 83
2 11 63
2 10 24
13 11 37
6 10 84
5 14 89
11 10 5
4 8 80
14 6 19
10 16 78
16 4 50
5 17 25
8 9 77
7 4 57
8 17 94
10 8 72
10 3 62
16 15 31
4 13 50
9 18 21
5 8 28
10 17 3
4 15 31
11 1 7
2 15 47
17 13 13
3 8 97
14 3 69
18 3 89
12 6 18
5 3 4
2 4 72
8 11 50
4 1 6
17 18 7
1 13 1
6 13 58
13 3 18
17 6 98
12 9 74
2 8 84
13 2 25
17 3 18
12 1 42
9 1 26
16 9 88
2 1 62
17 2 53
10 1 88
9 14 23
11 14 26
4 3 61
11 16 86
1 16 67
12 3 88
3 15 17
1 3 31
16 8 18
13 8 59
14 15 24
3 16 10
20 47 3
16 5 97
6 12 62
6 15 83
3 17 94
7 14 3
2 19 59
10 11 22
18 5 45
1 14 10
5 11 67
11 20 24
15 9 86
1 8 15
19 17 95
10 8 36
12 5 43
17 13 50
20 14 30
6 18 0
15 8 19
8 2 69
4 1 83
10 7 4
18 15 41
7 19 37
6 13 59
19 12 26
12 9 91
18 8 25
16 19 37
15 16 72
2 11 46
15 13 74
1 5 33
20 18 59
9 4 27
8 11 14
3 6 46
11 19 61
7 13 29
14 4 11
19 15 37
18 2 64
16 1 84
16 4 63
1 11 20
5 7 53
20 95 3
14 5 62
5 16 43
19 18 71
6 14 72
5 12 36
5 6 21
5 10 18
9 10 24
11 20 44
14 15 62
8 6 94
9 12 56
16 10 7
5 15 13
8 18 2
11 3 60
9 6 1
1 13 54
15 1 38
3 15 54
15 11 33
12 2 89
7 11 96
11 19 57
2 10 91
20 17 7
4 18 2
18 10 49
10 11 67
15 6 12
6 18 94
6 20 58
15 9 30
18 20 78
17 1 43
18 3 9
3 19 63
9 18 15
20 9 42
3 7 48
7 14 75
17 6 50
15 4 39
12 19 91
18 14 72
19 15 30
18 5 46
9 14 3
16 19 51
3 14 90
19 13 19
7 4 48
11 2 78
13 7 81
14 19 56
18 15 94
10 19 31
1 20 21
18 11 96
9 13 44
18 13 74
8 12 96
5 11 56
1 16 3
19 6 44
12 16 18
10 7 12
2 16 8
9 5 6
13 11 75
19 17 1
2 14 3
6 12 31
20 16 40
17 11 84
10 17 53
17 15 47
7 8 21
1 8 51
17 3 84
10 13 52
20 13 35
9 1 57
16 18 91
1 6 34
18 2 34
15 10 55
4 16 77
5 3 80
2 5 17
10 4 66
10 12 13
8 19 42
13 17 25
14 12 33
20 142 3
10 5 87
14 18 76
18 20 18
8 7 43
13 15 10
8 9 1
9 18 26
5 6 51
1 11 28
12 7 21
12 9 35
7 6 73
5 13 59
17 5 82
2 12 55
16 19 61
16 3 10
7 4 84
10 16 91
5 20 70
11 6 7
9 11 14
10 2 25
6 13 42
17 1 30
14 15 24
7 2 78
7 17 36
18 16 6
6 20 65
15 11 31
4 11 9
8 16 68
12 11 35
13 3 16
6 18 54
8 10 30
7 13 17
20 17 0
19 17 6
7 16 9
18 1 26
14 2 88
4 15 45
4 8 61
15 5 49
16 20 68
16 17 78
1 2 64
14 4 53
18 11 57
12 5 90
17 3 85
20 11 73
11 8 41
4 3 52
6 9 15
7 11 31
19 13 84
15 2 12
16 12 78
8 1 67
19 5 46
10 17 72
14 19 18
2 20 43
11 3 98
12 1 41
20 14 5
15 9 45
20 10 27
18 15 40
3 9 64
15 7 35
17 6 78
6 3 33
6 14 82
19 8 39
5 14 79
4 2 82
8 6 3
18 19 37
1 10 0
6 1 94
7 14 38
6 12 14
19 11 67
2 6 27
8 12 98
19 3 35
8 3 91
19 20 21
11 5 45
2 17 59
19 2 56
12 20 35
5 2 61
19 4 85
1 3 72
16 1 21
19 6 52
18 17 7
14 16 2
18 13 56
10 13 49
20 3 55
1 4 25
9 1 61
5 3 69
14 13 29
19 15 34
13 1 53
3 14 70
14 17 79
2 9 31
12 19 21
11 10 5
15 17 62
9 16 14
7 18 20
19 9 55
18 5 60
8 17 10
10 4 15
2 18 63
18 3 54
2 16 33
3 7 82
9 4 65
10 15 8
17 13 54
8 15 93
5 1 27
13 4 24
13 12 21
18 8 32
10 14 82
18 10 33
6 16 60
20 13 32
4 16 77
16 15 69
20 190 3
15 14 89
9 13 80
12 19 65
11 16 27
7 9 35
13 15 69
20 6 48
1 11 13
20 3 83
19 16 96
11 5 54
12 17 20
9 8 17
20 13 63
13 5 72
8 5 96
14 12 15
13 1 64
11 18 60
20 2 67
12 13 45
2 16 14
15 8 18
6 14 90
12 5 16
8 18 83
13 8 63
2 17 58
15 17 15
18 6 65
8 6 53
3 1 53
10 17 75
1 4 88
18 2 64
4 10 63
8 1 44
15 3 16
17 16 66
19 13 23
15 19 77
16 18 70
10 14 97
9 18 38
6 2 49
8 17 13
4 9 70
13 6 96
1 17 71
16 14 0
10 1 3
1 19 99
9 14 21
10 2 76
16 5 12
10 8 52
9 17 98
13 11 38
20 14 51
3 14 92
12 15 76
19 4 53
9 12 82
15 6 32
15 7 63
5 6 1
18 15 92
17 7 94
16 6 71
9 15 29
13 10 81
18 7 98
17 13 31
10 18 46
15 2 48
10 6 15
19 2 68
9 2 35
7 16 98
11 3 78
10 20 83
20 7 82
10 9 47
9 11 15
7 2 37
7 4 65
8 3 63
8 11 59
13 18 50
1 18 69
10 15 70
1 15 72
19 17 62
3 9 63
5 17 56
8 2 84
9 16 95
19 8 9
17 3 97
3 12 19
4 13 9
13 14 8
7 1 16
19 10 98
2 1 98
3 6 67
10 5 50
12 4 69
19 3 50
6 9 45
6 7 67
19 9 37
7 12 95
9 20 95
12 16 64
6 4 35
20 11 32
5 2 42
13 16 64
4 18 30
7 14 3
16 10 37
10 12 62
10 3 37
20 19 53
1 5 32
16 8 14
5 15 80
7 8 95
1 14 1
17 4 65
11 15 97
15 16 14
17 11 71
1 20 35
10 11 25
16 1 77
16 20 99
3 13 10
18 3 95
7 11 75
14 19 56
9 5 15
18 19 9
12 18 92
17 18 98
11 2 67
17 14 62
4 16 32
2 14 11
11 6 77
17 20 48
2 3 2
16 3 68
12 6 35
18 20 99
1 12 31
15 20 85
5 19 48
9 1 85
20 12 80
2 12 17
2 13 82
15 4 10
6 1 36
19 6 86
8 12 29
4 3 51
11 12 70
2 4 22
5 4 91
17 6 81
18 14 27
20 4 92
5 20 61
8 4 23
4 11 48
4 14 84
5 18 62
5 14 45
13 7 80
10 7 61
19 11 89
11 14 77
7 3 92
19 7 86
20 8 72
5 3 1
8 14 87
5 7 32
0
