10 11 8
8 4 34
3 2 48
5 8 29
2 4 0
5 1 33
4 3 8
8 9 20
4 6 7
10 6 2
5 2 15
7 4 1
10 22 8
10 6 5
7 3 47
9 4 34
3 6 45
8 5 17
5 3 0
6 4 36
8 1 33
10 2 34
3 4 8
10 4 22
2 5 46
9 10 14
9 2 6
10 3 33
7 4 16
4 5 1
7 10 17
10 8 22
4 8 23
7 2 20
5 10 36
10 33 8
1 10 44
3 8 13
3 2 48
7 4 4
9 6 42
9 3 17
6 10 1
4 2 16
7 10 4
8 10 48
6 2 34
6 3 1
7 1 40
1 2 25
3 5 26
3 7 19
2 7 29
9 5 15
4 1 9
1 3 5
4 9 35
5 6 7
5 10 48
9 10 8
4 5 47
8 5 15
8 4 15
9 8 22
10 2 11
5 1 2
4 10 34
4 3 21
7 9 17
10 45 8
6 1 33
9 1 21
10 8 16
10 9 0
10 3 39
9 2 19
8 5 32
10 6 23
6 8 7
2 3 25
5 6 19
10 4 0
9 8 8
4 3 48
3 8 23
9 6 18
6 4 37
1 10 7
10 2 44
7 5 41
9 7 32
3 7 1
9 4 7
4 8 25
9 3 18
2 5 20
6 3 6
10 5 25
8 7 42
9 5 39
8 1 16
10 7 5
3 5 32
4 7 19
4 1 44
7 6 43
1 7 37
8 2 5
2 1 10
2 6 46
7 2 36
1 5 7
5 4 42
3 1 11
4 2 19
12 16 8
10 3 34
2 7 22
12 1 38
6 1 5
9 4 47
6 2 28
12 3 5
3 9 32
7 5 13
2 8 14
7 12 48
11 12 2
3 11 31
11 9 1
6 5 7
3 2 41
12 33 8
12 7 4
1 12 8
12 5 28
11 7 13
2 8 17
5 6 0
3 8 48
6 4 1
12 10 8
4 1 49
6 10 3
7 9 14
6 3 12
6 12 28
8 7 45
1 3 46
6 11 46
12 3 47
11 2 8
5 8 40
2 7 24
1 5 18
7 10 32
9 3 2
3 11 11
6 8 37
7 6 19
11 5 15
7 5 21
10 1 45
6 1 10
5 4 18
3 4 48
12 50 8
7 4 34
6 5 28
9 1 11
4 6 32
3 9 29
4 2 45
7 1 2
8 10 4
2 7 15
4 11 16
5 7 13
12 5 24
2 10 15
11 5 4
6 10 49
7 6 46
4 9 10
6 3 25
10 3 43
10 12 40
9 11 27
8 6 43
8 5 14
12 11 3
12 2 47
8 3 34
8 1 4
3 4 6
5 2 35
2 9 41
7 3 7
6 9 18
2 11 15
12 8 32
12 6 7
5 9 38
8 4 40
1 2 36
3 2 2
8 2 49
10 5 25
12 7 3
6 1 39
10 11 11
1 3 45
4 12 5
5 1 25
2 6 4
6 11 25
10 9 40
12 66 8
4 5 22
3 9 27
3 5 47
5 6 22
9 11 47
10 6 3
5 7 32
12 6 16
4 3 25
4 12 18
9 4 42
12 2 20
4 7 14
4 8 11
2 8 19
2 5 27
11 5 40
4 10 17
8 11 35
6 4 30
8 7 0
12 3 17
11 10 8
9 12 49
4 2 26
4 11 42
4 1 9
7 10 9
7 2 28
7 12 39
3 1 38
9 7 22
3 8 36
6 3 20
12 10 12
5 10 26
2 6 34
1 11 35
7 6 14
12 11 42
7 3 31
3 11 12
5 12 12
11 2 25
5 1 13
6 8 47
3 10 43
1 8 5
8 10 0
10 1 14
11 7 18
8 9 13
7 1 1
9 10 46
3 2 40
5 8 26
12 8 23
10 2 9
12 1 46
5 9 6
1 2 38
2 9 8
11 6 30
1 6 31
6 9 38
9 1 36
14 23 8
10 2 44
6 14 36
11 8 8
14 12 38
8 7 47
9 6 49
14 5 2
8 2 26
13 5 8
5 11 0
8 13 47
14 9 18
4 1 20
7 9 34
11 9 24
2 5 30
7 13 2
5 3 33
8 1 31
4 14 29
10 1 49
14 13 30
1 11 32
14 45 8
4 11 37
4 3 48
7 6 42
7 5 3
8 4 43
14 10 15
7 9 25
8 5 13
3 6 30
14 13 5
10 3 9
5 6 18
5 12 12
12 11 0
1 4 19
1 11 19
11 10 18
13 4 40
7 14 19
2 14 29
9 1 27
14 3 39
11 8 2
9 4 2
2 1 21
3 7 31
14 5 25
12 4 15
1 13 46
11 9 30
14 8 4
8 12 42
6 8 44
8 9 17
11 5 11
9 5 23
14 6 20
9 14 39
10 2 19
12 3 18
5 2 31
6 11 47
1 3 28
14 12 23
8 10 46
14 68 8
2 1 35
5 4 6
2 7 24
14 6 34
2 9 35
2 12 35
4 10 2
14 7 29
14 11 5
14 2 0
1 14 36
12 8 3
8 7 11
4 1 2
4 14 27
10 6 10
1 13 42
10 12 0
8 3 44
8 11 48
4 8 9
8 9 24
4 13 42
11 4 2
4 3 44
4 6 41
5 7 27
5 11 9
13 3 9
6 7 22
12 13 34
9 1 38
13 5 8
10 1 26
3 10 40
10 2 19
1 5 29
6 13 19
11 2 41
8 13 49
9 6 37
8 14 23
2 13 13
10 5 11
1 11 2
1 8 30
12 3 10
3 7 47
10 8 12
11 12 1
4 12 20
5 2 31
10 13 7
1 12 47
9 10 34
2 6 12
1 7 30
12 5 31
1 6 5
11 6 37
13 7 34
1 3 47
8 5 49
14 3 31
13 11 27
7 10 44
7 9 17
10 11 23
14 91 8
7 3 18
3 2 3
8 2 13
5 7 27
7 9 38
14 5 33
14 11 47
7 6 37
7 2 3
10 9 18
6 12 0
1 12 34
10 8 1
3 13 38
9 13 2
14 9 18
10 6 23
8 14 20
10 7 6
8 5 33
6 9 47
5 12 35
7 11 24
13 2 18
4 12 11
2 12 40
14 7 25
13 10 29
3 10 12
12 13 19
1 2 7
8 9 28
2 5 19
4 14 48
1 14 49
1 3 18
13 14 38
5 3 49
10 14 44
14 6 1
10 2 20
8 12 29
10 5 22
5 9 47
10 12 6
3 11 30
8 1 33
10 11 29
12 11 15
1 7 45
1 4 30
8 11 21
4 13 49
1 6 16
3 8 48
6 2 24
9 3 47
8 7 44
2 4 48
5 11 36
1 11 20
13 5 26
5 4 34
3 12 24
5 6 25
12 14 9
12 9 2
10 1 18
9 2 1
10 4 34
4 8 4
14 3 43
9 4 45
2 14 27
8 6 24
8 13 2
7 4 12
2 11 47
9 11 29
5 1 19
3 4 49
3 6 1
1 13 45
13 6 43
1 9 46
12 7 17
13 7 22
13 11 46
6 4 5
4 11 30
11 6 48
16 30 8
5 4 30
8 11 12
14 12 31
5 3 34
1 16 31
7 4 24
10 15 26
4 6 25
12 13 14
15 5 12
3 1 43
3 12 5
8 13 27
9 4 1
10 11 35
1 15 9
2 13 36
14 10 13
9 14 27
16 11 42
10 12 37
13 7 44
12 11 23
13 4 20
8 14 39
1 6 29
8 1 24
5 11 37
6 9 16
13 11 10
16 60 8
6 12 32
13 4 2
8 13 42
12 10 32
8 11 22
5 2 3
6 7 25
8 3 38
8 10 36
2 8 36
4 2 20
4 6 12
7 5 8
16 8 32
12 3 46
1 6 32
12 5 39
10 3 26
14 8 30
7 10 49
13 16 49
2 14 10
1 3 32
11 6 28
3 6 43
9 14 8
10 11 2
1 8 40
15 5 33
3 15 39
3 4 14
7 15 39
13 10 27
10 15 24
12 16 2
15 13 6
14 4 44
4 7 19
10 14 17
13 5 46
13 11 35
9 4 13
2 1 42
2 16 27
6 15 14
14 3 26
2 15 28
9 8 19
1 13 13
6 16 40
1 5 4
16 10 38
8 4 37
15 14 24
7 9 1
10 9 6
11 1 41
14 16 37
9 13 22
7 8 29
16 90 8
13 8 31
3 6 29
10 6 35
12 6 44
5 11 4
10 13 29
8 4 22
4 12 30
11 1 45
10 14 47
10 11 8
7 1 2
13 12 35
10 7 11
5 4 20
1 8 17
5 3 40
10 4 20
9 14 17
10 16 37
13 5 12
15 13 6
1 15 34
8 6 4
3 15 10
11 15 39
5 15 29
3 16 22
8 2 1
2 9 40
6 2 13
5 8 47
13 14 3
3 2 12
16 2 34
11 6 45
12 11 26
12 2 20
1 3 35
11 2 23
3 8 24
6 16 49
5 16 15
13 9 31
2 15 26
14 5 22
10 15 28
14 11 27
7 5 39
6 15 0
1 16 1
14 15 38
7 15 19
10 2 20
4 7 42
14 1 15
8 7 45
2 5 3
4 14 31
1 12 48
9 16 12
14 6 46
2 7 13
10 3 11
3 7 8
16 8 46
3 12 7
12 14 37
12 15 18
12 7 45
11 4 17
10 5 9
1 5 18
7 11 37
11 13 18
10 12 42
15 16 36
10 9 48
15 4 11
1 9 12
1 4 37
5 12 37
8 9 43
14 8 44
7 9 47
11 3 18
14 16 3
6 13 33
13 1 41
1 10 30
16 120 8
11 3 23
13 5 26
7 9 3
4 5 47
8 9 19
5 16 23
2 3 6
16 4 49
8 3 14
9 16 15
3 9 47
1 13 46
14 1 43
13 9 4
10 6 14
3 15 33
16 15 47
3 7 43
9 11 12
3 4 26
12 8 24
9 10 19
14 10 23
7 16 39
10 8 14
4 14 49
11 12 46
14 11 39
6 5 3
9 4 40
16 3 12
1 12 30
15 11 22
8 13 2
8 6 43
11 2 16
11 8 10
15 9 7
7 13 0
8 14 38
4 12 42
4 11 7
8 5 46
14 3 38
12 16 16
3 1 47
3 6 0
16 8 27
15 10 34
15 6 26
8 15 46
15 1 23
13 2 17
5 10 35
3 10 14
1 16 20
4 2 37
1 11 10
1 5 3
5 7 41
8 2 6
12 3 39
13 15 3
10 2 27
15 4 39
16 10 39
14 12 34
7 11 40
5 3 33
9 6 22
5 12 25
6 16 21
1 10 17
12 9 8
1 9 41
1 6 23
7 15 8
9 5 32
11 5 45
14 15 8
7 8 41
3 13 38
12 10 47
12 6 25
10 4 8
14 9 13
13 4 12
15 5 33
4 1 14
16 11 43
2 6 33
13 16 39
12 13 48
8 4 30
16 14 26
15 2 15
15 12 20
2 16 7
2 1 13
1 7 18
9 2 4
4 6 26
12 2 25
5 14 15
8 1 45
14 2 35
13 6 22
4 7 22
14 6 43
6 11 12
12 7 8
5 2 44
7 10 7
13 10 11
11 10 10
6 7 42
2 7 19
14 7 26
11 13 4
13 14 14
18 38 8
2 6 3
2 17 33
1 14 14
15 6 37
6 11 32
4 6 1
18 7 27
10 7 6
18 11 28
8 11 39
15 14 21
8 12 23
4 9 29
16 12 32
6 14 21
9 5 14
16 10 45
5 17 1
4 7 31
10 15 44
3 8 3
10 9 20
17 15 1
12 6 36
18 17 7
8 15 17
9 15 7
13 5 42
9 7 16
17 4 15
11 4 48
7 3 44
6 18 47
4 12 3
7 5 19
10 1 27
5 4 21
11 1 13
18 76 8
16 11 1
5 12 49
12 13 23
4 8 14
2 10 39
11 14 41
17 8 42
15 8 23
5 8 3
6 15 48
15 11 1
2 1 34
9 2 45
14 12 38
5 11 36
1 15 8
6 10 21
11 7 30
16 15 33
1 9 33
16 2 45
2 18 44
10 17 39
6 14 1
3 2 49
18 8 3
6 7 44
10 3 46
3 9 46
12 17 4
11 18 13
13 14 9
4 12 48
7 1 27
16 4 45
6 11 41
13 6 20
4 6 9
3 18 11
13 5 12
3 4 44
15 5 39
5 16 46
4 1 26
16 1 47
7 9 49
3 16 9
5 7 9
3 11 6
4 2 35
13 3 5
15 12 31
10 16 38
16 14 4
14 5 18
3 12 47
12 16 29
10 7 40
7 8 0
6 8 2
12 9 9
6 1 25
9 4 16
5 6 31
7 15 30
12 8 13
15 18 32
1 10 39
17 14 17
4 13 0
5 1 17
10 13 40
12 7 15
1 3 30
16 7 49
6 17 38
18 115 8
5 12 7
6 3 7
12 17 10
18 6 18
17 3 7
4 13 27
8 16 8
16 14 44
2 11 12
8 17 30
9 4 18
7 15 41
2 16 49
8 5 43
9 3 28
3 4 2
16 15 24
6 17 33
3 15 42
4 6 40
13 8 31
6 14 40
14 4 8
8 4 4
6 1 10
18 9 10
13 9 24
16 4 18
3 8 44
11 5 0
17 11 9
9 12 18
17 16 24
2 14 34
1 4 44
15 10 20
9 15 40
10 12 2
15 14 47
1 11 17
15 1 26
6 13 46
4 5 29
17 4 3
17 14 18
1 10 16
12 2 29
7 3 5
13 16 4
14 18 45
13 1 24
8 15 24
12 7 18
15 6 35
6 2 24
6 10 2
9 14 3
1 16 22
9 6 42
8 9 38
6 11 8
2 4 7
2 10 9
1 2 14
18 5 7
4 10 45
15 2 16
8 2 21
12 18 49
14 11 40
7 18 1
9 11 31
1 12 18
12 3 15
12 16 28
5 10 36
14 3 48
12 4 3
13 18 3
10 11 5
8 12 21
3 2 4
5 15 19
11 12 0
1 18 49
4 15 8
3 13 11
9 5 38
5 2 46
13 14 15
3 5 4
17 9 41
3 10 34
10 13 23
5 16 37
2 7 41
3 1 0
13 2 3
13 17 46
9 1 5
10 9 16
17 18 26
16 18 10
11 4 11
16 10 29
3 11 44
9 16 25
7 1 25
4 7 4
3 18 34
5 14 24
18 15 43
3 16 26
15 17 39
8 11 13
18 153 8
2 17 0
6 13 43
9 7 5
3 17 49
9 1 33
3 16 0
18 12 43
8 15 42
1 13 36
9 15 11
1 3 19
1 5 39
7 1 45
2 1 7
3 2 49
16 15 40
9 4 22
3 12 26
14 18 48
11 4 21
11 16 39
11 2 28
15 13 34
2 18 16
8 12 30
14 3 38
6 3 39
15 12 5
11 15 42
15 3 23
12 9 34
15 4 24
13 12 8
8 4 32
7 5 27
4 18 33
16 8 18
13 18 2
14 8 13
12 17 0
8 10 16
1 14 23
9 18 8
13 4 37
16 4 40
15 14 48
2 14 28
10 11 10
8 9 26
13 14 32
1 15 37
9 11 4
4 7 39
1 8 23
16 2 38
5 15 10
18 10 31
17 5 9
5 16 23
16 17 4
17 14 5
10 12 18
18 1 35
17 1 25
3 13 36
18 3 37
10 3 48
8 5 25
14 4 8
16 7 10
9 17 22
18 17 29
16 10 36
8 7 15
12 14 20
16 18 30
4 10 22
13 9 4
8 17 47
1 11 44
10 1 16
15 2 28
18 5 17
9 2 46
6 9 20
1 4 14
9 16 15
16 12 32
18 8 13
11 6 46
5 4 33
9 14 20
6 7 18
11 5 42
6 18 46
8 2 13
12 2 12
5 2 12
6 5 10
8 11 44
11 3 42
16 1 11
5 14 15
12 1 42
6 2 46
13 11 40
12 11 0
14 6 44
8 6 25
18 15 40
4 6 33
13 8 43
1 6 4
12 4 48
6 10 17
16 13 7
6 12 0
3 4 6
11 7 20
12 7 32
7 2 12
14 7 0
15 7 26
7 10 43
14 11 16
15 6 11
5 9 28
15 17 45
3 8 42
12 5 45
15 10 48
18 7 9
17 13 28
9 10 0
7 13 12
4 17 14
9 3 18
18 11 25
2 10 29
16 6 30
2 4 38
7 17 22
2 13 48
16 14 33
13 10 26
3 5 5
6 17 39
17 10 3
13 5 37
14 10 0
5 10 8
7 3 38
11 17 12
20 47 8
3 13 25
10 11 21
20 8 13
17 14 38
6 11 40
7 10 4
2 6 35
4 9 26
16 10 26
12 6 38
13 18 13
1 8 36
7 12 18
2 3 7
8 15 47
14 2 1
14 8 36
18 15 14
11 2 40
9 18 5
4 1 37
12 4 42
17 20 19
18 17 12
10 17 30
2 10 37
18 6 5
3 17 31
5 16 18
9 2 37
1 14 20
14 10 23
11 7 3
8 12 6
17 8 37
18 16 24
15 20 29
16 15 12
19 10 32
18 7 13
18 20 36
9 5 14
10 18 6
5 10 14
2 5 32
10 6 10
20 2 4
20 95 8
16 18 31
17 6 5
13 3 41
20 9 7
7 9 49
7 6 6
12 16 20
13 19 4
4 13 49
4 14 15
12 8 12
19 8 21
18 17 28
5 3 28
10 9 36
2 11 1
19 9 13
20 18 16
11 9 33
17 15 34
16 10 23
19 12 14
1 20 0
20 15 17
11 15 48
11 14 13
13 2 30
14 2 41
20 13 49
13 11 21
10 5 30
9 8 41
18 9 13
12 9 26
3 2 7
6 19 4
4 16 32
15 7 16
15 4 31
4 17 38
10 4 24
2 1 46
4 11 14
18 15 49
10 18 19
12 13 2
6 20 18
19 4 1
3 16 16
18 12 49
3 14 21
19 16 3
11 7 14
12 7 28
9 3 38
2 9 28
8 5 32
20 8 22
4 12 15
14 5 5
20 10 44
10 1 9
2 8 47
9 15 12
4 6 11
2 18 12
6 9 17
12 15 24
5 12 13
2 19 31
11 19 46
19 18 25
5 4 47
13 8 15
19 10 48
14 16 17
13 16 31
15 13 38
7 1 47
6 5 37
10 15 31
13 7 38
17 10 11
12 20 22
9 4 25
17 16 39
11 17 42
16 9 21
1 17 9
19 14 38
12 3 23
6 2 10
4 2 38
20 17 39
20 19 17
20 142 8
18 8 37
20 4 46
16 8 19
4 18 9
5 17 44
13 17 5
15 7 32
4 7 20
1 20 29
10 17 46
7 3 34
7 2 9
15 17 21
11 1 44
5 11 37
20 17 24
4 14 40
2 16 43
13 19 24
3 19 10
5 8 13
19 2 34
9 2 30
12 13 20
11 7 44
14 10 38
16 3 33
14 16 14
8 19 31
7 18 38
9 10 1
5 13 16
8 10 33
11 3 26
12 18 17
3 2 35
18 19 19
4 19 6
16 7 6
4 17 42
9 17 10
13 16 12
2 10 10
6 12 48
1 19 19
10 19 7
7 5 25
13 6 30
19 9 31
15 13 13
3 9 23
14 2 35
17 6 1
1 8 24
20 16 8
16 17 16
16 5 0
1 10 23
8 14 14
4 15 10
18 10 35
1 18 32
20 6 26
17 7 0
12 1 16
7 20 19
15 14 44
8 12 18
3 10 31
2 4 37
8 4 22
18 11 5
11 13 24
16 18 44
1 15 0
9 6 20
10 6 19
7 6 13
9 4 9
10 20 22
7 9 30
18 20 6
13 14 38
20 19 39
11 4 9
18 9 24
4 13 34
12 20 17
15 6 9
4 12 19
7 19 24
1 17 16
12 11 22
8 9 7
19 15 25
6 2 12
19 12 31
5 6 43
15 11 43
20 9 17
17 2 14
19 16 42
6 4 5
14 1 40
19 6 9
17 3 48
4 3 14
8 20 17
14 12 35
11 16 48
12 10 16
5 14 0
5 4 43
6 16 3
15 16 25
16 9 43
7 14 29
12 7 30
17 19 49
14 11 49
19 11 41
13 10 6
12 2 30
5 20 7
7 8 49
7 13 8
3 6 49
12 3 15
17 11 16
6 8 33
6 11 4
5 18 23
13 3 23
6 14 18
5 12 32
20 2 44
3 20 47
12 15 11
18 15 8
3 8 45
15 3 4
18 3 2
20 190 8
7 2 37
1 5 30
14 11 20
9 6 32
18 5 39
1 12 20
6 15 13
12 15 12
13 19 39
14 9 6
17 20 20
20 15 13
11 3 33
18 10 15
15 13 5
17 13 4
20 19 38
17 8 16
5 12 27
9 5 25
7 16 3
20 18 15
12 16 27
20 10 21
4 17 7
3 13 45
19 1 11
3 2 13
13 18 5
1 13 8
1 10 33
4 1 47
15 1 3
18 3 25
12 20 0
5 16 17
13 6 44
10 15 10
2 17 43
15 16 22
3 8 44
12 7 49
7 10 27
18 9 14
2 14 15
4 6 46
10 6 10
8 1 21
9 16 16
3 1 38
8 9 35
18 14 34
2 4 11
20 13 27
20 6 44
3 19 44
15 18 7
7 6 28
2 18 33
12 11 12
5 4 36
7 4 9
18 12 23
1 11 21
14 8 30
20 8 47
19 5 30
8 11 40
6 14 38
10 11 12
16 2 35
17 7 2
19 12 33
4 12 38
14 3 16
17 12 6
3 12 2
6 2 16
1 2 3
16 11 31
2 11 11
4 13 29
7 1 11
18 4 27
14 4 41
15 4 21
14 13 30
6 8 30
20 9 32
8 2 18
1 6 43
6 17 32
10 13 14
20 3 0
13 2 37
8 10 15
12 9 8
11 15 14
5 3 41
10 16 7
10 14 24
9 11 8
2 15 40
16 1 0
7 18 8
20 11 18
7 3 33
6 11 3
15 8 1
10 12 23
13 8 3
20 1 39
15 3 41
18 19 2
18 11 7
14 1 4
1 17 33
1 18 33
12 13 1
8 4 18
4 9 32
20 7 42
6 5 20
20 16 19
3 16 40
13 7 49
14 12 33
5 17 5
4 19 44
13 16 16
14 17 15
15 19 31
12 6 2
2 20 18
2 9 11
3 9 29
7 15 42
13 5 45
2 19 29
16 17 35
15 17 48
8 16 43
15 9 43
15 5 35
10 4 21
6 19 22
8 18 17
19 16 3
6 18 13
9 7 15
2 10 0
18 16 44
5 20 45
16 6 15
5 10 2
11 17 26
17 3 0
7 19 25
10 3 15
14 7 35
8 19 40
13 9 37
19 11 47
4 20 40
8 7 26
9 19 40
4 11 32
16 4 36
7 5 49
13 11 13
14 16 20
3 6 45
4 3 17
7 11 40
2 12 48
15 14 31
9 10 33
14 19 0
8 12 41
11 5 29
10 19 6
10 17 31
18 17 7
19 17 37
1 9 11
8 5 41
17 9 5
20 14 20
2 5 27
5 14 18
0
