14 23 13
6 5 32
3 10 41
5 4 47
6 7 84
7 9 89
6 1 83
10 6 95
5 13 63
7 4 7
5 2 84
5 11 6
3 2 45
14 9 24
13 7 60
7 2 63
2 9 68
4 2 12
8 14 97
9 4 38
5 1 12
10 14 97
7 10 7
12 7 3
14 45 13
9 2 93
14 7 36
4 11 84
1 3 10
2 3 7
9 12 20
11 14 18
7 6 17
5 8 76
9 11 20
9 4 4
2 14 32
6 10 30
5 4 95
5 14 99
12 2 3
2 6 11
6 5 73
2 4 24
4 3 8
11 8 83
1 5 30
13 4 29
10 13 84
12 14 15
5 10 14
12 3 84
7 5 31
12 1 90
7 13 38
14 4 8
3 6 50
6 4 89
1 9 49
14 13 71
3 10 12
13 3 14
13 6 21
7 12 77
7 2 53
7 3 54
8 2 9
12 8 80
10 8 69
11 2 31
14 68 13
3 12 70
1 7 69
1 8 10
12 8 99
1 5 57
8 3 63
3 7 59
11 10 73
3 13 88
14 9 45
13 2 6
13 10 16
10 3 3
5 3 86
8 2 76
9 5 45
11 2 49
8 9 11
4 3 49
6 1 16
9 3 80
4 1 50
6 9 11
7 6 9
4 2 74
13 12 12
7 12 6
2 10 85
5 14 82
6 12 36
13 6 68
3 14 70
9 7 87
3 2 17
11 6 82
3 11 88
12 14 17
13 8 51
10 14 24
10 9 87
9 11 45
4 11 58
12 11 89
5 2 59
3 6 81
11 1 60
12 2 41
10 12 5
3 1 24
12 1 79
1 14 88
6 4 39
11 13 32
9 13 10
14 4 88
12 5 66
9 4 90
11 8 16
13 1 59
8 10 3
2 1 53
7 10 12
10 4 12
14 6 11
5 8 20
13 5 9
13 14 95
12 9 69
14 91 13
4 1 64
1 11 76
5 7 6
12 4 3
10 1 66
5 13 45
2 1 90
4 14 80
14 3 99
12 5 68
8 6 84
1 9 61
7 8 67
11 13 22
14 5 47
12 14 70
4 2 50
3 5 49
7 10 69
8 3 61
10 14 30
3 12 66
1 8 97
2 5 96
6 4 67
11 4 86
3 1 87
2 3 42
12 6 4
7 6 86
3 4 17
11 6 56
1 13 22
6 13 68
11 2 64
5 4 18
8 14 93
10 12 33
6 14 82
12 9 98
8 9 30
5 1 27
7 14 95
11 8 60
8 5 30
2 10 24
6 5 54
12 7 11
1 12 40
9 10 28
2 14 39
13 9 40
7 13 56
1 6 69
6 2 52
1 14 71
2 9 12
13 2 36
1 7 60
2 12 69
3 9 27
2 7 49
2 8 76
4 13 28
4 10 79
10 3 78
14 11 34
12 13 75
7 4 59
9 14 38
4 8 1
9 7 71
11 10 56
6 9 31
10 8 73
7 3 46
9 11 94
9 4 88
13 10 71
7 11 60
5 11 45
12 8 78
3 6 17
14 13 75
6 10 27
13 8 18
11 3 64
13 3 61
10 5 15
11 12 28
9 5 27
16 30 13
2 10 86
4 12 61
5 3 25
11 15 16
2 1 48
12 8 77
8 6 85
14 13 42
10 1 42
6 12 70
8 13 8
12 7 84
3 4 8
9 15 0
11 16 97
10 5 97
5 12 83
11 8 25
4 5 65
4 9 23
13 12 86
11 3 37
16 14 48
14 10 37
4 1 72
10 9 90
13 4 63
2 12 82
3 16 72
4 8 70
16 60 13
7 16 89
2 1 50
14 6 10
11 9 49
12 1 39
8 1 15
12 7 58
15 10 3
14 1 53
7 3 45
10 12 37
10 14 18
2 6 32
12 2 0
4 3 55
8 15 6
11 4 45
15 14 36
13 12 90
12 11 84
10 4 95
9 14 6
4 6 26
6 12 18
12 8 20
10 6 42
1 11 78
5 6 68
8 10 66
15 11 82
2 11 83
12 15 93
7 5 19
13 8 89
9 16 61
9 3 81
9 5 59
14 2 79
14 3 45
12 14 79
14 7 19
15 4 19
6 9 80
4 9 93
10 1 98
12 5 79
4 8 76
16 14 7
4 14 21
4 12 29
12 3 94
10 2 5
8 6 47
10 5 78
11 14 72
8 16 73
12 9 52
3 6 67
1 4 32
4 5 42
16 90 13
2 8 24
2 6 73
13 16 51
7 10 72
13 15 89
15 3 62
5 1 88
7 5 73
7 1 71
12 7 43
12 9 90
1 9 43
4 5 61
14 9 84
12 13 94
2 16 8
7 8 49
14 1 93
15 14 78
13 11 42
4 12 47
9 3 55
6 10 69
15 1 74
14 3 52
8 1 46
13 14 82
4 11 60
8 6 60
5 11 24
2 11 80
3 11 74
7 9 53
5 6 81
13 2 0
15 16 63
14 11 71
15 4 8
2 7 73
5 16 29
12 1 12
8 12 49
12 3 14
1 6 62
15 12 55
7 16 79
11 10 6
5 15 6
13 10 50
14 10 15
1 4 61
8 16 27
9 15 45
16 14 25
4 9 33
11 12 26
1 10 85
5 12 35
11 7 20
16 3 73
16 12 66
14 12 99
16 4 6
13 9 28
14 6 97
9 5 42
12 6 58
14 5 1
11 6 87
14 8 90
16 1 59
6 15 40
5 10 17
12 10 64
8 15 62
2 12 75
6 3 39
14 4 17
3 5 97
11 9 22
15 10 8
3 13 36
4 6 35
14 2 72
8 13 98
6 9 87
15 7 93
3 7 70
1 3 69
15 2 34
16 120 13
14 2 36
3 13 80
4 13 69
9 15 41
10 14 21
5 13 85
5 16 75
16 8 64
15 7 24
8 11 23
2 16 14
15 16 82
6 13 3
15 2 45
9 16 18
12 4 76
9 11 51
8 1 11
9 5 14
16 7 77
4 6 21
13 14 19
10 16 16
10 15 87
10 11 14
11 3 6
11 2 2
12 16 90
10 4 4
10 12 82
5 7 5
12 5 46
8 6 58
16 11 98
2 4 25
9 8 3
1 9 47
14 6 87
15 6 42
7 9 36
16 6 34
7 12 92
14 12 57
16 4 40
2 12 10
9 2 73
1 2 62
8 4 73
3 7 97
3 4 65
11 14 58
2 10 14
7 10 72
11 6 6
16 14 22
11 12 37
14 15 56
10 9 95
5 11 99
15 13 97
1 4 51
3 1 89
6 7 47
5 8 55
5 14 15
6 5 5
9 14 65
5 2 51
15 4 57
6 10 17
4 7 10
11 15 81
11 1 36
2 6 82
16 13 55
1 7 7
8 2 51
11 13 92
1 12 2
3 12 32
8 10 18
16 3 48
5 4 59
16 1 55
15 1 29
8 14 70
14 3 22
13 12 18
13 1 94
15 12 3
9 13 53
14 7 84
10 13 29
14 4 91
11 4 91
14 1 63
3 8 87
9 3 18
2 3 33
8 13 4
10 5 32
10 1 2
10 3 83
1 6 69
13 2 68
5 3 61
8 12 1
2 7 10
13 7 42
11 7 35
12 9 74
3 6 49
5 1 74
6 12 93
3 15 85
7 8 83
9 6 86
5 15 34
4 9 79
8 15 36
18 38 13
9 1 94
8 3 4
11 3 62
15 8 66
2 4 42
15 13 23
4 16 39
10 1 46
14 5 10
5 1 46
11 18 92
17 3 96
9 3 11
6 18 79
13 1 29
17 13 80
14 2 87
2 10 13
9 10 60
7 5 19
7 13 26
10 16 74
13 16 22
11 7 47
5 2 60
13 14 86
11 16 72
18 7 0
8 11 95
13 18 82
17 6 17
5 16 16
2 6 43
15 7 73
4 14 41
18 3 98
17 8 50
10 11 30
18 76 13
16 17 48
2 12 16
1 16 10
4 6 15
13 14 12
16 12 95
9 7 50
17 7 48
15 16 74
14 8 4
9 3 4
11 15 20
10 12 82
14 15 50
5 8 62
3 1 58
9 5 8
7 12 57
3 8 8
7 3 99
6 12 80
15 2 26
16 9 79
17 1 36
10 7 3
18 7 68
9 13 24
14 1 83
2 1 32
6 11 78
12 9 42
1 18 87
10 17 15
11 10 44
18 14 36
3 16 38
16 4 49
14 4 68
16 2 78
12 1 89
17 2 78
1 9 49
4 7 21
15 12 4
12 18 42
12 13 28
2 10 47
17 11 68
12 14 88
13 4 87
12 5 39
16 6 50
6 8 88
13 7 30
3 17 59
5 6 58
16 14 32
3 10 59
15 4 90
18 13 75
18 10 34
14 5 6
8 11 76
4 8 14
2 9 89
6 9 83
11 5 15
4 12 62
3 15 70
12 8 84
14 17 74
4 11 63
5 10 47
18 9 30
7 1 26
13 16 59
18 115 13
14 3 71
15 9 7
13 4 33
13 2 54
2 10 70
7 16 12
18 16 69
11 1 63
12 1 4
5 12 10
1 4 4
8 16 60
2 7 85
10 3 49
13 11 34
11 8 58
9 2 17
9 1 73
11 2 43
14 11 46
8 7 57
16 10 60
7 11 61
17 11 78
5 3 67
7 9 54
9 16 48
10 13 11
1 7 52
4 6 81
8 6 84
15 17 96
9 14 86
1 3 8
2 1 92
11 6 10
9 13 96
9 18 49
10 18 95
18 11 63
13 12 35
5 10 80
8 10 17
2 15 97
1 5 97
11 12 87
10 9 6
1 18 24
13 18 90
3 9 13
13 17 24
3 8 93
7 6 39
16 4 66
18 2 33
11 10 49
3 6 25
8 2 75
17 10 99
10 4 13
9 17 28
11 3 58
12 10 8
12 7 97
16 15 22
11 4 62
14 2 29
9 5 26
15 6 19
13 14 83
11 9 36
4 18 18
2 6 15
15 4 89
1 14 51
16 3 81
2 16 1
8 18 36
14 6 22
17 14 79
9 12 55
12 17 20
2 4 43
9 8 50
13 3 76
14 16 72
2 17 57
8 13 64
14 10 70
16 5 24
5 6 5
9 4 55
1 17 79
5 15 82
18 3 82
8 4 54
15 14 24
12 14 1
11 16 11
12 3 96
11 5 3
16 6 49
17 3 32
3 15 73
9 6 69
1 10 54
17 5 56
13 5 67
4 3 35
8 14 62
10 6 29
5 4 74
7 18 80
3 7 73
17 16 13
18 153 13
6 8 67
2 4 43
8 7 24
13 10 63
5 9 50
3 12 79
10 3 50
12 17 4
9 13 93
14 3 76
18 4 71
8 11 95
18 5 83
6 15 63
13 15 7
3 6 81
3 9 68
1 15 40
18 10 34
18 1 25
3 11 45
14 2 2
16 9 17
16 2 33
7 17 40
7 2 21
10 2 24
6 11 71
18 3 57
17 1 35
1 13 80
15 12 34
12 2 52
6 1 37
13 18 77
2 1 51
9 18 38
3 15 19
12 6 2
3 8 8
15 14 25
6 13 94
10 16 1
11 12 92
14 4 54
14 7 59
6 14 62
9 14 35
15 17 18
2 6 90
7 18 66
18 6 69
9 17 83
15 18 12
12 14 7
16 13 21
4 11 74
3 5 7
12 16 4
10 12 14
13 17 38
14 18 67
10 17 80
9 7 3
13 8 38
1 9 70
7 5 81
7 6 37
14 17 87
1 11 38
15 2 14
11 2 78
6 5 78
12 7 14
7 3 5
4 10 59
12 13 9
15 5 88
14 10 60
7 1 70
11 5 83
15 11 23
3 2 16
16 4 92
5 2 30
11 18 76
3 16 91
4 5 14
5 8 48
13 5 38
3 13 27
7 13 52
14 11 81
1 8 91
4 8 8
9 12 92
1 4 28
18 17 19
14 8 67
9 10 15
8 9 6
6 9 41
11 13 17
17 11 72
14 1 11
1 12 34
2 8 72
2 13 69
15 16 80
14 13 76
14 16 75
2 17 27
18 2 48
17 16 83
12 18 59
10 15 86
12 5 33
9 2 41
17 3 48
1 10 97
10 7 36
4 7 57
16 7 87
16 18 82
5 16 27
15 4 24
4 3 58
8 17 76
16 6 0
16 1 90
13 4 93
6 4 20
6 17 19
15 7 50
4 9 42
5 10 50
5 14 36
10 8 15
16 11 55
16 8 50
18 8 4
3 1 40
5 1 7
5 17 44
6 10 37
8 12 69
11 10 35
7 11 46
12 4 22
17 4 40
9 15 96
9 11 92
8 15 96
20 47 13
3 14 7
18 16 91
20 17 83
17 1 74
15 3 15
12 17 31
19 20 30
20 11 22
1 2 34
11 10 12
9 10 59
20 5 30
11 4 96
12 19 57
11 14 10
16 3 27
10 2 3
2 20 2
12 18 97
6 2 43
14 17 52
15 6 83
4 18 8
14 8 65
5 1 8
14 9 44
18 14 2
3 12 91
20 15 97
16 9 64
13 6 13
17 7 10
14 7 65
20 16 80
14 2 75
2 16 73
12 4 63
13 20 61
8 6 77
19 8 78
17 4 31
2 13 63
6 12 37
8 13 57
8 1 17
11 18 98
10 15 14
20 95 13
14 8 16
3 16 47
20 4 18
10 8 5
16 8 44
4 14 33
17 12 71
16 2 4
13 4 28
5 13 27
13 19 29
8 19 1
6 19 17
8 5 7
9 20 72
12 16 7
5 15 44
12 7 71
4 5 0
11 1 53
15 2 73
8 6 68
2 17 42
7 17 31
7 6 43
17 11 35
11 20 48
15 1 26
11 5 41
10 11 98
16 7 88
10 13 83
4 9 13
9 15 93
5 3 81
14 18 92
9 12 32
10 20 31
11 8 23
20 18 30
12 8 14
17 4 7
9 5 12
10 14 77
7 18 42
17 16 66
5 14 73
16 14 6
2 1 4
10 5 77
6 13 2
13 2 6
16 20 68
3 1 33
17 5 11
17 19 54
3 12 60
5 12 17
13 15 94
19 2 31
9 13 79
9 17 5
16 19 54
5 16 55
2 10 60
13 11 61
8 2 62
2 3 45
11 16 24
18 13 29
13 7 2
9 2 12
3 19 67
4 6 80
17 18 93
2 12 10
4 16 12
19 9 99
16 18 66
6 14 85
10 4 63
3 6 40
2 18 51
14 7 16
4 19 54
12 14 80
8 17 92
8 18 66
10 16 83
14 9 94
18 9 43
12 1 36
17 10 16
8 4 12
13 20 47
20 142 13
6 9 41
2 6 13
7 12 95
1 9 36
7 20 71
5 20 4
7 10 20
16 6 6
20 1 23
17 5 8
3 11 52
4 11 22
4 17 67
10 11 85
17 14 83
1 15 5
16 19 63
13 20 87
8 4 95
11 2 8
15 6 34
3 9 72
20 15 63
18 5 1
12 17 84
13 17 82
19 11 37
15 3 13
16 11 9
3 20 19
15 5 53
16 14 78
13 6 93
8 9 94
5 9 91
2 8 53
11 14 14
18 3 76
20 16 26
16 1 34
13 11 55
17 15 18
4 18 5
9 19 98
13 7 90
16 9 94
14 5 90
10 2 16
5 19 14
3 16 68
10 15 83
3 1 74
9 20 98
7 15 30
4 1 90
2 12 73
18 15 35
4 16 30
20 8 34
14 15 98
14 7 64
2 4 63
9 11 10
14 19 96
7 3 99
10 9 20
14 13 82
5 3 77
19 7 92
5 11 45
10 3 59
8 6 58
16 18 87
9 15 68
1 19 34
4 5 11
20 17 13
15 11 19
7 4 4
19 2 39
17 6 50
14 12 4
19 15 81
9 14 36
18 6 34
3 13 59
11 6 31
10 18 38
15 4 90
4 20 9
19 20 51
2 7 76
1 14 71
6 20 53
9 4 15
16 5 37
2 9 92
13 12 2
1 18 70
16 17 76
12 3 84
17 1 57
19 4 34
7 9 2
20 11 35
17 8 28
6 12 58
18 7 39
15 8 62
13 9 50
5 6 56
16 13 51
8 5 73
15 16 85
20 10 40
7 5 44
19 8 49
12 15 66
19 12 65
7 17 83
11 18 94
5 12 48
10 13 99
15 2 85
1 6 68
12 10 83
14 4 66
5 1 21
15 13 23
14 2 6
18 20 80
12 20 72
17 11 45
3 2 55
10 6 15
3 17 98
17 10 50
5 13 38
20 14 93
7 8 30
10 14 33
12 9 30
20 190 13
15 1 6
11 19 73
10 5 74
11 13 56
19 4 32
2 5 65
15 11 32
4 20 37
11 20 58
20 5 21
4 11 7
17 19 65
13 8 6
6 1 67
9 6 33
3 15 65
5 14 54
14 18 16
4 7 86
4 13 74
3 12 91
15 20 97
19 3 17
12 20 61
7 20 42
17 9 27
12 8 69
10 14 29
3 18 52
13 10 82
11 7 62
17 7 21
6 4 82
11 1 77
10 16 29
13 1 67
18 11 55
10 3 15
5 6 15
7 16 66
14 6 86
19 9 73
3 1 29
1 16 10
14 1 61
13 19 22
3 8 13
15 14 8
19 12 65
1 18 3
18 5 76
17 8 0
16 2 5
11 12 19
5 9 94
8 6 33
8 9 25
8 14 14
1 10 81
14 16 44
1 2 26
15 6 27
19 15 35
6 2 95
18 9 64
14 2 99
7 1 59
1 20 90
4 12 25
8 10 20
15 8 11
8 2 98
12 2 94
9 15 88
5 4 7
14 3 19
13 5 43
15 5 2
11 8 14
7 15 87
2 9 64
8 5 71
12 9 30
6 13 1
19 16 45
11 3 76
16 17 71
15 13 41
3 5 68
5 17 6
13 20 37
19 8 61
12 5 87
17 18 75
6 19 94
8 20 19
4 8 55
9 1 14
6 10 85
10 20 23
5 16 67
17 1 74
5 19 59
4 14 65
2 15 89
2 4 74
12 16 4
15 4 67
14 7 14
10 19 38
4 17 47
5 11 7
10 4 95
10 7 21
1 19 5
6 20 44
14 12 48
8 18 70
9 3 93
11 16 39
3 17 68
18 19 13
2 18 20
15 10 23
18 10 66
1 4 9
4 9 32
13 3 99
6 17 26
11 17 30
18 15 39
17 2 11
4 16 90
10 11 31
12 7 15
2 3 93
13 7 0
16 20 39
11 6 91
19 2 74
19 20 52
14 17 82
13 9 34
18 6 14
20 2 58
10 9 11
19 14 66
19 7 94
17 20 33
14 9 59
2 11 20
17 12 14
4 18 60
4 3 89
11 9 56
3 6 56
16 15 71
13 2 58
5 7 2
5 1 20
12 18 16
12 13 83
6 12 96
1 12 84
16 6 45
12 15 82
10 12 61
20 3 8
10 2 32
17 10 78
11 14 62
20 18 62
13 17 30
1 8 72
6 7 12
17 15 92
7 8 56
7 9 96
20 14 18
13 18 79
18 7 41
8 16 45
18 16 59
7 3 88
3 16 19
9 20 47
2 7 54
9 16 57
14 13 23
16 13 43
0
