6 3 5
1 3 69
5 2 14
2 3 18
6 7 5
2 5 92
1 2 48
1 5 3
1 6 56
4 3 15
1 4 83
6 3 50
6 11 5
2 1 42
1 5 20
3 6 0
1 3 81
4 3 52
1 6 34
1 4 22
4 2 84
3 5 93
6 4 97
3 2 24
6 15 5
4 3 82
4 6 22
6 1 4
3 2 83
3 6 46
4 5 34
2 5 99
2 4 63
2 1 69
5 1 19
4 1 45
3 1 7
5 6 82
6 2 22
5 3 45
8 7 5
1 8 51
6 4 4
5 7 25
2 5 84
5 1 78
8 2 84
3 7 73
8 14 5
2 1 10
6 4 74
2 5 95
3 5 80
6 2 5
8 7 90
3 1 59
7 5 95
8 2 50
5 8 61
4 1 91
5 1 12
2 4 84
8 1 23
8 21 5
3 4 80
7 5 26
3 2 88
7 3 88
4 7 9
1 3 50
8 3 23
1 2 52
1 6 0
5 2 42
7 1 76
8 5 79
7 6 34
1 5 0
3 6 40
7 2 29
3 5 78
7 8 8
6 5 44
1 8 92
5 4 61
8 28 5
3 5 24
1 2 70
3 1 94
6 4 81
2 7 71
3 4 12
2 4 33
1 8 31
3 8 65
3 2 18
3 7 47
1 5 4
4 7 17
4 5 88
4 8 9
5 2 59
5 8 24
8 6 11
6 7 39
2 6 20
7 8 93
1 7 35
6 5 86
2 8 94
3 6 35
6 1 73
4 1 13
5 7 52
10 11 5
5 6 87
1 4 9
5 8 91
8 7 35
3 9 38
2 9 34
8 2 41
10 7 63
6 7 27
2 3 31
6 10 18
10 22 5
7 1 27
10 7 71
7 5 13
3 9 32
7 9 75
5 8 95
4 7 3
9 5 80
5 6 64
1 9 95
3 4 38
6 4 15
4 2 77
9 6 92
10 9 43
9 4 31
6 2 24
6 8 88
5 10 36
10 3 13
4 1 57
9 2 86
10 33 5
5 7 99
9 5 80
6 4 44
5 10 93
7 9 27
5 1 83
6 3 91
10 7 79
6 7 43
1 8 81
4 2 27
8 2 9
10 1 7
6 1 76
9 4 16
3 9 21
5 8 39
4 7 61
4 3 30
10 4 44
4 8 91
4 1 8
8 9 66
5 4 5
7 1 44
8 3 20
6 5 13
8 10 5
1 3 36
10 9 75
1 2 59
9 6 92
8 7 9
10 45 5
7 5 36
9 10 90
4 7 5
4 5 58
4 9 93
3 6 75
1 10 19
7 2 93
6 4 55
4 1 46
8 7 69
7 9 58
7 6 86
4 8 75
8 10 99
9 5 43
5 1 23
9 1 60
3 2 84
6 5 82
3 5 1
4 10 9
8 6 53
9 3 54
1 8 75
4 2 83
2 10 95
6 9 4
1 3 58
8 2 66
8 3 44
8 9 93
4 3 21
6 10 6
6 1 76
2 1 28
5 2 43
8 5 12
7 10 92
9 2 13
10 3 24
2 6 51
3 7 82
10 5 58
7 1 99
12 16 5
4 1 24
11 5 53
3 12 5
9 11 33
2 8 63
4 11 2
8 11 47
7 11 6
7 12 5
3 4 42
4 5 57
6 8 35
7 4 84
9 3 77
3 10 65
1 6 41
12 33 5
3 6 47
6 12 81
11 3 23
2 10 33
10 6 20
5 6 61
2 8 30
11 10 61
8 7 9
3 12 42
12 9 6
5 10 87
5 3 63
8 1 64
8 11 90
1 10 0
5 8 83
6 1 62
9 1 47
8 12 5
2 12 95
2 5 85
3 9 56
5 4 15
6 7 98
8 3 47
1 2 46
10 12 32
2 4 69
2 7 97
7 10 77
3 7 40
7 12 99
12 50 5
4 7 73
1 8 74
11 7 90
6 4 54
4 8 56
10 5 53
4 2 82
10 9 22
4 9 21
10 2 37
7 10 2
2 5 59
9 1 67
4 12 94
4 11 29
8 5 5
1 5 93
3 7 21
9 5 75
11 9 82
8 10 49
1 11 3
11 5 27
11 3 42
6 10 5
11 8 76
1 10 72
4 3 61
7 9 47
1 3 37
9 12 26
10 4 52
5 6 90
1 12 99
8 2 60
4 5 45
5 3 1
10 3 85
5 7 7
11 10 66
7 2 79
4 1 84
1 7 50
12 10 68
7 12 23
9 6 23
8 12 97
1 2 6
12 6 16
7 8 26
12 60 5
10 12 18
10 8 39
11 4 46
5 1 12
6 10 0
9 6 8
2 5 12
8 3 28
1 4 34
5 6 22
2 11 46
6 3 21
7 1 21
7 11 23
5 7 16
9 11 36
3 9 46
9 7 44
12 7 33
9 5 45
4 10 19
12 2 32
10 2 39
5 10 6
5 8 37
1 6 16
10 7 26
4 3 25
2 9 21
7 6 42
8 7 34
3 5 49
6 12 30
7 4 49
12 8 17
12 5 29
12 9 37
9 1 2
3 12 24
12 4 43
11 6 24
6 2 45
5 4 9
12 11 33
11 1 12
8 1 11
5 11 43
4 2 40
4 8 18
7 3 24
10 9 7
12 1 21
8 9 17
7 2 28
2 8 15
2 1 4
2 3 5
3 10 25
8 6 33
4 6 39
14 23 5
11 2 68
9 5 64
8 6 66
11 13 58
13 9 13
3 14 75
3 10 93
1 10 36
4 8 46
5 1 39
7 4 19
12 1 32
3 1 57
12 6 21
4 1 83
7 13 58
2 7 92
4 5 48
12 3 78
6 2 51
9 3 36
5 10 84
2 14 90
14 45 5
5 4 57
6 4 89
5 7 54
4 11 18
9 11 98
12 9 89
1 6 11
10 8 30
8 13 67
7 6 49
13 10 6
11 14 48
1 14 2
5 10 72
6 14 70
10 14 22
7 8 9
7 12 39
4 3 88
9 14 46
6 13 94
14 4 96
12 14 53
6 3 93
6 2 77
11 1 17
8 14 41
10 6 14
1 5 79
3 12 0
6 12 2
2 10 72
1 4 62
7 9 3
8 11 72
11 3 38
4 2 82
14 3 81
14 7 71
9 8 85
7 11 52
4 9 97
5 8 58
5 14 29
9 10 11
14 68 5
13 2 74
1 3 0
7 3 37
8 10 71
12 8 69
4 13 90
7 14 39
4 7 49
2 7 78
3 2 41
4 10 73
8 13 26
1 2 63
1 4 86
13 11 87
3 9 89
12 1 38
14 1 48
9 10 99
1 5 24
2 4 50
10 13 66
11 2 4
9 7 12
3 10 44
11 6 46
13 5 58
11 8 47
8 9 74
5 7 92
1 10 96
2 9 9
5 12 71
1 8 23
10 7 68
11 12 16
11 5 63
4 11 34
5 6 45
14 8 14
6 14 92
6 9 57
6 12 8
3 4 86
3 12 10
8 2 70
5 4 22
10 11 5
8 7 76
11 7 39
2 14 3
5 14 8
8 3 84
3 11 55
4 8 0
8 5 25
5 2 86
3 5 41
10 6 56
14 10 77
7 6 56
13 7 7
11 1 39
12 14 75
14 13 0
3 6 18
8 6 83
10 12 11
14 91 5
1 14 99
13 4 52
8 5 86
5 11 57
13 2 95
12 11 9
14 5 82
11 2 58
10 8 42
12 9 89
11 4 82
8 12 46
10 1 3
1 3 51
5 6 12
4 10 13
9 4 71
11 14 84
8 1 25
11 3 37
1 7 83
4 8 39
5 2 5
10 14 57
6 9 22
7 13 45
11 9 61
12 4 55
9 13 14
8 2 33
1 5 65
12 13 21
3 13 16
8 13 20
13 5 14
9 5 62
3 5 46
8 14 21
10 11 86
8 11 58
4 1 79
8 6 95
8 7 33
13 14 38
4 5 87
1 6 23
12 14 2
5 12 37
13 1 11
8 9 37
14 3 21
13 6 87
5 7 17
12 2 25
6 4 7
6 2 89
5 10 62
7 14 35
8 3 60
7 9 22
3 10 71
10 9 95
3 9 34
4 3 56
14 6 62
4 14 60
2 4 6
14 9 84
2 3 57
1 12 12
6 7 0
4 7 26
11 7 29
14 2 15
3 12 18
13 11 48
2 1 8
11 6 3
2 10 76
1 9 76
10 13 83
11 1 70
2 7 45
2 9 44
10 7 22
7 12 44
6 10 60
3 6 27
12 6 57
10 12 9
3 7 35
16 30 5
1 14 15
8 6 5
4 2 79
16 7 30
2 9 72
3 9 7
5 7 62
9 13 58
2 14 95
9 6 3
3 7 33
12 4 27
13 12 96
6 14 64
8 2 61
8 15 91
13 7 83
8 7 6
14 9 27
12 8 31
14 4 3
14 7 1
10 15 34
9 15 57
6 11 19
8 10 22
6 16 6
11 8 33
6 4 99
1 12 83
16 60 5
6 7 86
11 1 25
11 16 11
3 5 69
9 16 56
10 11 41
9 6 76
9 3 59
13 16 27
13 5 92
6 8 5
7 8 63
7 15 32
12 11 3
3 2 59
5 4 52
5 1 28
14 4 88
1 4 40
15 11 59
13 1 55
13 7 9
3 1 12
6 11 23
2 15 75
8 3 85
12 6 70
13 6 25
5 12 59
6 16 84
6 2 67
11 5 59
4 2 71
8 5 16
12 4 13
6 14 16
12 1 4
11 4 30
15 6 83
10 8 50
13 4 61
8 1 42
15 14 57
6 1 68
15 3 5
13 15 36
2 12 19
4 6 94
16 1 45
14 12 28
13 10 79
1 10 0
7 16 46
13 14 42
9 1 19
8 4 10
16 15 36
6 10 55
4 7 78
16 12 53
16 90 5
16 4 80
8 3 64
12 3 99
11 9 80
8 11 50
9 16 49
7 14 79
6 10 88
5 7 60
1 9 30
13 15 30
3 1 29
5 10 10
5 9 17
10 2 31
10 12 0
6 14 23
15 4 84
15 5 63
10 9 28
8 4 41
14 1 13
5 11 82
6 4 13
16 3 16
1 4 29
9 2 70
2 8 96
3 9 36
12 8 57
7 8 60
7 10 25
4 12 7
10 13 66
2 13 82
3 14 86
6 9 27
14 10 30
15 11 66
6 7 90
15 9 21
16 14 65
10 8 73
13 5 81
10 11 66
5 16 22
11 4 32
4 9 98
1 15 58
16 12 7
5 3 52
4 7 64
12 9 67
12 6 88
2 1 99
7 13 47
13 16 74
5 14 32
13 14 0
8 5 8
12 7 91
12 13 19
9 13 14
10 4 82
12 1 22
9 7 24
3 15 21
3 11 28
1 13 2
6 16 70
1 7 42
13 4 56
15 6 43
14 4 28
15 12 61
2 11 33
12 2 35
14 12 64
2 16 83
15 16 49
13 3 83
4 2 91
5 6 51
14 2 79
3 2 48
2 15 90
6 2 73
10 15 57
2 7 88
9 8 86
16 120 5
15 11 95
13 5 6
7 11 14
1 13 40
8 7 89
1 3 58
16 5 30
14 12 60
14 13 92
1 12 28
7 2 7
7 6 6
1 7 69
12 6 5
14 16 83
5 6 5
4 6 13
9 2 5
11 6 85
1 14 77
15 4 43
4 14 22
2 14 15
6 2 37
12 8 24
6 16 48
12 4 85
14 3 81
4 11 83
1 10 70
10 5 67
12 16 85
16 10 16
6 14 89
10 3 15
2 15 5
3 6 62
15 10 31
11 3 10
8 5 6
2 8 55
7 13 53
10 12 1
16 13 79
5 1 46
9 15 8
15 8 91
15 3 21
8 13 87
12 3 92
16 2 13
9 8 76
3 7 54
13 2 49
4 8 89
6 1 38
14 10 65
8 16 24
6 10 11
3 8 66
11 12 56
10 11 96
11 13 74
6 13 2
9 7 6
13 3 83
15 1 63
10 9 40
4 9 84
6 9 96
13 4 57
1 9 37
2 1 12
13 10 54
8 11 39
16 7 31
12 7 8
9 13 12
2 12 35
10 7 4
14 9 28
8 6 3
14 15 86
14 11 59
6 15 57
11 9 43
10 2 37
12 5 52
9 16 2
1 8 35
2 5 76
3 4 7
14 8 33
10 4 43
15 12 47
13 15 11
3 16 19
4 5 77
13 12 30
14 5 23
15 16 15
3 5 21
5 11 85
15 5 77
2 4 99
11 1 54
8 10 97
1 16 68
5 9 18
11 2 93
1 4 45
14 7 26
16 11 14
16 4 75
15 7 6
2 3 42
12 9 1
3 9 58
7 4 80
5 7 25
18 38 5
5 10 15
16 3 97
16 2 35
6 4 18
5 18 96
14 5 84
13 3 78
3 11 46
8 5 21
9 15 96
1 6 51
4 18 56
17 11 85
5 15 3
7 11 99
2 11 17
16 14 45
6 12 81
11 13 43
5 13 85
14 17 25
6 3 85
13 8 53
3 15 1
1 15 97
12 8 74
4 5 94
16 8 64
8 1 10
14 9 21
2 18 26
17 12 97
12 4 73
13 16 71
4 2 1
8 3 19
5 17 18
8 9 13
18 76 5
18 13 39
14 16 6
4 8 79
17 10 52
8 7 75
12 13 72
18 3 15
18 4 0
9 2 58
9 18 45
6 13 9
3 1 17
16 11 22
5 15 97
15 10 22
11 10 89
7 10 64
11 3 57
1 18 89
2 10 69
15 2 8
11 2 13
8 5 97
1 15 71
12 6 60
13 8 88
14 3 89
17 18 78
16 9 0
9 12 60
2 12 37
4 5 63
4 13 73
12 3 29
11 13 94
5 1 82
3 16 55
5 3 25
3 17 48
11 17 87
2 8 60
11 12 89
4 9 26
1 6 39
7 4 27
7 1 34
12 10 57
5 10 5
12 7 69
5 7 54
15 18 75
2 3 50
3 7 61
16 1 88
9 11 68
12 17 21
17 8 14
2 17 30
17 9 38
13 9 40
16 13 12
10 16 18
4 14 44
3 10 22
18 16 35
9 14 74
18 8 66
8 1 89
8 12 68
2 5 62
3 6 87
14 5 38
13 14 52
10 9 27
9 1 65
7 2 99
18 115 5
2 8 39
14 10 29
5 10 86
11 2 91
2 5 12
10 13 95
8 10 6
17 9 9
2 10 74
6 9 26
9 1 11
6 16 81
17 18 24
16 1 36
4 14 83
12 11 27
15 9 9
6 1 80
3 15 49
2 3 96
16 5 71
4 10 63
5 18 98
10 12 70
7 5 35
12 4 63
13 17 48
6 12 22
17 1 12
4 3 36
6 7 83
4 9 67
4 6 87
13 11 34
18 6 90
11 8 6
2 17 62
10 17 64
13 3 37
15 5 18
2 1 28
8 1 92
16 8 28
8 15 46
11 5 8
1 7 66
18 7 55
11 7 55
5 9 95
16 14 74
11 1 34
12 18 8
6 15 89
1 4 41
3 9 48
14 3 53
8 5 27
1 14 69
3 12 10
15 1 9
6 17 50
7 4 48
13 7 5
14 18 29
4 15 77
5 12 12
12 17 65
12 14 28
4 18 86
15 18 82
6 13 81
16 15 45
9 16 5
3 6 42
8 17 18
8 4 53
5 14 91
13 1 23
10 7 16
1 3 61
7 16 18
10 6 4
4 11 80
15 10 50
4 5 11
12 2 0
5 6 97
2 15 37
9 2 41
13 14 74
6 14 51
14 17 8
10 16 84
3 7 88
11 9 17
18 2 68
14 8 39
17 16 34
9 8 10
5 3 15
15 13 60
2 6 51
8 18 83
8 7 6
12 16 73
14 2 53
10 11 75
18 11 28
3 18 61
13 2 48
7 14 22
7 2 46
15 17 25
16 3 67
14 11 47
18 153 5
2 15 40
9 3 7
10 14 6
10 2 33
13 12 4
12 6 26
7 14 20
13 1 91
13 11 94
12 3 94
15 18 34
2 12 9
11 16 9
13 14 49
4 16 63
13 7 99
14 11 5
8 6 58
15 7 45
8 4 31
11 4 25
2 6 74
6 1 76
7 1 46
2 18 66
10 8 71
18 14 82
18 7 56
3 16 16
2 8 88
11 7 41
17 4 36
15 16 0
10 11 48
3 11 98
7 2 77
4 13 72
13 2 81
16 18 49
4 7 72
9 10 68
8 18 68
8 11 6
9 11 48
7 5 73
2 4 6
15 12 65
1 2 26
5 6 99
11 6 99
14 9 76
3 1 95
15 10 91
10 17 86
3 10 39
12 4 93
6 9 20
9 13 73
6 10 49
8 17 66
15 8 33
11 2 21
6 4 49
14 16 35
14 2 2
15 11 24
7 9 69
12 16 70
2 17 54
16 7 66
17 13 12
2 16 26
6 15 13
17 7 47
11 17 42
5 17 93
7 8 13
9 5 2
17 16 97
2 9 96
2 5 89
6 18 26
13 6 67
2 3 82
5 11 16
4 14 22
13 15 72
13 16 62
11 1 27
8 14 81
4 9 29
1 5 1
8 9 14
15 5 45
5 10 31
1 10 9
7 6 56
7 12 37
8 13 81
16 1 27
8 16 80
10 16 65
18 17 77
8 3 54
16 9 20
14 6 69
1 18 58
6 3 21
7 10 45
7 3 12
15 9 6
1 9 76
14 3 58
15 17 55
3 5 73
18 5 35
12 1 85
16 6 49
14 5 22
1 8 19
5 8 80
5 13 36
18 4 68
16 5 1
15 14 27
15 4 7
17 12 28
12 18 24
14 1 35
17 3 31
11 18 72
8 12 90
6 17 66
15 1 12
15 3 21
12 5 75
1 4 12
9 17 41
9 18 44
1 17 86
4 10 90
10 12 64
3 18 73
14 12 28
13 3 94
13 18 26
11 12 52
17 14 82
10 13 84
3 4 70
12 9 70
18 10 55
4 5 28
20 47 5
10 1 54
3 17 34
10 7 37
15 11 90
13 11 89
14 20 75
4 10 4
17 9 8
1 15 44
19 6 19
10 16 90
18 19 79
12 6 15
19 20 50
16 12 65
7 5 56
19 9 92
6 7 95
5 1 84
9 5 97
4 17 65
16 13 89
17 10 66
16 15 22
13 2 67
13 6 22
4 9 14
2 10 99
9 7 58
1 9 82
3 11 95
20 6 3
14 3 65
20 17 37
3 19 68
5 19 16
12 7 31
17 14 63
19 16 76
3 6 24
4 18 21
16 17 99
1 16 95
16 14 69
16 9 36
19 4 43
4 20 63
20 95 5
12 3 39
12 7 50
18 2 49
4 1 14
11 17 15
20 8 37
13 18 26
18 16 47
20 3 83
18 14 16
13 5 3
17 12 23
20 16 15
14 5 45
4 5 32
17 3 59
12 6 22
20 9 21
11 20 61
6 17 29
7 17 48
8 16 19
10 7 87
7 3 85
17 18 88
8 10 89
13 1 36
12 8 9
2 8 70
9 4 0
14 19 0
1 2 60
20 4 2
11 5 39
6 3 27
12 11 68
4 12 57
14 20 66
17 10 51
9 15 38
8 4 26
4 19 31
10 5 37
11 3 3
1 10 89
11 4 39
10 18 57
16 5 60
2 20 50
10 6 93
8 13 98
14 15 78
1 16 31
8 17 16
4 14 42
9 16 7
4 16 41
7 8 74
15 13 84
10 15 95
16 7 28
10 13 65
12 20 44
14 6 47
20 6 46
5 19 30
15 17 2
9 13 58
9 3 97
20 5 46
10 3 43
3 5 43
15 3 15
5 9 61
10 9 55
2 10 95
3 13 86
7 13 61
12 18 48
13 11 9
20 17 80
11 16 8
19 3 51
7 4 68
7 14 15
10 19 85
8 18 26
4 18 69
2 6 39
3 18 75
15 19 79
1 3 99
6 5 27
9 6 74
4 13 56
20 142 5
11 15 52
6 18 97
8 19 58
5 12 96
4 20 54
7 1 77
1 15 22
4 8 27
2 14 53
4 15 60
19 10 12
3 7 61
11 5 71
17 15 19
19 12 25
5 14 55
4 11 42
17 9 29
8 11 81
14 6 42
13 16 6
14 20 31
3 17 32
17 8 34
8 7 25
1 5 13
10 15 7
4 3 36
12 10 49
18 7 67
11 9 86
10 11 29
7 20 64
9 18 92
14 8 9
6 9 45
16 1 14
20 17 26
14 1 99
20 12 95
15 8 4
16 3 85
13 17 9
18 3 70
3 12 15
17 11 82
15 2 43
14 10 1
20 8 93
14 16 97
9 7 8
12 2 69
9 5 40
10 17 95
4 2 10
12 7 52
2 7 35
14 15 81
5 15 22
1 13 50
3 19 46
6 13 65
16 18 25
16 15 75
19 1 27
19 17 33
19 15 26
14 3 56
6 7 73
17 2 34
15 7 81
15 9 37
6 2 30
19 6 52
20 11 19
6 3 38
7 14 13
15 12 71
9 16 21
20 3 14
16 7 67
13 5 4
8 12 33
9 19 12
8 6 3
1 17 26
1 3 39
17 18 55
5 6 13
3 15 96
19 5 8
1 20 20
18 14 46
18 15 40
2 19 32
12 13 33
12 14 96
10 6 89
8 2 28
11 13 5
15 13 52
1 9 27
8 5 17
7 13 51
7 17 48
7 4 38
15 20 26
2 16 94
8 16 98
10 9 2
5 16 27
4 10 17
5 7 69
4 13 46
20 19 83
15 6 12
4 17 22
17 5 66
16 20 41
10 5 18
16 10 49
17 16 23
17 6 90
14 11 2
18 13 49
11 16 69
20 10 94
19 13 93
18 20 35
11 6 51
11 12 66
11 19 58
6 16 67
4 1 36
4 9 81
19 7 48
2 3 2
11 18 29
9 20 60
12 4 47
14 9 7
2 13 94
20 190 5
11 12 90
3 17 39
5 20 93
16 9 96
16 19 42
11 2 45
10 3 68
11 5 67
3 13 26
5 6 14
15 14 80
18 11 19
8 11 45
18 16 70
14 5 49
16 1 1
19 9 87
1 9 34
14 2 19
4 17 16
17 7 54
7 8 7
15 17 4
12 7 8
14 4 31
15 9 3
3 20 86
10 1 58
13 19 74
9 5 29
14 12 88
8 6 93
19 15 67
1 13 44
3 15 64
2 15 34
20 16 66
19 2 18
18 13 65
1 19 58
18 12 77
18 5 64
1 5 63
6 20 24
7 19 66
9 18 42
18 20 12
16 13 52
16 12 97
19 8 93
9 3 38
13 11 65
8 18 40
7 6 37
15 16 72
13 10 73
5 7 29
7 14 3
6 1 99
1 8 32
13 9 90
17 19 74
2 17 3
15 4 76
18 14 62
12 20 94
18 1 11
16 17 59
1 14 90
1 2 61
7 4 5
3 14 28
10 8 90
8 15 16
20 8 83
15 1 52
10 2 2
5 17 92
4 5 70
11 9 28
13 6 67
4 18 29
12 1 0
18 15 38
8 3 56
18 19 1
2 3 72
14 10 0
4 2 70
12 13 48
16 7 69
10 9 73
20 10 30
16 14 88
17 12 43
20 15 45
2 6 53
15 10 10
15 7 26
8 17 48
13 7 91
10 7 50
19 3 47
3 4 8
6 4 52
4 9 22
6 11 25
6 19 68
16 3 71
14 8 34
10 11 60
1 17 22
15 13 81
4 13 58
12 5 63
15 6 66
15 5 52
3 6 21
15 11 86
18 10 8
5 3 36
18 7 11
8 16 80
15 12 66
10 17 72
3 11 3
2 20 99
13 8 88
10 5 95
14 20 71
9 7 97
6 17 3
7 3 94
16 11 24
8 4 79
13 14 55
5 19 77
3 1 43
10 12 70
10 16 70
16 5 52
10 19 91
8 9 19
11 20 88
4 11 97
17 13 0
11 7 86
14 11 18
5 8 53
1 4 43
13 20 91
11 19 4
2 13 58
9 2 67
19 12 1
19 14 97
9 17 45
17 18 61
13 5 24
9 20 94
8 12 42
16 4 10
4 12 74
11 1 24
6 9 32
6 14 46
5 2 34
6 16 19
9 14 30
4 20 6
14 17 86
16 2 72
20 7 20
20 17 65
2 18 65
4 10 61
20 19 71
8 2 95
4 19 91
1 20 44
9 12 66
6 10 21
1 7 61
18 6 0
11 17 2
6 12 10
2 12 67
7 2 73
12 3 85
18 3 49
0
