100 4950
2658 90 25
1937 56 4
3294 91 28
4124 3 74
2601 95 35
866 31 85
4235 56 19
1955 25 17
17 6 22
2375 12 77
1695 96 20
896 71 26
4970 41 99
3428 97 15
4932 59 95
2106 71 14
688 83 67
725 76 72
2508 97 21
3424 48 75
2600 100 89
4298 22 50
4368 98 43
4047 57 5
4326 8 38
993 84 31
2953 57 82
4724 33 90
829 21 27
2070 88 82
4049 11 29
4442 100 5
2145 44 20
4705 68 78
247 65 93
506 81 53
771 36 74
959 68 80
1730 27 20
4784 13 55
2201 41 88
2931 73 27
657 81 100
3282 99 74
1245 74 5
1380 4 25
2245 95 77
990 96 8
2989 93 57
4378 4 71
3448 5 80
2992 50 24
3942 22 31
736 91 83
1190 17 6
1892 48 42
852 79 87
440 100 29
1478 20 40
2171 80 55
1250 75 60
4541 5 49
2750 69 48
3336 12 6
759 1 51
4408 78 56
2001 80 21
550 50 15
4873 50 73
564 22 70
4211 23 55
2527 10 22
4108 21 77
1364 61 42
3541 79 89
3930 44 22
2911 22 54
4749 6 46
1547 61 71
557 58 27
1627 30 4
4003 14 21
346 30 62
2911 67 84
1312 74 85
2026 8 51
1166 60 98
1259 46 25
2477 40 99
4359 3 62
3794 14 13
513 50 52
898 48 35
139 35 77
4148 64 96
2764 24 68
2089 93 10
2406 59 1
1780 79 94
3619 36 27
65 50 6
3987 75 51
1162 71 55
4570 62 60
1089 31 64
1799 63 96
823 47 18
3629 53 92
4777 80 26
304 4 61
870 57 56
4159 61 23
2603 49 83
1872 35 23
1454 15 7
4884 38 65
502 8 44
4546 73 62
2307 62 70
4099 69 97
2901 68 38
1071 11 27
1908 4 60
2637 72 51
964 86 1
2550 30 77
2171 75 98
3837 88 73
3389 30 53
3617 7 77
1796 20 90
2052 80 38
3211 30 40
85 5 69
2058 25 52
543 29 13
3720 49 6
4260 86 13
54 35 45
3959 80 19
1368 47 91
3899 21 4
3546 100 60
2530 86 76
95 69 49
1361 29 3
4419 13 46
3989 19 45
751 1 9
1913 96 84
1925 26 92
2329 93 33
4966 7 27
4335 58 31
3814 61 2
4231 59 10
1463 97 92
542 57 89
3447 37 83
2220 82 9
3570 36 70
3485 60 48
1393 27 55
3075 59 39
2893 51 60
1239 50 8
4545 18 96
1875 42 23
1121 31 9
883 55 81
4786 86 81
2212 24 29
435 18 28
3637 16 29
3894 60 83
1775 53 13
1638 81 56
2533 24 47
4524 62 16
4533 10 6
2144 74 37
4967 100 61
1729 24 85
686 1 14
4122 86 96
3214 45 94
2057 82 15
4556 28 27
2419 91 48
1768 37 32
4197 71 25
717 19 22
1350 84 85
4553 84 75
3686 61 32
2912 96 81
2381 49 70
165 56 49
3154 59 67
4183 67 94
4700 12 22
3286 43 64
611 56 93
2899 2 34
51 64 99
2555 16 36
515 96 52
2286 26 9
2408 27 66
537 3 92
907 40 7
914 4 86
2939 94 53
4454 41 66
1094 54 6
242 35 27
3556 91 37
3284 96 95
3373 19 75
1814 32 12
275 7 52
2394 54 10
343 1 25
1101 53 38
331 44 90
2121 58 77
2704 53 46
2168 71 52
2834 71 75
4346 51 37
1117 61 97
811 94 32
1342 88 32
1103 72 32
1775 89 43
2058 73 39
4698 79 67
980 67 35
4150 73 80
2425 24 3
3482 85 56
1715 36 99
4076 80 98
1796 62 51
2534 98 32
3976 89 50
4012 71 17
4698 9 37
2040 58 22
3588 84 97
1701 30 26
254 72 58
1337 48 77
2607 79 15
3225 31 86
555 34 26
822 89 34
4369 33 36
2210 80 52
1542 78 88
1215 91 49
121 67 85
3727 46 35
3791 49 20
3244 17 90
318 2 4
4363 89 24
3630 82 7
903 99 30
1385 6 81
2940 13 4
353 69 75
1211 95 98
1294 91 72
1051 18 35
2569 33 16
1260 59 28
943 35 57
921 40 8
1178 64 46
3611 48 57
887 39 70
4692 77 11
534 12 33
3708 18 71
397 48 20
1356 35 64
2716 18 27
3819 94 1
1302 77 50
4510 56 33
817 38 98
275 49 53
3172 31 91
3533 82 94
2620 100 93
1729 62 21
2415 82 25
85 23 93
1260 64 30
2657 33 9
2116 63 40
1644 77 25
2542 38 37
4512 80 82
2397 100 25
3575 93 99
411 87 71
4167 21 99
3800 11 16
2692 68 42
3986 77 61
3448 34 43
2722 51 58
4153 25 97
126 27 6
1568 64 61
722 51 19
4764 45 15
992 87 77
3117 52 26
386 71 38
493 68 76
1117 78 27
1750 3 56
3053 14 43
2797 76 98
306 95 4
3734 24 34
3957 98 20
4547 77 51
1667 70 46
735 66 47
3797 1 38
2329 28 72
1947 6 79
2719 22 41
4554 51 79
2450 74 84
1948 38 82
1728 36 20
4498 97 49
1818 75 42
1208 29 32
207 69 3
3671 2 83
881 52 35
4654 8 25
2084 56 40
3341 25 92
2783 24 97
4963 18 80
1441 78 2
34 67 68
115 3 26
220 64 68
4229 42 35
3780 63 5
2837 6 39
438 63 15
2695 72 50
2122 18 15
1053 64 19
1871 79 55
4503 69 24
160 20 39
2022 43 50
1060 83 99
3614 77 89
775 15 20
4608 2 53
2949 22 71
2266 11 75
2044 23 20
3550 52 32
182 18 88
2701 55 38
3891 47 44
4626 38 74
1685 28 47
4608 69 13
2755 18 7
443 14 18
1234 24 67
2550 77 26
2208 30 98
2694 12 83
836 18 50
3145 63 56
4057 68 81
4186 23 47
2448 60 25
1514 60 65
2916 36 67
4762 26 78
2233 28 87
838 90 59
4217 34 83
1997 56 10
2684 56 43
1934 99 48
2912 28 15
2059 56 44
4831 59 65
3010 71 33
4069 19 84
3753 75 82
2877 70 51
3022 78 4
1605 85 3
2822 93 84
3297 63 39
2093 90 30
4742 11 8
2390 97 18
3561 15 26
1304 18 12
2442 72 49
1756 57 58
3652 71 31
979 15 53
4773 90 3
2417 71 20
2166 12 3
1478 51 88
3972 2 19
1932 76 91
4540 98 34
4859 82 77
4952 54 23
4626 54 9
4509 7 28
168 44 2
479 45 40
1849 42 1
638 54 32
3286 15 94
1164 50 66
3454 22 90
3670 78 96
2290 53 58
4911 63 68
4135 39 34
1089 80 41
2620 64 37
1040 80 47
1918 77 75
2807 39 87
2905 45 48
2095 90 10
1148 97 13
3471 87 63
3679 46 34
4639 59 40
3023 28 75
4221 33 18
1262 95 21
2322 31 70
3677 55 30
1517 21 71
1348 27 24
302 86 39
2500 69 90
2103 8 68
3894 73 45
2048 66 24
4359 68 72
1860 25 96
3876 85 92
2935 28 26
2022 35 41
1617 34 53
819 46 7
4597 48 67
4011 37 36
1048 29 79
209 63 74
2317 60 27
2567 32 2
1881 41 2
2462 87 4
1019 12 47
1401 82 89
3359 87 90
3487 54 20
3461 40 64
2771 90 55
388 10 36
869 68 62
1158 7 6
1419 10 25
1951 98 64
3711 21 11
329 17 5
3617 56 82
3619 56 30
3007 74 45
364 22 36
3568 83 90
1703 51 41
1020 14 95
4010 30 52
4364 62 83
4587 51 26
2080 44 50
4136 73 17
1573 4 32
1183 3 21
4009 58 89
459 60 76
1882 81 99
3935 76 100
2778 64 80
3772 74 91
2016 83 80
4625 8 69
3014 43 83
1082 70 16
4458 64 79
4051 29 53
3642 84 71
3385 54 79
1878 61 22
3064 2 13
1588 62 56
2195 62 81
3043 76 89
1102 4 64
393 63 91
2242 75 76
2265 19 73
179 59 94
1939 41 100
191 15 40
2900 36 14
4053 39 22
1827 2 15
2275 93 32
4393 21 58
2008 73 13
2267 91 24
1666 62 5
1299 50 47
4140 94 23
4107 50 71
568 54 43
339 15 90
3639 66 89
3354 67 88
4699 96 37
2704 15 98
2411 47 9
2374 46 71
4440 17 52
1468 47 89
3349 12 20
2448 83 93
4212 51 39
762 76 35
4531 61 84
1635 68 61
37 6 55
463 65 4
609 51 7
1496 49 55
1862 85 33
1441 78 21
3798 46 60
1033 6 52
1004 69 11
2612 27 31
4544 62 24
4389 70 10
4629 22 46
4092 24 43
2092 5 98
2380 83 76
2030 14 6
3109 1 24
4439 56 29
4523 45 9
2520 58 36
3997 44 48
2898 76 7
1271 30 13
1569 44 49
1195 50 38
1822 12 25
4655 34 10
2990 3 22
1277 12 99
740 79 34
1910 4 69
3737 3 23
1771 72 16
581 91 55
4634 63 64
4146 73 53
2760 30 89
3467 100 92
2610 40 22
1992 85 20
3045 53 16
486 98 94
435 84 7
1029 95 49
2199 100 71
86 59 22
881 19 21
703 82 98
4608 34 51
3086 71 13
3525 71 23
3878 34 4
999 55 64
1151 87 41
4928 73 35
2475 9 8
2556 7 72
1587 40 67
62 32 55
1868 72 45
4276 12 14
2944 50 13
4144 56 51
1462 28 25
2289 65 99
4373 53 97
2048 38 59
2861 100 1
1671 91 11
1294 17 58
4453 70 38
2349 50 76
2942 8 34
4674 66 77
155 99 69
1505 86 54
1075 47 100
3469 66 74
1332 13 78
3939 59 42
2526 20 19
4128 62 43
3790 16 50
1310 3 49
2400 69 27
3138 58 52
2038 56 18
264 19 82
1556 84 52
3832 82 72
2899 75 66
3154 99 59
626 84 89
3540 13 95
4614 61 6
3166 10 21
4382 53 74
3920 66 49
2710 51 14
2719 92 4
434 32 84
876 37 61
2707 6 9
2798 38 42
1896 58 93
4884 23 19
2152 64 91
3349 88 20
6 22 29
4857 69 59
2243 89 59
2052 35 25
1365 40 27
2729 61 92
1327 7 99
1650 70 55
3919 80 17
3730 77 92
2841 39 83
3772 53 28
2957 25 65
3012 94 78
1022 3 1
2553 15 33
2893 63 100
1735 99 37
4791 80 91
1329 39 23
1620 22 81
2488 36 50
4567 28 1
1790 43 25
4854 56 65
2902 96 23
1385 97 94
1777 85 18
3006 73 44
4329 69 85
4432 10 23
474 32 75
3801 87 23
3686 43 42
752 15 60
227 21 75
1358 7 42
214 87 78
1882 100 62
3706 14 73
163 14 100
1956 76 85
132 52 37
1308 27 26
2448 62 7
3932 89 64
4890 37 15
3091 46 63
4135 78 8
307 48 70
1772 38 20
1906 34 1
3329 14 66
1897 21 38
2333 75 78
2225 66 96
3916 51 85
2985 36 77
3310 24 17
4560 58 44
1544 14 76
116 5 44
3382 73 22
2604 4 93
1035 66 63
3248 85 49
3891 14 99
4936 3 10
623 94 47
1029 73 54
42 17 33
354 49 65
3204 71 79
1980 70 43
4341 74 10
1937 95 50
4730 54 77
995 44 38
1411 63 7
1413 64 22
3501 3 38
4310 66 94
423 11 7
1751 84 94
3738 74 40
3004 95 66
2587 65 68
1494 45 42
4673 3 55
2946 2 69
1679 80 60
2370 30 87
3389 10 8
1875 89 91
3654 54 67
894 11 58
2692 7 70
2852 37 86
514 62 99
439 72 64
4695 14 20
3187 24 20
3375 7 29
4935 79 85
719 99 55
3327 44 66
3209 9 57
2024 39 60
869 47 43
3024 51 100
1449 89 16
3942 46 10
2864 36 97
4524 79 59
3791 33 24
4339 23 86
3973 20 25
4308 61 19
2834 56 97
532 92 8
2350 45 95
3817 11 51
500 79 68
1718 20 29
4476 2 75
1741 71 19
750 4 76
731 28 81
1622 86 79
4541 47 27
1174 4 39
62 34 37
3384 94 93
3971 10 61
4510 25 33
1038 45 8
2369 38 26
478 22 8
2626 75 3
4679 3 89
2936 20 69
3564 50 12
1251 82 93
4849 100 17
902 4 23
3288 37 56
4697 42 41
1747 89 99
4873 6 29
4567 85 75
2976 85 42
4635 69 58
3933 54 7
4372 24 87
3288 95 88
1020 64 77
4399 70 9
3376 24 88
3488 27 17
687 35 17
3046 69 81
233 86 89
4073 92 47
139 73 65
4321 25 29
1251 83 51
2100 62 91
3068 1 18
1136 16 97
3798 84 39
3344 45 92
4800 73 83
2294 43 19
572 89 40
4266 84 11
1903 47 59
374 39 27
2347 5 58
731 32 80
4798 33 75
897 38 94
2268 21 69
2328 46 32
1248 57 15
1575 90 46
4824 72 63
150 48 56
3823 18 3
832 93 38
167 88 87
3608 8 7
3373 95 2
3272 44 100
2964 98 49
2997 100 97
2320 78 15
4548 26 6
4954 92 19
2660 45 49
4056 71 27
4088 83 13
3563 98 16
4048 38 63
1109 31 78
184 10 16
381 30 9
2325 36 30
4686 12 37
2086 66 12
1569 90 65
2437 54 71
1096 100 65
2222 37 94
1133 76 17
2634 100 72
547 93 44
489 79 100
3716 55 11
2849 79 36
2914 19 37
209 18 59
4380 68 87
3313 36 87
2333 17 51
159 30 86
2187 22 38
2486 29 67
3378 24 37
2222 23 45
4107 79 14
186 90 36
2571 73 70
1059 99 53
807 21 83
399 80 48
2547 10 30
3947 100 3
1649 2 20
2804 17 41
3506 71 98
4233 72 20
3413 42 11
4474 4 80
127 32 56
2889 39 15
926 3 88
2927 37 1
2265 92 22
3447 32 33
2159 55 76
3505 50 65
109 8 82
2102 4 55
397 31 62
3910 100 39
2415 67 55
1861 94 63
3439 6 24
2583 78 72
1331 14 74
4072 56 88
1532 97 98
2775 82 96
274 47 68
2546 53 59
1197 64 74
2527 91 20
580 38 45
3197 25 27
1962 58 15
4065 22 65
3714 84 99
1551 29 15
3433 88 80
1858 7 98
997 19 83
1433 65 1
4922 88 81
3655 39 13
1988 99 3
4558 58 74
3487 60 57
3868 76 62
2050 21 40
3346 58 84
1552 7 26
912 32 91
392 97 74
673 69 31
3875 14 39
85 4 15
761 9 73
594 20 10
2744 58 64
740 81 23
4667 52 72
4312 71 68
3164 96 89
4802 94 7
2738 49 41
1205 78 38
4482 100 4
1459 46 12
1577 55 48
4763 4 36
3131 14 96
1613 27 19
994 42 39
892 47 54
3356 65 35
3592 17 20
308 17 74
363 2 100
2403 54 91
2935 42 60
2510 28 14
4628 41 78
39 62 33
1307 68 32
130 88 47
4343 93 50
4464 52 43
4046 32 87
4843 7 34
1976 53 24
1125 35 31
3932 95 57
859 74 33
1594 55 85
1173 52 79
2232 29 74
2342 8 17
569 85 65
682 95 5
1718 45 54
1832 52 15
4507 52 73
814 98 73
414 30 1
4743 35 47
2939 25 68
2844 33 21
1786 49 38
2893 4 82
3634 52 59
1174 19 12
1403 13 8
4016 54 12
1504 24 42
575 64 45
426 2 42
2027 89 44
3638 33 84
897 78 89
3186 94 36
4443 57 20
3275 19 57
2581 42 31
2757 32 57
344 49 78
3307 66 57
1029 84 2
4951 5 36
2830 66 36
2692 95 56
2479 32 65
1618 6 8
4285 4 68
2622 98 22
298 59 75
2997 59 4
3394 41 92
1435 93 25
704 7 32
4324 53 17
690 17 18
2372 37 48
1488 31 30
2782 81 73
688 97 3
745 5 20
1353 55 28
2667 90 99
4898 2 63
4283 14 48
453 5 45
1759 86 11
4320 41 5
3052 51 78
1979 26 61
1764 45 14
2602 91 65
1662 29 83
1384 19 14
3777 33 19
1644 7 61
3447 73 23
4295 30 8
467 95 39
718 8 72
1423 15 72
1449 81 42
3677 36 60
2045 20 16
2059 1 36
1983 24 45
1205 42 96
1341 77 27
3117 46 15
753 5 67
4903 18 92
479 34 78
3518 22 74
3059 91 84
3492 87 3
119 90 75
3264 63 33
4284 44 24
3274 88 7
948 28 17
4024 49 60
321 64 44
4946 4 1
456 22 30
4507 17 29
489 31 99
4190 33 45
1880 29 48
217 70 100
951 45 58
156 52 85
1920 27 84
2729 19 24
2710 10 1
1459 57 28
2367 46 75
3095 15 83
4481 45 83
2381 85 70
3818 98 12
114 27 5
1409 14 58
3198 85 88
2715 92 60
4792 41 12
4639 81 52
2609 82 35
3563 84 23
3465 91 88
3629 72 38
3887 1 52
2947 18 98
4771 35 33
2761 53 51
3366 38 88
3723 27 46
4037 62 92
805 58 60
3390 74 50
240 7 95
416 96 58
4243 95 52
1299 86 62
4104 50 33
4518 68 69
4685 51 21
246 74 57
3788 79 38
1358 3 44
1361 3 41
3816 45 77
2633 97 81
2663 80 15
2945 73 56
4092 4 41
3920 12 34
809 55 18
1129 40 60
3326 33 26
1421 77 16
3158 14 60
3059 57 62
1629 75 63
2605 10 76
1065 47 20
4643 99 68
2072 71 32
1601 73 18
3446 25 85
3275 18 78
510 77 37
3035 92 94
2864 20 67
1605 90 52
1292 71 51
803 55 51
4428 59 61
639 22 49
1718 39 98
358 10 9
1597 18 84
79 100 88
1233 13 94
4772 97 87
1776 32 19
1434 3 51
901 50 63
3949 72 13
506 18 40
4410 38 27
1273 97 64
1604 45 86
369 23 60
1975 25 95
606 87 50
2378 97 72
1250 45 60
13 19 99
1896 40 49
757 30 42
1267 91 71
858 37 100
1189 66 48
4627 90 96
1788 69 76
4730 93 52
3306 24 40
1319 75 73
3098 57 85
1827 31 44
996 91 59
3186 56 55
1530 70 17
4875 48 47
4722 87 33
3089 67 86
911 58 80
2908 38 11
4592 91 18
3194 83 38
1415 93 45
556 42 6
3774 11 64
1119 23 48
2982 54 21
4235 48 33
1520 19 29
3688 45 12
4948 58 79
3756 33 91
3343 64 26
1785 9 21
3113 88 48
387 10 26
4575 22 63
3490 79 45
696 66 87
1262 79 60
4011 53 95
3969 22 95
607 60 84
4562 72 59
3624 49 29
1917 11 81
340 64 67
419 29 80
2834 57 76
1021 25 22
2097 8 32
205 94 41
1222 66 19
4423 91 90
3837 51 24
793 56 72
4184 71 96
4509 10 44
1511 14 77
502 6 44
4041 15 6
826 68 58
3434 82 90
2318 74 35
520 2 77
4035 34 61
3072 25 15
63 41 29
2188 58 94
1582 65 80
302 47 15
4003 87 85
365 91 5
88 13 66
4527 10 60
2342 39 37
2450 9 94
2860 59 25
1507 73 16
1117 8 27
4489 37 14
3354 8 29
726 6 73
31 25 16
4231 38 19
4798 64 18
1472 23 69
1060 48 76
1770 43 100
23 56 50
3374 4 62
3865 30 37
2303 12 55
668 80 13
2069 39 65
1810 92 50
4146 94 86
1309 35 24
598 67 10
2238 66 86
484 70 13
316 82 53
1362 21 29
1798 31 96
861 70 94
1405 40 46
1179 28 8
271 19 97
4165 3 84
1729 55 53
647 68 21
1857 57 63
1351 72 90
84 78 22
207 64 71
3907 25 63
907 48 13
2696 59 78
709 65 63
4332 25 37
3776 6 19
2420 2 85
2781 8 64
3410 48 31
2677 48 84
389 67 1
1274 69 12
2154 55 10
2491 58 82
981 45 68
2454 70 34
677 68 77
2922 46 26
1464 13 38
1552 99 96
3024 18 79
1026 56 68
1990 62 71
1368 69 37
2279 83 11
222 6 92
4434 100 21
3852 14 9
4046 69 17
3398 65 24
858 42 83
1234 78 90
3676 19 26
25 10 86
2472 85 64
1175 39 5
1336 55 72
897 52 78
4193 8 31
4257 22 82
1558 92 9
3704 61 47
832 4 29
2698 73 11
2511 75 94
2661 62 49
133 26 57
2476 25 5
3445 26 4
3960 36 100
1675 89 80
1521 72 19
3775 50 1
3404 39 40
1160 49 24
600 58 33
2169 67 21
1441 23 64
2279 22 17
3402 75 44
4371 23 8
4448 16 96
733 87 93
2259 57 65
33 65 29
822 33 73
2641 33 14
121 11 37
730 56 77
1856 35 13
3846 88 63
3315 77 94
427 89 74
1135 76 74
1651 11 33
4184 45 57
1313 98 89
916 86 57
1659 100 11
4009 53 85
2818 78 61
3831 67 51
2531 54 30
3362 81 4
3868 5 59
4188 16 30
1176 70 29
4879 8 19
2778 90 11
3818 19 74
3930 45 88
4886 100 34
4235 54 85
3791 52 86
256 36 26
4227 18 38
1967 57 6
1353 44 91
4363 14 41
3938 55 20
4522 58 66
747 19 16
1920 7 86
3836 33 69
348 72 11
3576 78 97
3799 6 77
2074 78 93
1103 19 88
2353 74 90
4346 49 86
1798 20 35
2043 80 20
4077 43 60
1233 2 38
2540 19 85
2608 48 38
62 36 38
2702 29 94
1135 39 54
287 47 41
500 94 16
4709 5 72
1565 22 96
2276 79 32
2561 61 28
4631 35 99
2128 47 13
600 73 68
2380 20 87
614 37 6
3136 76 71
1076 70 21
279 14 67
4252 23 21
3584 81 60
2162 79 47
3521 3 48
4017 93 96
1557 44 88
3144 14 84
2443 99 45
1006 73 76
1764 63 79
257 33 83
1069 58 4
4350 92 66
2333 87 53
4078 39 94
3279 24 32
2819 58 70
3945 93 28
767 37 63
1554 34 41
397 20 65
4904 27 30
2208 25 99
1591 54 40
460 84 63
3899 29 51
2940 96 61
829 83 5
2349 6 87
180 38 87
45 27 10
606 6 25
2254 79 49
611 30 60
2854 72 61
4640 51 61
3031 93 90
1328 64 59
4728 67 91
188 72 88
2459 95 75
2869 52 55
522 56 46
2342 64 62
1405 2 12
388 24 54
2779 6 66
2545 1 2
881 9 27
4595 95 54
1645 73 24
1002 29 30
895 46 28
3483 20 22
2019 39 97
2643 42 17
2541 93 14
4449 50 11
3928 88 61
3407 68 55
48 17 61
2025 6 91
1967 23 58
641 97 27
1123 12 85
69 93 46
581 94 64
3712 18 54
1462 58 65
4584 37 59
1599 65 43
4757 43 32
1454 59 51
4365 34 93
2901 4 11
419 69 18
197 54 100
96 78 74
4254 64 100
2303 40 97
4228 31 67
918 47 49
2257 39 49
1488 61 65
2024 5 54
518 5 53
2301 70 45
1705 94 34
2289 48 9
2439 61 45
2086 84 65
1873 11 39
146 91 79
1254 91 4
3757 95 44
643 9 40
2497 61 91
4878 3 15
2295 85 43
1087 23 74
3290 33 46
4014 87 19
2090 2 18
496 38 62
390 82 83
4069 39 82
3576 26 76
934 67 11
3670 82 14
2862 5 77
1719 13 10
1197 27 29
3496 43 53
4413 36 12
1185 1 11
4667 37 45
2977 76 2
3963 58 26
4561 18 4
1960 79 88
1608 12 63
2808 41 15
3151 58 38
4485 65 30
1672 7 47
2588 67 23
1577 22 55
539 67 45
4739 93 18
85 84 35
1744 8 26
1539 25 7
3481 69 28
694 98 44
4743 47 85
814 3 46
1440 73 66
3525 96 36
3848 52 4
1292 43 66
4357 73 77
471 98 33
2051 11 88
1515 100 9
574 88 40
2697 22 43
2293 31 18
664 49 43
3346 26 53
2841 62 40
3410 94 100
1002 3 43
2616 88 33
4763 72 35
2803 99 32
1885 17 97
4644 30 14
2174 23 44
335 70 30
808 20 60
1607 95 72
95 31 57
2345 1 82
4634 82 79
3234 85 35
275 36 82
4116 11 13
3313 68 70
342 82 91
980 42 78
3337 5 37
3206 96 28
1662 36 98
385 42 52
2867 15 88
169 94 73
2467 93 9
1630 97 4
4279 50 75
234 99 33
4067 34 68
14 98 79
2757 32 92
3666 15 73
2610 17 66
4828 56 67
3832 74 86
193 91 21
3852 1 99
2899 41 85
1202 13 90
3202 63 11
402 67 18
2798 71 53
154 84 51
1325 74 46
2238 66 34
3024 33 3
4915 52 64
4738 53 50
4641 42 67
1945 89 92
4210 29 77
2612 80 45
318 2 73
1844 42 91
2015 81 75
3827 35 3
3034 48 22
2767 13 42
4311 3 5
1171 100 82
68 77 49
4025 10 28
2757 58 88
1648 67 17
1789 67 98
4739 81 24
3006 82 52
1342 70 60
2825 77 28
4083 45 47
2469 47 65
2522 43 37
2951 16 51
3767 60 64
4504 87 55
3930 41 65
3327 9 3
3031 38 61
3010 51 36
4503 33 41
3264 47 29
4548 90 67
4322 58 39
1377 5 31
2311 75 93
1725 18 94
1831 20 56
1567 11 57
673 29 58
1095 9 38
4753 72 66
3954 76 44
3899 16 75
129 100 87
1142 12 29
112 61 52
303 90 66
2854 1 8
129 34 9
3717 68 41
2809 79 81
3386 28 98
3978 9 85
2655 38 23
1553 33 1
2701 84 98
595 37 70
766 60 72
2314 80 75
3373 34 52
3290 33 54
4192 38 12
2331 85 46
4718 85 98
3761 22 80
4198 49 75
679 92 57
1525 63 70
1113 96 94
3443 95 97
1882 93 36
25 94 42
639 2 86
2621 56 53
254 54 75
2677 26 56
645 17 23
4873 81 49
832 82 10
4154 93 47
985 78 16
1939 77 93
316 99 6
975 32 62
3618 75 30
2648 2 52
1377 21 46
1107 37 84
2141 34 82
693 34 65
903 95 60
4228 67 50
3664 76 3
241 63 30
4870 16 67
9 100 75
4234 78 20
2184 48 25
1654 40 29
3308 31 94
124 30 93
1428 96 98
695 26 23
4035 66 21
14 71 3
175 40 92
1451 21 90
3447 91 92
2570 86 61
4223 85 99
4589 43 44
1819 19 35
80 84 83
4115 32 25
2385 38 97
4476 89 42
4162 34 72
4671 58 9
616 79 41
293 67 25
4498 29 28
2144 72 3
4048 77 91
2647 82 43
1738 43 40
3209 36 44
2020 74 93
4698 12 97
2724 66 22
825 57 79
3654 37 89
3889 9 29
3455 7 33
1634 99 58
4803 40 13
2678 37 81
670 20 32
4590 2 92
3856 3 6
3964 72 47
3784 63 27
3538 28 100
4972 48 73
482 25 55
4664 70 95
264 12 21
4147 86 87
2144 35 10
2702 16 55
148 67 43
4370 39 18
3782 56 91
1150 59 97
3340 89 20
2232 31 52
2009 1 98
3692 49 23
2237 46 50
3328 82 26
169 29 86
229 46 55
3679 29 37
226 1 83
775 39 35
4731 9 7
3726 34 48
671 95 31
4701 86 53
3321 100 48
3021 89 52
630 7 64
2126 20 13
876 75 1
2470 61 67
1742 39 10
821 80 8
1595 63 55
3245 61 90
3010 52 56
950 56 39
594 86 93
2381 48 41
843 98 40
3644 70 67
1153 79 28
1994 69 78
4380 81 85
572 89 71
1907 65 89
1592 88 5
2512 15 17
1929 6 34
2246 41 73
3530 78 36
2116 18 74
1897 74 60
409 9 89
4313 82 20
341 24 15
1779 22 26
2867 64 92
4061 63 83
2143 84 56
4079 50 5
636 55 44
171 92 93
3876 7 79
3499 10 48
1571 44 26
2172 41 43
2674 95 26
825 68 33
3888 74 41
466 87 5
4430 14 52
2376 66 33
4391 89 7
2507 55 8
1341 6 58
2762 28 21
203 61 79
1806 47 6
680 56 94
321 29 96
1084 6 40
4635 75 14
2553 69 40
1161 11 41
4468 58 24
917 30 76
4071 35 88
1813 38 14
4095 47 5
2505 69 46
4522 98 9
189 75 53
2706 40 85
2009 23 99
3312 44 17
1075 96 91
4409 54 94
4636 28 86
2741 77 100
2097 65 78
4965 88 75
1614 74 6
1188 90 86
565 91 57
4422 28 3
3231 46 36
1257 56 6
2719 45 32
4666 96 67
1895 49 15
4839 27 43
2554 30 85
26 1 53
1108 28 54
3393 57 39
385 73 90
2540 19 39
4880 23 46
2908 73 97
4723 27 49
2731 97 63
1650 45 21
3555 63 4
2159 37 18
1581 58 61
4859 87 8
1046 100 40
595 27 82
395 91 97
3864 58 28
4544 52 97
2142 58 76
803 83 4
3270 2 14
72 2 70
3738 12 26
2811 22 13
1767 24 16
4534 2 49
2640 3 54
3610 6 43
4717 54 15
2398 36 13
663 18 8
2195 1 64
1114 46 96
3532 64 10
1640 100 98
2770 33 8
1863 55 5
1182 83 10
2817 84 57
42 59 26
2766 98 8
3260 23 90
3675 42 20
1279 91 68
2915 40 12
367 62 96
3093 66 45
2592 2 35
19 26 1
2831 34 88
3692 62 12
767 86 20
973 76 84
4774 40 14
1739 82 41
769 34 32
2389 50 59
387 69 44
1409 70 32
701 33 77
985 39 41
3196 100 7
3217 44 15
2563 78 45
4376 89 35
932 95 83
1429 59 49
2395 37 20
2066 89 45
3046 10 50
2706 14 49
17 17 54
3127 24 84
2935 31 54
3116 77 59
3837 9 52
3703 17 30
1064 34 71
972 24 94
4650 26 35
4501 25 62
4184 16 85
2641 28 68
3320 64 21
1751 81 15
4223 42 51
3593 33 92
2436 8 39
4216 12 80
3950 99 11
1151 54 53
444 27 75
3591 68 82
2533 12 9
2623 94 72
2910 79 43
3186 32 67
4376 31 63
550 96 80
4415 43 63
2355 38 52
3146 98 52
2646 96 15
1231 90 9
4394 55 69
715 43 4
4465 54 41
3009 4 84
2896 69 70
2630 63 18
1370 7 43
1442 47 78
4319 99 17
1648 21 48
1586 51 95
776 53 12
1454 67 34
1530 34 36
333 74 28
2155 16 64
397 23 82
3601 93 7
3448 31 93
1884 79 40
2105 67 9
2628 18 16
11 67 30
3065 72 65
2673 42 100
4657 98 83
625 97 45
2940 93 26
3563 51 40
2207 93 41
3007 1 60
1517 27 50
1504 48 62
3082 40 48
984 15 10
4409 12 15
1422 91 14
4306 51 99
1474 77 65
2372 12 60
1473 55 33
3116 95 30
14 1 61
3896 82 95
2838 41 13
833 57 29
4032 66 70
359 72 25
1448 17 46
3494 98 78
2673 74 7
1568 52 29
2211 34 25
2669 15 11
805 68 66
4068 25 64
4643 18 81
2928 17 21
3953 49 73
1028 1 27
4432 49 51
2299 73 95
3877 6 1
2542 92 73
3235 46 91
164 41 38
4092 8 86
3932 13 81
1130 79 22
614 37 35
133 84 66
4637 65 71
4553 29 10
3925 42 46
3898 63 49
4187 71 1
175 87 11
1278 76 99
174 16 81
1906 76 53
3008 25 40
4109 56 9
4223 30 12
1858 87 9
1652 51 5
1616 6 30
1201 72 46
3232 38 64
1137 97 30
4676 23 98
4321 68 51
3955 72 67
2218 47 22
1916 48 43
4863 35 75
1621 42 86
657 16 35
1604 100 55
4328 31 97
3796 87 15
1549 46 57
4169 84 80
1335 81 70
952 64 50
4717 26 85
2240 52 27
295 24 10
1108 1 70
2941 29 75
1854 2 45
3910 82 42
672 78 92
985 41 61
726 33 13
3841 12 13
2206 19 94
2105 44 92
3054 51 50
30 98 26
571 37 76
4675 81 71
990 59 7
2801 32 59
420 83 20
4709 54 46
794 68 74
4103 53 77
1025 62 22
1952 97 28
4878 35 1
170 68 54
4934 37 4
4838 29 82
2647 64 86
3023 81 19
454 18 62
4737 90 39
4769 73 30
1023 13 59
4749 77 9
2550 97 85
3200 77 84
1602 56 16
142 36 62
1521 38 40
3842 32 35
1536 62 20
4650 85 72
294 71 72
4370 48 26
1610 7 78
1388 41 32
3360 11 17
1558 31 25
1530 67 2
3669 7 14
1370 13 17
1275 77 81
4312 80 40
713 100 26
1608 67 13
544 50 42
1249 41 89
2990 13 25
4302 72 39
1391 51 25
2544 70 14
2114 68 52
1801 50 40
4008 9 79
3251 97 60
1099 50 28
2198 21 96
1714 16 6
273 99 9
4702 56 79
3908 36 63
1709 68 23
7 20 73
3123 77 96
2403 69 15
1491 38 96
1653 28 33
1209 70 96
4863 65 95
4544 35 12
2267 25 79
2138 4 79
1307 73 82
3058 92 54
1844 92 43
4864 35 79
3152 49 16
265 27 16
2973 11 76
1340 14 89
282 57 61
1030 30 21
1810 70 93
1870 40 86
3832 46 14
3723 41 16
1647 40 41
2045 12 65
3721 48 52
4588 62 45
2027 93 1
2882 73 29
611 73 34
4166 9 55
3171 79 1
2389 88 83
945 70 33
4241 95 6
4928 95 80
2176 56 96
756 1 57
3037 71 44
4419 62 93
4597 71 90
3234 67 78
3109 35 7
15 95 34
3658 32 97
4591 77 90
3390 46 9
1250 59 80
2262 68 10
4673 13 51
3345 28 94
3358 61 62
1535 95 100
3053 8 97
185 64 57
708 90 31
4624 18 32
1963 18 48
1481 62 55
1788 11 24
1525 25 91
3028 14 62
834 72 77
3957 28 30
3084 86 70
1973 30 57
3808 56 25
1486 42 84
111 11 14
4599 8 14
2201 51 43
872 96 4
4852 22 37
2439 92 59
2785 5 89
564 21 76
3074 50 32
492 61 70
3380 59 60
924 90 97
3611 76 42
1676 88 27
1034 33 65
108 81 90
2430 31 45
817 62 1
1482 23 95
3326 71 40
3051 47 31
4292 68 15
4797 63 23
4348 93 12
1303 37 92
0 89 6
3250 69 80
773 22 16
1809 41 56
836 40 87
4090 46 76
140 13 27
3343 35 54
1797 33 43
4747 19 55
418 55 15
2851 98 19
4733 85 17
1613 21 24
1979 34 81
3713 1 54
351 55 34
4934 30 5
118 51 10
1111 44 59
1874 87 7
731 22 21
3583 14 17
443 38 85
3739 46 98
2205 6 32
1903 30 100
2491 8 41
1932 38 73
362 16 4
3964 8 49
3331 50 62
3171 15 95
836 21 92
1086 56 11
2291 29 5
1003 20 8
265 75 74
1281 2 88
2937 71 39
1482 3 86
610 92 12
2099 61 5
2052 82 84
2102 89 15
2365 18 82
4617 5 46
2428 90 68
697 12 75
1275 95 55
541 16 74
640 8 36
1796 5 1
1369 59 76
214 65 45
1472 73 5
2637 46 79
4205 39 38
662 71 86
1274 25 75
4022 44 57
4284 63 67
155 83 77
2808 47 4
3045 61 85
2783 100 19
1028 68 9
2565 77 24
3850 33 31
2414 40 55
3549 48 68
3250 41 18
1730 56 24
4400 100 52
1529 18 77
2374 69 9
1829 98 54
1242 46 78
1989 28 35
1695 43 1
3614 86 68
1064 96 44
4319 98 68
1472 36 85
1638 59 57
1374 76 97
346 44 86
1285 67 28
4458 12 24
3725 32 14
1084 35 36
377 79 74
3433 28 5
4484 98 47
4358 59 21
1803 81 40
33 87 98
3921 76 34
1638 3 42
34 56 87
4290 37 44
1445 25 57
1305 47 90
2230 86 80
2997 34 90
3462 7 44
2452 39 96
1022 7 48
603 39 55
2758 81 7
1785 97 41
2760 41 67
2295 36 64
2674 3 7
613 17 57
1287 63 14
4382 1 74
333 49 30
4388 72 42
4356 57 69
2143 9 15
640 38 99
1243 79 26
2248 60 94
4178 100 53
4607 71 47
2398 93 42
1952 42 19
2904 93 76
171 13 15
1462 38 6
675 82 81
887 32 42
4256 57 18
1350 93 55
4063 92 86
711 24 61
3010 61 44
287 89 61
1728 55 97
3325 80 42
3996 20 75
1368 80 71
2073 79 95
4506 15 27
676 50 82
75 37 16
4512 84 49
3687 63 45
541 62 75
4590 83 56
556 50 49
731 19 31
1493 57 41
4233 51 69
2380 24 63
4887 88 59
1526 31 75
3629 84 87
3382 64 28
804 69 87
766 67 46
1442 8 60
2351 20 53
2040 40 52
1196 48 71
1580 50 29
2671 20 28
4363 49 21
4659 61 16
3470 56 99
714 91 2
2492 77 76
3 24 52
446 63 34
65 30 59
2792 13 26
2649 70 89
2995 72 4
461 12 31
1194 45 13
127 17 40
4559 9 35
13 48 81
1511 89 60
2286 65 26
6 50 9
622 21 41
2857 37 67
411 36 91
4508 90 19
2706 60 67
2332 57 72
131 24 46
3224 64 84
3997 89 75
3349 7 39
3021 30 7
3129 80 53
2793 38 17
275 39 32
4472 9 64
906 74 30
3059 20 41
2581 48 83
3246 95 11
2366 71 58
1360 68 22
1951 75 64
1855 47 81
3475 43 17
362 69 36
2263 91 23
4092 68 100
1351 56 15
449 32 11
2027 17 34
1276 47 25
2181 69 77
133 28 84
4801 97 11
1815 24 83
1886 1 69
3129 68 27
776 90 1
4414 90 84
430 91 51
4494 20 18
1624 55 47
879 2 8
1795 94 26
4339 69 29
1834 61 46
2377 59 14
1044 56 64
4073 8 76
4951 74 62
34 14 29
198 62 84
677 61 69
4482 94 81
3215 11 98
4100 9 19
2277 68 59
1818 34 56
3330 66 53
4745 48 89
1618 86 18
2202 74 44
2413 31 82
3750 45 36
4234 27 64
2288 92 65
4292 69 83
4464 43 94
1894 53 42
2997 3 37
2570 95 46
1159 44 34
59 39 69
2653 63 69
4024 89 51
3178 17 1
2085 8 75
918 12 64
361 51 94
1335 4 98
3350 78 48
1156 6 63
1546 77 52
1024 42 34
3136 35 53
1841 50 55
3592 30 35
1652 11 20
2050 86 41
1356 55 31
659 89 88
114 66 88
700 71 59
819 43 81
2694 90 8
1785 80 74
1197 91 87
824 93 81
2048 43 36
1671 75 23
2828 57 53
3260 12 90
4384 19 60
3055 23 32
1093 58 20
1011 79 13
2473 92 68
89 2 66
4064 40 11
1588 63 86
85 1 56
3177 5 14
1058 76 23
4670 39 79
1363 39 43
633 8 52
3597 68 30
1976 42 37
1238 84 50
1295 60 5
1449 48 17
4392 88 12
454 73 55
2902 15 22
2167 86 82
1799 81 64
1813 43 77
4234 7 19
3162 3 93
2854 82 62
1452 35 34
4921 65 2
3141 58 8
640 44 84
2047 12 89
213 31 60
3621 35 87
1075 78 58
2391 95 36
3440 98 2
417 33 52
740 21 82
1209 31 53
405 65 21
2382 99 94
4941 93 60
126 91 39
3445 40 61
1416 38 29
2586 84 26
1803 6 96
3422 73 40
493 78 32
4625 14 85
246 29 60
2975 1 63
1114 71 41
4600 70 59
3488 80 1
316 65 53
3078 46 92
255 9 96
4349 90 6
4446 52 94
257 31 29
3365 100 16
3018 41 77
2572 65 64
2221 47 95
3863 46 73
3369 2 22
2381 6 53
1670 75 40
3670 26 63
4026 48 74
1213 28 88
404 29 85
436 52 88
4802 88 30
496 19 49
1874 57 37
1205 61 50
2218 64 3
492 32 74
153 18 9
939 96 54
970 3 50
569 47 33
3772 91 45
224 92 56
202 55 24
2065 69 30
4694 71 30
2278 3 20
1487 78 76
637 46 66
2061 2 51
294 78 91
1728 64 39
82 7 2
2692 56 60
3098 55 26
1879 36 11
4197 74 95
4548 40 77
2144 40 23
428 50 35
1066 10 97
1594 71 10
4935 18 5
4772 83 64
2769 14 72
942 22 87
2082 51 87
3674 42 25
4012 96 7
2181 76 28
3399 39 16
3601 81 54
1962 86 6
1615 81 8
4078 57 12
4180 65 55
101 68 3
1286 55 57
3343 59 100
2606 13 16
3485 64 51
4785 33 29
4657 32 60
3132 11 5
1858 47 84
2207 50 31
2319 22 76
2647 97 65
538 49 68
2401 29 2
2869 68 40
3470 1 46
1446 2 96
1795 76 63
3079 34 62
1451 24 96
2903 76 32
1680 79 27
127 45 34
3454 2 9
2953 35 86
3015 40 94
993 92 20
143 50 54
478 71 16
3451 81 14
2530 92 69
258 4 19
56 98 61
1214 59 56
2612 52 16
1189 20 1
929 77 74
3567 78 99
4053 71 94
2266 48 90
1459 60 41
2979 94 85
2354 82 16
768 74 21
984 3 47
2056 96 27
989 1 7
1020 18 36
237 24 13
662 59 82
3532 24 95
1660 78 83
4880 90 76
2531 53 44
4389 46 88
1847 45 28
3804 76 66
1918 95 8
1558 69 42
2397 95 99
3085 84 72
2046 49 82
2844 23 36
1685 11 47
3758 30 92
919 9 11
1721 49 42
3060 90 28
3287 74 61
1601 94 61
4593 28 32
3370 61 66
2489 79 99
4464 10 17
3924 8 59
2409 1 68
4862 12 79
3716 46 65
4963 43 26
4626 45 87
2388 97 9
4343 62 67
4321 21 61
1365 27 93
2723 48 5
2539 34 87
832 92 52
2436 7 69
2381 95 89
2200 10 7
4366 43 35
2803 6 82
1295 86 91
2184 25 66
3629 51 6
1399 93 24
247 84 20
3664 61 12
1373 86 73
3656 96 76
1527 88 36
3198 80 51
1236 26 42
3783 28 95
4215 82 40
420 6 98
3921 67 71
2279 83 70
3364 44 65
790 22 23
3230 29 99
854 93 61
1273 89 32
1107 47 70
1775 31 17
2798 11 80
4194 95 27
1371 56 90
1146 19 78
2908 9 4
4286 22 91
3791 76 18
550 33 53
1848 34 14
1080 99 86
468 24 41
4821 59 15
3088 27 98
1165 4 28
3442 86 24
3721 3 66
4507 28 99
2390 61 18
1471 35 8
4921 23 41
4193 10 91
231 10 66
1525 100 49
1767 99 50
1030 69 16
4567 73 21
2768 69 52
1060 98 17
3635 93 79
1022 13 82
1376 53 84
340 88 9
2887 54 62
324 97 83
1193 13 34
3808 58 48
9 3 80
1576 63 13
3761 15 74
680 93 59
2861 56 23
4334 56 98
334 52 99
2477 84 78
2763 86 27
3517 12 11
108 55 36
3971 70 65
180 23 77
1737 36 73
1066 78 3
3693 88 92
3923 11 85
3106 15 99
3533 75 26
3222 47 37
4464 85 8
4325 67 33
982 46 45
4210 95 94
632 21 85
4293 54 26
4804 19 65
1740 32 77
3545 59 27
1666 44 19
3656 45 100
2616 64 53
2226 25 83
769 56 27
1960 3 32
556 33 37
4228 54 90
2870 83 46
2450 6 100
2896 64 76
2266 88 17
1744 85 10
1856 5 90
3320 47 96
621 27 100
496 85 63
3485 92 5
3704 1 95
2570 33 95
1832 13 89
2168 85 91
2036 16 87
4590 20 50
356 43 72
2764 54 51
1365 66 97
2272 2 89
3805 4 7
2544 71 8
2818 57 98
316 63 9
1425 43 86
1929 11 25
1533 25 70
2790 1 48
2120 43 10
154 78 44
2273 39 62
516 76 29
4097 9 23
24 16 7
4277 90 35
1211 89 63
783 96 55
539 63 21
2482 16 48
2984 6 72
1608 4 77
2923 74 81
3421 23 5
635 67 6
3642 31 13
3259 96 40
3380 59 31
2161 10 75
4737 38 76
41 3 73
24 36 56
892 73 78
1644 4 90
4336 42 54
1192 73 71
700 5 13
462 72 73
3862 65 62
925 89 21
4851 34 47
1893 94 65
1750 28 23
3791 38 34
4487 83 23
765 50 23
365 13 21
85 4 48
3629 69 14
4135 64 93
3062 60 71
4162 41 25
3331 91 58
2989 84 79
1213 18 72
3094 49 25
1030 98 13
1549 17 93
586 18 60
2447 59 74
937 22 88
2155 58 67
4618 27 44
1283 40 42
2653 12 39
3009 38 86
4909 46 77
3799 26 39
953 35 83
3412 68 83
395 74 82
1609 33 81
2690 93 39
1052 37 93
1614 81 57
4129 34 80
1692 83 79
3781 9 24
3085 44 46
2336 26 47
3887 99 10
4414 11 82
2843 84 12
3284 91 100
1323 16 92
3113 65 23
1597 90 50
52 40 2
3513 65 66
4364 57 47
102 27 90
988 64 70
1042 76 15
921 59 46
3962 51 57
3121 18 10
1623 13 54
4499 68 6
3369 50 37
2718 54 56
140 41 6
2123 43 68
4712 81 44
3498 33 44
4194 47 64
935 41 84
2944 28 73
3869 49 31
1849 1 19
4442 45 75
763 98 86
655 23 30
4762 65 14
3476 8 5
1101 82 76
727 68 39
3413 55 98
4541 58 55
2470 91 73
3626 75 61
2317 97 62
916 90 7
4745 70 74
1202 16 63
2282 45 18
2334 58 16
67 88 99
3877 35 55
3574 43 11
1982 90 94
807 60 16
470 50 58
694 37 73
96 12 82
954 10 33
2014 69 86
1954 18 75
309 70 90
195 54 37
473 45 3
334 33 89
606 95 92
190 2 37
3802 52 60
2647 75 83
4886 18 53
3235 31 15
634 62 80
204 45 90
242 14 27
1941 35 40
534 91 3
2460 87 18
1206 26 83
2297 77 19
4749 2 68
2946 70 99
462 78 57
4137 72 93
4528 65 48
600 72 96
4588 42 4
1537 44 87
603 6 71
2165 16 1
8 86 97
583 53 62
633 38 81
1468 81 67
4972 99 39
3926 30 58
460 76 51
455 23 80
2451 56 13
1625 43 57
4939 90 32
3589 82 33
3420 54 78
3025 94 4
2861 20 33
3060 88 68
283 85 90
622 35 69
498 60 73
686 45 98
3786 65 8
4900 77 88
2005 35 49
3157 83 86
2814 66 20
429 53 41
1142 85 37
3299 13 61
1120 40 28
3401 11 61
3660 53 27
1831 9 42
4054 84 86
2659 57 38
1547 41 76
1899 81 45
4264 15 38
2743 41 96
3277 27 32
2849 72 92
564 90 95
816 8 93
3143 25 80
4806 11 53
2116 92 35
355 66 11
3127 63 35
2370 77 10
34 77 1
663 88 43
2724 41 75
1044 40 16
2859 67 7
3259 14 88
1201 61 25
3108 50 41
2042 96 97
2311 37 46
1910 63 60
1770 92 28
1296 41 69
3515 28 44
3888 32 83
2643 41 72
1104 26 20
1260 80 61
4502 79 44
1574 36 2
3820 94 49
645 22 100
3030 37 58
1448 15 8
2777 70 15
4849 36 54
759 1 45
2209 45 56
1383 14 3
1633 87 83
4704 32 100
1240 26 11
2789 49 32
624 34 69
1958 43 45
4418 48 86
4772 24 48
3499 91 13
3579 24 64
2776 48 79
1052 3 81
1755 27 70
990 66 82
1423 70 41
4856 97 77
4357 10 81
4162 75 86
1741 21 52
4973 39 66
718 73 57
477 22 69
850 70 97
4266 79 66
4470 18 90
4536 31 36
4339 19 79
3032 9 59
3548 36 7
160 36 57
893 42 22
1664 35 81
3725 99 26
4242 66 51
2371 13 76
2243 2 58
3905 43 9
1610 58 35
2815 54 8
473 97 50
1676 74 43
2738 32 26
623 84 59
1176 23 16
962 52 51
1511 63 10
3363 57 87
2345 29 66
4219 17 26
2375 2 6
2063 1 13
1552 47 58
4098 82 54
2367 80 100
2810 86 50
4641 60 78
4247 58 73
508 20 63
4076 33 2
1483 68 7
937 3 61
2783 26 73
3444 17 59
970 55 86
2159 94 6
1419 63 44
2751 88 29
4946 7 91
2321 5 6
3983 95 16
1838 32 5
3859 34 84
4541 48 8
1837 82 71
1908 6 60
4973 27 80
4737 30 41
2600 95 61
3402 14 50
1294 54 72
1922 34 16
1311 40 90
2174 41 58
1516 79 97
3086 18 58
2941 19 34
3482 24 76
1255 24 26
3899 42 10
3725 99 67
1652 1 12
3406 2 54
2698 30 96
4376 36 9
2933 2 3
2116 92 84
2610 69 71
1811 25 88
3246 99 4
4305 52 39
3249 94 11
510 32 85
4261 99 66
1142 100 38
4260 57 33
2588 92 71
3853 48 12
4639 4 20
3661 54 84
1137 7 50
3498 73 4
399 59 55
4330 14 56
4587 54 27
1154 18 13
3413 44 1
2145 94 50
637 54 48
485 78 64
3825 59 43
515 62 37
3654 66 32
3035 96 59
1912 86 26
499 57 90
2870 41 45
131 47 62
2412 3 67
1428 82 69
2361 93 85
1035 5 99
857 48 72
1408 69 66
322 86 77
4198 65 98
2043 56 42
1342 37 40
2107 79 90
148 84 9
4280 38 4
2331 6 93
3223 17 12
1732 47 17
3643 70 19
1570 49 64
2708 65 6
213 5 34
4434 46 86
148 74 87
3697 32 96
2799 2 82
3330 70 84
1753 1 23
2927 73 1
2057 30 44
833 65 7
1922 66 62
4587 21 56
517 67 87
2939 16 15
2746 53 3
3632 39 48
1069 84 30
3077 8 3
2811 33 23
1715 85 34
4209 62 69
2233 6 88
1613 71 9
3773 59 11
1638 76 19
252 70 75
3969 16 46
2555 46 97
2293 44 32
2320 6 64
2198 96 75
2731 86 21
4217 1 49
3415 21 2
1780 46 81
2096 43 99
4650 14 83
881 12 59
3617 6 76
2334 25 54
1158 6 84
2203 38 91
4432 34 29
4573 100 15
401 12 52
854 80 81
201 93 69
4505 48 82
3485 97 54
1277 92 24
1656 9 28
2108 9 65
4615 98 81
444 19 93
3199 60 66
1636 16 66
534 47 36
1670 51 92
4543 22 60
847 97 99
335 58 10
2468 32 53
1878 64 14
1215 53 52
777 84 100
2848 30 46
136 43 90
1447 63 47
1658 34 57
2592 88 74
1735 87 72
999 23 66
1245 87 54
2306 39 80
1275 81 20
3990 12 27
1168 6 48
4436 67 74
880 13 57
2214 30 25
4834 81 84
2500 94 83
4878 86 5
4322 2 48
487 58 81
4641 80 2
344 16 45
2519 18 25
934 91 43
984 84 95
2996 20 21
1297 41 27
550 10 72
4403 69 64
2512 31 21
3368 25 24
3914 75 52
753 87 65
4808 81 9
319 39 47
3483 57 77
4284 5 22
1615 41 52
4878 31 7
4212 84 73
1086 4 3
821 70 23
2480 58 19
61 77 20
2194 9 51
1386 26 70
3509 19 59
127 49 17
3228 79 2
1387 6 69
1661 53 10
2710 20 74
3899 53 70
2606 71 12
2549 80 36
2584 44 9
4615 74 11
1483 82 78
1585 53 47
772 63 8
1997 54 34
546 16 90
1082 98 72
2305 32 82
3971 85 7
4110 63 42
2628 59 24
853 52 63
2188 26 25
4143 75 38
3941 100 73
453 58 95
4357 24 14
2153 46 89
4043 92 67
4541 97 67
1143 67 66
3901 15 30
3521 66 28
2603 75 43
4208 67 53
2753 99 8
2689 48 64
1758 72 22
3968 45 69
4738 85 48
219 85 77
1603 2 47
2981 41 95
4830 83 9
1534 58 59
1962 27 37
3582 3 25
1088 22 1
2074 2 50
2843 20 34
4123 72 99
853 42 33
3321 2 46
993 22 86
904 91 41
2944 97 75
448 27 57
1584 49 54
3123 100 35
4748 3 65
3866 54 60
2196 85 80
1977 59 63
2452 45 10
3894 91 75
3668 4 22
181 26 50
1117 64 15
1202 39 77
4773 16 14
3251 93 2
1852 63 53
1504 7 13
1096 3 57
2832 57 2
1956 5 42
357 28 70
860 12 43
4586 65 75
1675 10 14
2377 21 5
2524 7 5
3420 6 59
2717 86 15
219 83 53
601 5 65
154 93 48
247 80 44
771 13 58
407 86 19
1090 89 19
1701 77 44
3039 98 42
3029 24 7
2621 57 49
2902 67 89
2298 42 29
1094 66 55
2475 54 16
4174 78 100
3756 76 31
2160 51 65
196 31 72
682 27 62
3765 47 99
3317 79 80
210 39 2
1537 69 96
2409 41 36
2065 63 78
2354 54 59
2386 89 27
2067 91 35
4502 61 39
4735 46 11
1507 64 20
4340 13 93
4781 28 34
477 24 8
2690 52 22
2745 82 87
3829 44 70
2882 74 71
3485 81 89
4314 91 19
923 71 57
2283 84 17
2482 46 49
3774 12 56
2110 78 17
3310 78 25
4165 50 60
1116 19 95
1198 41 9
119 95 32
802 78 37
670 40 66
1452 26 14
1796 61 35
902 17 36
876 72 53
1056 84 10
2058 94 62
4854 89 28
4201 93 68
1210 5 40
594 23 14
421 44 14
2334 51 98
575 2 55
1759 86 85
4614 62 29
2097 100 67
3644 37 98
2483 40 10
1629 16 43
2201 14 78
202 60 28
4506 63 95
1076 17 96
4072 23 79
1617 45 96
1770 74 72
3187 57 23
187 70 87
2913 56 28
470 86 60
470 13 32
2785 64 54
151 6 13
1837 50 39
2859 71 93
928 89 17
4050 73 85
4854 58 54
1802 52 54
2098 49 9
1973 82 28
2020 70 79
665 14 25
1743 84 15
2006 50 68
17 16 80
2630 75 9
4613 35 66
1399 40 47
150 1 32
3424 22 28
4532 59 98
986 98 25
3810 47 8
4225 1 47
3823 28 16
1393 98 3
2222 31 77
450 17 72
4752 65 17
224 23 59
4500 93 51
2138 94 55
4828 56 75
4236 25 39
4042 78 1
2992 37 26
1590 23 53
497 74 49
4061 16 91
3239 16 84
289 31 14
876 8 12
4834 98 53
3225 82 99
3717 33 39
594 98 62
78 62 35
954 53 8
2798 91 8
1158 51 30
3559 69 10
581 85 58
1929 24 18
3605 30 82
1890 35 15
3840 87 76
3838 97 23
718 22 18
2545 87 26
1486 24 90
3759 36 71
1511 13 100
2976 9 53
3412 92 90
1740 86 12
3748 18 30
965 59 81
4620 75 13
2486 42 44
2684 16 68
1683 69 65
104 34 91
3069 63 17
192 72 21
881 20 45
2620 46 51
1999 64 73
623 88 50
1329 89 73
1485 73 79
364 62 9
1083 85 1
1392 22 84
1947 11 44
1 25 94
4972 67 26
4381 95 64
3294 1 72
935 49 26
3217 87 99
1423 34 49
1709 63 90
2589 24 75
1769 65 82
763 62 23
2734 37 28
4183 86 16
2549 88 23
2687 80 66
1672 73 12
1640 39 89
2940 24 2
3786 33 49
3613 88 62
3319 74 94
1503 72 37
1988 56 80
4705 97 26
3084 32 17
3894 50 79
3340 35 14
1704 41 64
2499 48 49
4463 65 67
3351 25 21
4903 27 74
2718 99 27
4243 72 23
2383 96 26
9 78 62
1962 24 98
1976 33 51
2465 46 8
2999 60 55
765 54 11
901 57 52
2464 80 70
4147 26 45
2471 25 69
4971 79 21
1449 77 70
3567 25 81
728 97 82
2849 57 14
3605 49 13
3806 98 90
4049 5 66
883 81 51
1141 35 56
4811 19 46
146 89 8
428 31 24
2637 41 90
3434 16 44
1265 36 86
4908 13 3
1246 28 11
1297 22 97
4339 89 4
1028 58 87
4535 85 95
3977 41 26
1682 27 92
2121 5 4
1915 71 63
2307 52 19
424 17 56
4918 41 44
2202 99 80
3834 19 47
1083 21 42
1356 85 5
4488 10 57
4228 95 9
1927 1 81
4500 98 92
1595 74 8
4247 90 2
1600 52 83
504 31 68
4663 69 98
1816 47 10
3552 57 96
3067 10 88
3268 77 60
821 53 93
484 26 2
1620 53 90
1978 61 48
3508 3 60
1849 35 29
313 15 34
986 93 54
618 83 55
1644 93 91
1987 24 28
3307 70 91
927 21 8
2692 67 77
3307 19 53
2187 100 66
3518 54 66
4973 96 33
4785 85 89
4766 99 49
759 16 2
2450 100 46
3945 34 77
1393 62 95
2351 29 55
2403 46 31
3567 65 42
2773 64 90
965 3 11
291 10 41
2482 20 52
809 34 97
325 92 83
4607 8 62
2584 37 13
1426 51 15
278 73 10
3128 95 38
2745 71 70
1305 89 22
2014 34 22
4260 12 100
434 20 9
3224 56 69
4364 31 43
4140 13 23
4743 96 65
1254 42 79
810 57 7
4710 36 83
1429 15 23
4028 82 5
536 80 30
2170 19 30
2521 25 36
2459 72 81
4710 48 97
413 86 56
953 40 65
3033 76 43
477 5 10
2644 88 49
2519 18 6
4096 95 71
3694 4 66
2042 2 60
3755 59 3
1319 81 17
4517 63 93
2868 62 89
2585 9 78
3909 30 50
1923 99 71
2974 56 100
633 84 46
2305 92 96
166 23 89
1802 27 34
1667 92 17
929 4 35
1773 11 35
1097 44 45
4557 78 39
3419 10 38
4017 29 63
3289 59 85
3605 45 59
4207 61 83
1946 18 26
3415 79 62
1196 43 23
4201 88 65
184 13 9
3837 59 87
1930 73 25
4054 64 17
821 16 76
2920 95 29
82 82 37
3536 57 75
1205 80 78
926 14 90
3042 75 47
2469 29 54
2922 18 49
3980 51 82
3727 85 71
1257 58 40
3158 69 95
1291 8 79
3895 39 45
1136 83 7
3937 72 44
3433 13 77
1296 42 66
2304 38 24
1793 16 9
3105 22 56
3512 84 1
262 69 73
498 43 20
2837 68 12
3592 8 42
3449 70 54
1722 16 42
2383 4 46
2565 27 87
307 94 69
2521 79 72
1985 92 55
3000 93 40
2907 67 19
3448 16 57
1634 38 77
2507 74 47
4025 66 52
4000 84 68
1418 42 95
2252 17 60
1933 74 92
4919 6 85
2768 51 96
4309 62 26
3329 51 18
4877 74 9
1962 51 48
1585 65 54
1718 12 81
4174 18 21
3633 30 32
1365 81 36
2167 98 41
654 32 48
4353 26 69
1693 99 22
4157 68 94
4402 27 23
4048 20 99
2670 2 99
147 55 1
2368 69 32
2134 49 61
521 72 69
1978 71 78
947 41 19
2732 83 8
4725 44 40
1421 62 2
2916 61 15
4154 92 10
2538 24 74
2577 8 37
1321 48 36
4219 48 94
2786 8 67
3650 76 80
2871 80 57
2522 81 29
4186 83 22
3042 76 33
1811 42 28
2375 96 13
1248 90 38
1737 6 78
3664 46 58
1118 42 58
180 93 15
505 90 37
3262 93 89
3023 4 17
1579 81 2
191 76 12
4230 39 28
2457 6 28
1112 61 76
798 11 62
4680 59 73
2261 19 28
849 87 43
3949 51 22
3987 69 100
2617 30 61
2744 88 57
255 18 23
2999 5 12
3889 77 79
1590 33 100
4878 30 39
2297 36 52
4974 71 37
2381 18 65
505 5 76
2510 39 88
435 24 60
66 21 1
3165 59 29
4958 45 25
3348 36 76
3446 74 26
4155 86 88
4491 91 26
4853 3 27
4943 52 45
3607 80 46
1128 89 10
3678 28 38
4955 2 31
2422 83 100
288 60 21
1922 66 83
336 86 51
4726 88 53
4702 49 11
38 95 78
901 36 32
2726 80 67
4893 11 68
2154 62 77
806 67 75
897 94 14
3799 97 80
2237 89 69
4755 61 99
2226 70 56
619 24 71
1196 84 45
2802 61 87
3564 10 95
1409 85 60
3584 77 99
2769 21 35
307 79 96
2660 15 21
370 76 94
1955 2 59
4338 25 23
3877 98 31
2339 63 61
3052 78 24
3490 77 98
358 36 68
647 21 34
585 79 69
934 19 11
1974 90 62
1172 67 76
4042 14 68
3439 75 15
592 63 3
1921 45 4
895 16 32
1487 85 66
2724 79 30
591 54 63
4146 19 48
831 17 3
2620 63 51
1780 5 94
1801 54 38
1734 89 25
3926 26 66
200 78 70
2705 68 35
3669 57 54
3891 5 81
2556 52 46
2618 9 32
2053 29 71
2491 10 32
106 54 4
667 76 20
131 30 20
1341 43 21
4550 2 72
577 29 68
3072 10 80
3423 52 67
1805 87 52
3092 36 24
2136 22 94
1162 23 34
2948 22 33
4127 95 67
588 71 7
2618 28 71
1194 52 47
4382 88 55
4195 30 38
1028 42 71
1051 76 1
678 78 55
3364 10 98
1621 6 21
2876 41 31
4708 41 1
3881 10 49
3019 29 91
1496 38 47
2657 19 69
1875 28 49
1549 32 38
371 28 85
4905 14 87
3254 29 64
706 13 87
988 96 60
1377 53 4
3748 24 82
4222 52 23
2320 33 40
1639 28 78
2646 96 53
3783 71 66
31 33 60
3093 47 67
4417 3 82
1702 31 61
1422 66 64
3961 31 51
3489 32 51
1838 2 64
923 89 53
423 6 31
3802 65 83
3286 25 76
3330 9 5
3496 88 37
76 7 75
2636 73 67
655 87 92
438 1 87
2480 17 37
295 71 45
4936 6 45
2947 62 17
4744 4 88
2636 84 69
107 72 29
2245 97 2
2016 100 57
3882 5 75
487 20 100
3402 34 40
711 5 70
2349 78 5
2352 97 6
783 7 20
4291 33 38
2603 24 57
4939 63 98
1168 57 50
915 62 59
4835 3 36
50 48 50
98 2 94
3705 45 51
1750 62 46
1392 88 93
1669 74 98
839 58 32
1469 60 90
3179 88 71
2201 16 31
492 62 87
186 95 40
206 46 39
3062 48 96
744 50 98
2941 70 88
1781 54 61
891 8 77
1202 93 35
4123 92 49
374 20 46
3261 92 34
2405 7 92
1313 69 53
938 79 78
3987 20 31
3168 92 80
690 3 39
3628 4 12
4243 76 88
4570 46 47
262 47 82
1008 30 24
1781 98 35
770 95 86
691 77 15
3369 99 42
2593 83 59
2657 94 12
1540 88 98
1267 60 82
237 53 60
3453 9 60
2027 32 81
4833 88 21
4832 91 15
1897 66 7
2056 17 94
1713 42 70
1926 69 74
2361 31 87
781 18 42
4453 74 96
2887 25 9
579 68 46
3315 40 1
4018 50 81
4492 31 81
4055 11 10
379 42 14
1555 62 13
1036 28 12
3783 95 93
4455 70 6
1549 89 97
4580 93 20
1875 17 75
3819 64 5
2064 78 11
4830 62 44
2168 67 44
1264 85 78
4598 97 20
1572 74 52
1641 26 81
2886 46 18
836 53 36
823 27 48
4564 40 36
4066 56 74
1254 4 31
1776 29 36
3264 30 2
3097 89 56
1126 90 89
4474 37 65
4536 85 96
1415 55 37
3290 95 17
3069 59 35
4462 34 96
3062 61 43
478 17 83
2011 21 7
210 91 1
1422 44 99
2470 99 98
4512 88 84
204 23 6
4709 55 45
1637 21 84
4438 30 91
92 77 22
1245 74 13
4567 95 3
3036 72 12
641 36 75
573 20 79
3729 3 94
4453 85 13
4127 67 22
4140 50 21
3699 79 17
390 7 73
420 58 90
1547 92 29
1778 58 63
1294 45 27
3591 14 97
1917 99 13
1682 83 44
3654 29 46
1348 76 81
4095 61 27
291 18 95
3518 89 83
1527 49 80
3423 44 4
2902 14 54
421 12 74
2463 3 70
3786 97 68
3375 23 37
134 66 30
2460 48 11
1806 42 90
4155 72 40
1907 82 67
2196 87 80
25 43 29
4812 37 31
4178 6 62
624 78 81
4644 9 86
2415 42 27
2911 35 96
1222 23 31
3256 10 96
1701 96 83
2432 31 73
3970 4 24
3229 44 51
40 57 22
3707 87 81
298 38 69
822 35 70
1940 97 29
4113 78 66
4853 76 49
933 60 38
2182 47 56
3835 81 21
2430 61 8
3158 97 44
3992 18 66
1069 66 8
1250 97 7
2919 95 76
976 75 87
3607 50 78
265 44 18
2488 83 31
4747 93 73
4840 45 29
958 31 28
545 19 18
4337 63 28
1689 11 65
3364 52 13
911 73 61
3748 57 97
1551 92 70
944 25 87
2957 96 11
534 12 70
3352 97 33
3287 18 29
2950 72 70
1547 43 5
3165 91 95
4175 69 54
4585 67 93
4166 97 71
4765 29 89
3851 71 2
3862 89 1
4075 13 65
3126 95 37
958 94 35
174 12 23
919 92 23
4597 91 60
3418 10 2
1878 4 70
1491 5 93
3735 100 50
4533 36 15
4297 88 97
230 13 28
3960 36 65
1459 38 5
2295 52 65
3794 17 86
3000 86 34
2574 41 83
1747 3 52
261 30 34
4920 63 81
150 40 31
325 6 33
895 55 17
4553 8 16
1217 4 50
455 91 98
4412 94 46
1901 21 44
3427 35 22
659 85 22
578 38 46
4291 99 24
4081 74 31
3217 98 93
2013 78 12
3493 44 82
2525 54 80
3968 26 90
4104 7 55
343 40 32
2844 14 22
3279 42 64
4456 33 5
3040 65 15
514 41 63
166 96 43
4580 67 38
3752 53 40
1458 1 58
1177 63 99
3859 94 21
2874 1 31
3974 17 19
1285 76 54
1041 79 65
2355 52 28
4092 55 42
4775 68 75
449 18 99
3324 13 68
1978 41 46
1387 65 28
2763 35 51
2018 63 19
3467 50 19
4770 56 66
639 74 73
1937 63 92
3553 74 51
4915 29 1
2497 13 44
1245 58 98
2406 7 49
2687 15 67
1892 35 6
982 94 80
1533 55 61
4192 74 100
3473 61 33
3229 71 43
4139 38 43
274 94 87
4191 29 26
2485 90 51
1924 2 43
2372 6 75
2106 23 78
2557 88 1
1997 94 27
2320 35 60
4703 34 60
3443 82 17
1542 55 21
4390 68 5
691 79 10
655 75 4
1456 6 80
218 15 48
396 85 100
520 87 60
4389 20 61
1755 18 83
2160 12 51
3030 89 11
1695 68 96
106 61 81
515 25 58
324 78 33
2428 10 87
2466 82 61
2984 45 82
1201 19 10
1437 77 80
1197 92 39
581 47 14
282 57 70
392 37 68
2743 99 60
4132 95 48
3955 97 93
1072 22 53
2285 12 91
4856 27 51
1448 31 32
1029 74 65
211 71 5
2353 73 99
1012 8 70
601 68 89
2877 28 48
4748 73 42
3266 31 88
4426 53 68
977 49 36
2779 30 81
85 61 36
2851 23 11
1934 78 43
4970 31 89
3444 54 83
1089 3 19
2540 3 40
3343 31 10
2886 5 24
2547 14 86
2257 15 14
1357 95 68
903 79 75
2398 28 41
3112 67 12
2221 15 71
3781 34 59
3007 9 39
2836 30 43
2435 17 77
3003 39 24
130 99 92
3034 10 78
428 43 28
1810 6 11
23 89 18
1406 73 8
3711 38 51
1744 96 49
1683 4 10
282 53 14
3576 36 28
546 4 14
4013 60 13
287 51 28
2299 30 3
4859 58 92
2140 37 66
3220 45 11
3951 68 26
2639 6 4
990 56 71
1136 60 61
67 8 88
53 40 26
4586 33 34
4902 57 83
4544 57 4
3955 75 22
3940 74 83
2073 45 30
4372 88 69
1305 10 100
1781 58 56
890 97 1
1567 5 15
2725 72 27
630 5 79
6 51 4
1431 1 96
1355 86 100
1103 22 7
421 80 33
2931 77 3
3021 21 37
3141 17 91
3003 4 67
751 16 93
2405 2 27
3180 38 92
3355 39 17
1069 49 58
2043 95 43
4851 72 86
2574 77 55
376 79 3
3283 21 32
1428 39 31
368 53 78
1502 89 36
4652 16 99
3291 29 39
1338 32 47
460 83 27
2424 55 41
2107 74 42
3416 77 78
4680 92 1
4248 17 50
1422 64 82
2554 8 57
266 92 48
2810 72 33
253 70 40
4586 9 22
1007 66 15
905 3 16
3125 4 85
3486 77 63
217 6 36
3199 33 86
40 34 99
3320 100 8
2823 16 59
3403 96 100
711 76 56
2047 47 97
3932 15 43
4645 65 31
1870 53 45
1526 81 91
2504 5 56
4438 12 44
3764 22 11
85 36 19
3486 61 53
2453 28 2
4258 57 67
179 72 24
4472 3 58
3582 29 87
489 25 19
4270 80 7
1415 57 94
110 98 29
376 17 45
869 96 87
4009 92 36
3739 58 97
3691 43 80
1157 34 64
1897 24 22
4103 23 24
579 96 3
1703 80 28
4914 82 92
1895 3 31
4923 53 91
818 5 2
1537 75 99
1503 25 38
1724 10 94
4314 92 31
3880 26 72
2098 34 31
1534 96 50
1442 16 17
3041 35 80
1466 29 90
2074 48 59
679 84 5
1443 13 84
1734 69 50
987 83 40
4072 11 60
4772 33 94
2428 11 79
4276 3 34
1223 32 63
3297 88 60
103 20 6
164 49 37
223 32 64
3759 48 53
2129 66 93
2564 54 19
4050 78 86
360 16 5
590 11 92
890 85 39
1467 73 43
589 47 42
3210 53 7
4068 96 73
1438 84 29
811 13 64
4905 10 62
3191 56 8
1966 85 50
846 4 74
1436 26 60
1613 59 33
4607 81 27
525 94 44
1677 69 47
155 30 83
2753 34 75
2792 23 100
327 87 47
2262 75 58
3199 55 84
1405 79 37
4862 45 7
950 52 76
4231 23 51
4221 42 92
2861 35 78
2263 36 42
3291 73 47
1130 26 21
3781 54 55
2950 45 50
2135 52 44
2889 47 76
793 61 29
4373 50 91
2831 27 65
4454 70 18
545 65 81
2889 83 6
1580 87 95
258 31 56
1717 11 71
4959 64 88
1817 66 59
3757 38 66
4811 17 2
3509 75 39
1615 14 92
2978 67 27
2076 12 10
840 20 68
377 47 30
1139 27 33
2705 23 85
4287 66 9
674 88 26
618 85 27
395 36 59
3823 75 92
3417 68 57
4041 98 70
1061 52 62
1410 86 58
2752 53 79
255 7 38
3636 83 58
4045 87 73
3463 62 19
4127 57 99
2611 12 87
1724 83 16
1833 78 29
880 83 3
374 56 61
1880 80 9
1527 58 7
4559 61 9
2948 19 13
3524 17 9
401 54 89
2842 88 42
330 88 90
2096 99 46
377 100 99
3465 72 30
3498 80 14
4846 39 1
130 100 31
1917 48 63
2844 93 21
4324 38 56
4423 30 33
2845 44 54
3415 76 92
3320 8 43
2407 35 71
2308 39 74
1165 21 57
1785 27 4
4016 44 60
289 70 50
2887 65 16
555 31 80
4496 74 55
3749 84 38
419 11 93
773 55 43
3246 92 15
3089 98 14
1100 64 87
1741 46 43
688 36 39
3695 57 40
1391 11 70
2749 35 5
371 80 63
1795 52 5
3594 76 27
1958 20 51
4120 45 85
2464 62 63
2112 70 52
65 37 60
886 18 34
1121 30 11
2979 25 44
2753 42 87
596 99 54
4553 81 95
1577 11 18
4018 46 87
3405 26 5
155 25 74
2950 52 18
1875 62 28
2975 38 16
816 44 29
1970 62 58
1614 52 10
3356 75 37
4856 12 58
2498 71 49
3607 21 47
2850 8 4
3993 14 55
2492 50 25
303 7 23
3894 75 72
3647 10 37
2165 51 73
4242 87 49
1068 37 87
3705 54 74
4544 86 65
4404 82 70
2469 35 44
914 69 67
3817 18 68
3835 96 5
2920 76 65
980 76 39
3376 94 88
1108 19 15
3509 22 32
2156 76 70
2847 8 84
151 97 37
4297 31 11
1900 43 69
2235 91 52
4738 12 96
302 27 22
1128 1 66
185 23 29
993 72 80
3703 11 34
1930 47 77
213 73 63
477 93 29
2046 45 76
4606 88 16
310 100 18
3377 83 81
2108 32 73
3165 21 36
2659 9 76
109 50 80
1781 85 15
660 79 16
670 82 85
4166 78 40
4728 19 96
2813 4 33
497 100 24
3826 19 40
965 44 39
1764 66 81
3557 48 87
2884 21 87
579 80 24
3994 31 66
728 43 13
2952 87 89
1881 43 18
3237 83 71
2792 5 19
642 10 65
3483 94 91
4135 49 93
1371 41 59
4239 94 30
3923 32 86
2914 32 15
3913 80 37
3733 13 92
2273 17 87
88 83 50
3593 42 15
1722 31 79
3145 16 26
4644 26 31
2285 89 38
1622 72 36
2281 88 96
4152 66 98
3983 72 89
2379 68 19
4469 86 47
3927 79 33
1004 17 68
4945 98 48
1629 49 12
691 62 42
768 97 5
3474 77 42
2602 47 16
1227 91 27
1304 47 51
2734 49 52
3403 11 2
2976 76 40
4048 44 85
4457 8 94
3409 97 42
4353 60 68
4123 7 56
4736 45 22
2496 24 79
3107 16 12
2711 46 82
1907 20 95
167 9 91
1712 89 49
930 53 37
889 21 98
1567 83 85
718 74 2
3458 70 24
969 56 2
2948 53 21
2401 2 23
4619 13 88
3810 59 86
1568 44 68
2560 38 35
1069 72 83
170 68 85
1207 14 61
1566 25 53
1008 91 40
1171 97 35
3100 81 92
1158 40 4
1178 42 57
1846 94 20
1241 46 48
4962 2 87
2332 79 76
2993 60 69
3599 62 41
62 63 82
1499 55 75
4316 37 7
1603 58 100
252 34 74
3848 26 89
3342 21 39
2474 17 7
2302 81 39
548 93 43
4938 25 86
4292 7 12
4472 95 12
1282 81 41
571 49 67
3834 48 30
1233 60 47
4703 64 33
2584 39 67
233 77 71
3775 84 40
588 70 20
1683 62 72
2975 60 7
2807 7 41
1481 72 9
3678 34 58
688 4 49
1207 59 20
4767 84 25
407 38 31
4897 99 91
4962 51 97
3174 52 11
472 97 43
4838 62 85
4940 90 49
47 55 89
2758 90 100
1440 43 84
4475 50 34
12 47 83
413 69 91
3567 12 42
488 15 1
842 88 54
795 2 25
2336 90 80
2371 93 80
3470 79 92
1428 15 62
127 37 41
3497 93 22
2475 91 66
2532 78 30
1106 94 89
442 58 43
2901 53 39
3991 28 83
3739 36 84
4935 16 21
1468 55 82