20 80 6
11 18 55
17 7 69
9 6 34
3 2 61
7 9 43
11 16 11
9 17 7
18 12 19
5 10 52
2 4 77
5 14 94
1 2 53
2 19 96
4 12 9
3 12 52
5 7 15
13 16 22
10 7 93
6 8 97
7 11 75
12 16 21
4 17 26
5 19 4
13 14 87
2 8 39
14 18 28
5 13 2
7 16 3
10 6 22
12 13 73
7 14 68
16 1 72
6 17 25
19 7 58
16 18 35
5 20 82
9 10 27
11 13 99
16 6 23
7 6 95
12 14 20
2 10 59
12 5 11
2 12 68
7 13 37
10 13 18
9 3 91
9 18 62
6 13 20
11 9 63
16 17 5
20 9 69
11 2 18
15 10 76
1 15 66
2 5 2
2 17 24
4 14 29
4 6 94
10 20 56
19 13 42
5 6 60
1 8 41
9 5 69
9 8 83
18 3 59
3 6 64
12 1 17
3 19 64
5 18 72
15 19 7
15 9 58
17 13 28
5 3 25
3 17 90
8 4 56
3 13 38
11 5 52
13 20 85
1 6 53
